0.0000E+00,1.33611E+15,1.52992E+15
-2.0000E-02,1.64197E+15,1.86071E+15
-4.0000E-02,1.98056E+15,2.21381E+15
-6.0000E-02,2.32076E+15,2.58422E+15
-8.0000E-02,2.67981E+15,2.97347E+15
-1.0000E-01,3.06962E+15,3.39504E+15
-1.2000E-01,3.48317E+15,3.85267E+15
-1.4000E-01,3.92586E+15,4.3559E+15
-1.6000E-01,4.41574E+15,4.92005E+15
-1.8000E-01,4.93867E+15,5.55146E+15
-2.0000E-01,5.50289E+15,6.22404E+15
-2.2000E-01,6.11908E+15,6.95963E+15
-2.4000E-01,6.77242E+15,7.76147E+15
-2.6000E-01,7.48698E+15,8.63409E+15
-2.8000E-01,8.2444E+15,9.57224E+15
-3.0000E-01,9.02958E+15,1.05676E+16
-3.2000E-01,9.87811E+15,1.16236E+16
-3.4000E-01,1.07997E+16,1.26839E+16
-3.6000E-01,1.1702E+16,1.37813E+16
-3.8000E-01,1.26768E+16,1.48962E+16
-4.0000E-01,1.36566E+16,1.59599E+16
-4.2000E-01,1.46135E+16,1.6953E+16
-4.4000E-01,1.56087E+16,1.78671E+16
-4.6000E-01,1.65871E+16,1.8714E+16
-4.8000E-01,1.74718E+16,1.94037E+16
-5.0000E-01,1.8358E+16,2.00942E+16
-5.2000E-01,1.91152E+16,2.06149E+16
-5.4000E-01,1.98272E+16,2.1108E+16
-5.6000E-01,2.04546E+16,2.14908E+16
-5.8000E-01,2.10137E+16,2.18078E+16
-6.0000E-01,2.14593E+16,2.21173E+16
-6.2000E-01,2.19004E+16,2.2411E+16
-6.4000E-01,2.22566E+16,2.26645E+16
-6.6000E-01,2.25864E+16,2.28457E+16
-6.8000E-01,2.28299E+16,2.30839E+16
-7.0000E-01,2.31005E+16,2.33271E+16
-7.2000E-01,2.3333E+16,2.34771E+16
-7.4000E-01,2.35667E+16,2.3681E+16
-7.6000E-01,2.3714E+16,2.39505E+16
-7.8000E-01,2.39297E+16,2.41009E+16
-8.0000E-01,2.41435E+16,2.42202E+16
-8.2000E-01,2.43164E+16,2.4355E+16
-8.4000E-01,2.44877E+16,2.45447E+16
-8.6000E-01,2.46626E+16,2.46643E+16
-8.8000E-01,2.48423E+16,2.48925E+16
-9.0000E-01,2.5002E+16,2.49847E+16
-9.2000E-01,2.51289E+16,2.51446E+16
-9.4000E-01,2.53022E+16,2.52869E+16
-9.6000E-01,2.54166E+16,2.54644E+16
-9.8000E-01,2.55589E+16,2.55843E+16
-1.0000E+00,2.57006E+16,2.56809E+16
-1.0200E+00,2.5809E+16,2.58743E+16
-1.0400E+00,2.59707E+16,2.59872E+16
-1.0600E+00,2.60581E+16,2.60922E+16
-1.0800E+00,2.61561E+16,2.62216E+16
-1.1000E+00,2.63228E+16,2.6411E+16
-1.1200E+00,2.64145E+16,2.64939E+16
-1.1400E+00,2.65887E+16,2.65617E+16
-1.1600E+00,2.66665E+16,2.66899E+16
-1.1800E+00,2.67886E+16,2.68688E+16
-1.2000E+00,2.6903E+16,2.69153E+16
-1.2200E+00,2.7079E+16,2.70245E+16
-1.2400E+00,2.71462E+16,2.71638E+16
-1.2600E+00,2.72401E+16,2.72191E+16
-1.2800E+00,2.73786E+16,2.73639E+16
-1.3000E+00,2.74542E+16,2.74628E+16
-1.3200E+00,2.75553E+16,2.75531E+16
-1.3400E+00,2.76981E+16,2.7644E+16
-1.3600E+00,2.77794E+16,2.77529E+16
-1.3800E+00,2.78339E+16,2.78342E+16
-1.4000E+00,2.8027E+16,2.79872E+16
-1.4200E+00,2.80124E+16,2.80198E+16
-1.4400E+00,2.81386E+16,2.81412E+16
-1.4600E+00,2.82974E+16,2.8307E+16
-1.4800E+00,2.83773E+16,2.83753E+16
-1.5000E+00,2.8432E+16,2.83648E+16
-1.5200E+00,2.85049E+16,2.846E+16
-1.5400E+00,2.86459E+16,2.85492E+16
-1.5600E+00,2.87187E+16,2.87249E+16
-1.5800E+00,2.87969E+16,2.88097E+16
-1.6000E+00,2.88775E+16,2.88063E+16
-1.6200E+00,2.89827E+16,2.89442E+16
-1.6400E+00,2.90553E+16,2.89976E+16
-1.6600E+00,2.91538E+16,2.90815E+16
-1.6800E+00,2.92184E+16,2.9191E+16
-1.7000E+00,2.92806E+16,2.92456E+16
-1.7200E+00,2.93198E+16,2.93024E+16
-1.7400E+00,2.94343E+16,2.94638E+16
-1.7600E+00,2.95092E+16,2.94573E+16
-1.7800E+00,2.96152E+16,2.95527E+16
-1.8000E+00,2.96825E+16,2.96366E+16
-1.8200E+00,2.97114E+16,2.97109E+16
-1.8400E+00,2.97477E+16,2.97697E+16
-1.8600E+00,2.98585E+16,2.98483E+16
-1.8800E+00,2.98985E+16,2.98695E+16
-1.9000E+00,3.00989E+16,2.99716E+16
-1.9200E+00,3.00622E+16,3.00511E+16
-1.9400E+00,3.00809E+16,3.01039E+16
-1.9600E+00,3.0194E+16,3.01526E+16
-1.9800E+00,3.0231E+16,3.02185E+16
-2.0000E+00,3.03725E+16,3.02976E+16
-2.0200E+00,3.03589E+16,3.04242E+16
-2.0400E+00,3.03663E+16,3.03847E+16
-2.0600E+00,3.05182E+16,3.05168E+16
-2.0800E+00,3.05802E+16,3.05715E+16
-2.1000E+00,3.05983E+16,3.06E+16
-2.1200E+00,3.07241E+16,3.06221E+16
-2.1400E+00,3.06877E+16,3.0768E+16
-2.1600E+00,3.07908E+16,3.08183E+16
-2.1800E+00,3.08656E+16,3.08405E+16
-2.2000E+00,3.0964E+16,3.08635E+16
-2.2200E+00,3.09654E+16,3.09841E+16
-2.2400E+00,3.10625E+16,3.10369E+16
-2.2600E+00,3.1053E+16,3.10892E+16
-2.2800E+00,3.11544E+16,3.1157E+16
-2.3000E+00,3.11517E+16,3.12206E+16
-2.3200E+00,3.12115E+16,3.11752E+16
-2.3400E+00,3.12956E+16,3.12672E+16
-2.3600E+00,3.13108E+16,3.13108E+16
-2.3800E+00,3.13563E+16,3.13381E+16
-2.4000E+00,3.14567E+16,3.13229E+16
-2.4200E+00,3.15508E+16,3.14703E+16
-2.4400E+00,3.14872E+16,3.14903E+16
-2.4600E+00,3.15632E+16,3.16099E+16
-2.4800E+00,3.1636E+16,3.16227E+16
-2.5000E+00,3.16423E+16,3.16564E+16
-2.5200E+00,3.17191E+16,3.1727E+16
-2.5400E+00,3.17801E+16,3.16788E+16
-2.5600E+00,3.18376E+16,3.1767E+16
-2.5800E+00,3.18989E+16,3.18419E+16
-2.6000E+00,3.18731E+16,3.1857E+16
-2.6200E+00,3.19626E+16,3.19717E+16
-2.6400E+00,3.19711E+16,3.19766E+16
-2.6600E+00,3.19448E+16,3.19225E+16
-2.6800E+00,3.1995E+16,3.20348E+16
-2.7000E+00,3.20952E+16,3.21056E+16
-2.7200E+00,3.21005E+16,3.21812E+16
-2.7400E+00,3.22224E+16,3.21767E+16
-2.7600E+00,3.22328E+16,3.21703E+16
-2.7800E+00,3.22026E+16,3.23122E+16
-2.8000E+00,3.22929E+16,3.2271E+16
-2.8200E+00,3.23283E+16,3.22587E+16
-2.8400E+00,3.23571E+16,3.23591E+16
-2.8600E+00,3.24071E+16,3.23439E+16
-2.8800E+00,3.2336E+16,3.23986E+16
-2.9000E+00,3.24527E+16,3.24162E+16
-2.9200E+00,3.24608E+16,3.24681E+16
-2.9400E+00,3.25164E+16,3.25315E+16
-2.9600E+00,3.25537E+16,3.25425E+16
