0,3.32867E+15,5.87557E+15
-0.02,3.85506E+15,6.13793E+15
-0.04,4.20375E+15,6.33926E+15
-0.06,4.58891E+15,6.5415E+15
-0.08,5.00262E+15,6.76311E+15
-0.1,5.45059E+15,6.95466E+15
-0.12,5.90247E+15,7.14881E+15
-0.14,6.35371E+15,7.3541E+15
-0.16,6.80156E+15,7.53142E+15
-0.18,7.21902E+15,7.73705E+15
-0.2,7.604E+15,7.92966E+15
-0.22,7.94796E+15,8.12705E+15
-0.24,8.26484E+15,8.32938E+15
-0.26,8.55212E+15,8.53656E+15
-0.28,8.81172E+15,8.74564E+15
-0.3,9.04483E+15,8.96609E+15
-0.32,9.27699E+15,9.17493E+15
-0.34,9.47757E+15,9.39032E+15
-0.36,9.68346E+15,9.61331E+15
-0.38,9.85766E+15,9.85554E+15
-0.4,1.00366E+16,1.00917E+16
-0.42,1.02127E+16,1.0346E+16
-0.44,1.03788E+16,1.05731E+16
-0.46,1.05458E+16,1.0829E+16
-0.48,1.06618E+16,1.10676E+16
-0.5,1.08418E+16,1.13284E+16
-0.52,1.09705E+16,1.1598E+16
-0.54,1.10953E+16,1.19149E+16
-0.56,1.12383E+16,1.21734E+16
-0.58,1.13739E+16,1.24848E+16
-0.6,1.15036E+16,1.28169E+16
-0.62,1.1638E+16,1.3124E+16
-0.64,1.17558E+16,1.34515E+16
-0.66,1.1845E+16,1.37993E+16
-0.68,1.19668E+16,1.40843E+16
-0.7,1.20838E+16,1.44508E+16
-0.72,1.22259E+16,1.47756E+16
-0.74,1.23083E+16,1.51693E+16
-0.76,1.24191E+16,1.55745E+16
-0.78,1.25128E+16,1.59629E+16
-0.8,1.26055E+16,1.63624E+16
-0.82,1.27216E+16,1.67918E+16
-0.84,1.28116E+16,1.72248E+16
-0.86,1.29159E+16,1.7629E+16
-0.88,1.30051E+16,1.80497E+16
-0.9,1.31138E+16,1.84844E+16
-0.92,1.32053E+16,1.89665E+16
-0.94,1.32822E+16,1.9426E+16
-0.96,1.33921E+16,1.99739E+16
-0.98,1.3445E+16,2.04821E+16
-1,1.35695E+16,2.10429E+16
-1.02,1.36358E+16,2.1535E+16
-1.04,1.37213E+16,2.21161E+16
-1.06,1.38024E+16,2.25362E+16
-1.08,1.38731E+16,2.31094E+16
-1.1,1.3972E+16,2.37797E+16
-1.12,1.39979E+16,2.4354E+16
-1.14,1.41224E+16,2.4936E+16
-1.16,1.4173E+16,2.55724E+16
-1.18,1.42433E+16,2.60467E+16
-1.2,1.43004E+16,2.67134E+16
-1.22,1.43735E+16,2.7407E+16
-1.24,1.4502E+16,2.80464E+16
-1.26,1.45465E+16,2.86664E+16
-1.28,1.45926E+16,2.92721E+16
-1.3,1.46752E+16,2.98294E+16
-1.32,1.4778E+16,3.045E+16
-1.34,1.48006E+16,3.1337E+16
-1.36,1.48848E+16,3.18853E+16
-1.38,1.49366E+16,3.24443E+16
-1.4,1.50381E+16,3.30809E+16
-1.42,1.50572E+16,3.37682E+16
-1.44,1.51476E+16,3.45003E+16
-1.46,1.51771E+16,3.52169E+16
-1.48,1.52491E+16,3.57875E+16
-1.5,1.5321E+16,3.64215E+16
-1.52,1.53647E+16,3.71388E+16
-1.54,1.54279E+16,3.77468E+16
-1.56,1.55244E+16,3.84527E+16
-1.58,1.55372E+16,3.90973E+16
-1.6,1.56297E+16,3.9599E+16
-1.62,1.56836E+16,4.00746E+16
-1.64,1.57368E+16,4.081E+16
-1.66,1.58104E+16,4.14181E+16
-1.68,1.58647E+16,4.2223E+16
-1.7,1.58785E+16,4.26304E+16
-1.72,1.5976E+16,4.30836E+16
-1.74,1.5996E+16,4.36073E+16
-1.76,1.60452E+16,4.41549E+16
-1.78,1.61057E+16,4.47308E+16
-1.8,1.61388E+16,4.53108E+16
-1.82,1.62435E+16,4.55623E+16
-1.84,1.62841E+16,4.61916E+16
-1.86,1.63393E+16,4.66651E+16
-1.88,1.6369E+16,4.71667E+16
-1.9,1.6463E+16,4.75395E+16
-1.92,1.65028E+16,4.78245E+16
-1.94,1.65242E+16,4.84737E+16
-1.96,1.65915E+16,4.8634E+16
-1.98,1.66011E+16,4.93289E+16
-2,1.66172E+16,4.94708E+16
-2.02,1.66996E+16,5.02383E+16
-2.04,1.67739E+16,5.01773E+16
-2.06,1.68046E+16,5.09082E+16
-2.08,1.68643E+16,5.10491E+16
-2.1,1.69076E+16,5.15618E+16
-2.12,1.69838E+16,5.18645E+16
-2.14,1.70104E+16,5.23326E+16
-2.16,1.70298E+16,5.22447E+16
-2.18,1.70784E+16,5.24917E+16
-2.2,1.71067E+16,5.28983E+16
-2.22,1.71345E+16,5.34242E+16
-2.24,1.72482E+16,5.35149E+16
-2.26,1.72868E+16,5.35878E+16
-2.28,1.72702E+16,5.39629E+16
-2.3,1.73624E+16,5.44014E+16
-2.32,1.73805E+16,5.47019E+16
-2.34,1.74141E+16,5.4789E+16
-2.36,1.75128E+16,5.47625E+16
-2.38,1.75299E+16,5.48878E+16
-2.4,1.75421E+16,5.51192E+16
-2.42,1.7619E+16,5.5197E+16
-2.44,1.76272E+16,5.60553E+16
-2.46,1.76946E+16,5.59118E+16
-2.48,1.77572E+16,5.58559E+16
-2.5,1.7789E+16,5.59319E+16
-2.52,1.77698E+16,5.63513E+16
-2.54,1.78463E+16,5.678E+16
-2.56,1.78632E+16,5.68201E+16
-2.58,1.79546E+16,5.67873E+16
-2.6,1.80169E+16,5.71611E+16
-2.62,1.80213E+16,5.73318E+16
-2.64,1.80251E+16,5.74332E+16
-2.66,1.80545E+16,5.75142E+16
-2.68,1.80874E+16,5.80522E+16
-2.7,1.82049E+16,5.75904E+16
-2.72,1.81973E+16,5.80519E+16
-2.74,1.82045E+16,5.8317E+16
-2.76,1.82368E+16,5.8494E+16
-2.78,1.83546E+16,5.83057E+16
-2.8,1.83618E+16,5.82766E+16
-2.82,1.8419E+16,5.84312E+16
-2.84,1.84448E+16,5.85305E+16
-2.86,1.8434E+16,5.89177E+16
-2.88,1.84655E+16,5.91306E+16
-2.9,1.8557E+16,5.90103E+16
-2.92,1.85515E+16,5.89241E+16
-2.94,1.85752E+16,5.93306E+16
-2.96,1.85744E+16,5.93295E+16
