1678996971
-1.000624E+00,-6.387232E-02
1678996974
-9.326413E-01,-5.975012E-02
1678996976
-8.643397E-01,-5.614794E-02
1678996979
-7.963370E-01,-5.268783E-02
1678996981
-7.283685E-01,-4.932102E-02
1678996984
-6.603816E-01,-4.604129E-02
1678996987
-5.921585E-01,-4.281469E-02
1678996989
-5.241849E-01,-3.966049E-02
1678996992
-4.561905E-01,-3.661595E-02
1678996994
-3.882051E-01,-3.361244E-02
1678996997
-3.202237E-01,-3.066452E-02
1678997000
-2.519129E-01,-2.775150E-02
1678997002
-1.839235E-01,-2.491062E-02
1678997005
-1.159488E-01,-2.209002E-02
1678997007
-4.794632E-02,-1.926416E-02
1678997010
+2.003673E-02,-1.646504E-02
1678997013
+8.801464E-02,-1.365703E-02
1678997015
+1.560159E-01,-1.081153E-02
1678997018
+2.243083E-01,-7.893285E-03
1678997020
+2.922724E-01,-4.891653E-03
1678997023
+3.602386E-01,-1.806390E-03
1678997026
+4.282207E-01,+1.389730E-03
1678997028
+4.965228E-01,+4.923517E-03
1678997031
+5.644926E-01,+8.923942E-03
1678997033
+6.323680E-01,+1.389147E-02
1678997036
+7.003545E-01,+2.134107E-02
1678997038
+7.683415E-01,+3.397278E-02
1678997041
+8.366849E-01,+5.281476E-02
1678997044
+9.047040E-01,+7.633108E-02
1678997046
+9.645268E-01,+9.999938E-02
