32 0 0 0
38 0 0 0
39 0.0103673 0.0117554 896
40 0.0720505 0.0765617 5504
41 0.119853 0.124321 9472
42 0.161756 0.165529 13056
43 0.211033 0.216628 17280
44 0.258835 0.264387 21248
45 0.300738 0.305596 24832
46 0.35444 0.359905 29184
48 0.398309 0.403298 32896
49 0.446111 0.451057 36864
50 0.488014 0.492266 40448
53 0.539749 0.544391 44672
54 0.582101 0.585484 48384
60 0.629903 0.633243 52352
73 0.629903 0.633243 52352
75 0.668668 0.681335 56320
76 0.707014 0.729614 60416
78 0.785571 0.829253 68480
79 0.823324 0.875812 72448
