32 0 0
38 0.037756 0.0419203
39 0.0518104 0.0601389
40 0.0883518 0.107507
41 0.122082 0.151232
42 0.153939 0.192528
43 0.190481 0.239896
44 0.2214 0.279978
45 0.250446 0.317629
46 0.284176 0.361354
47 0.286987 0.364998
48 0.318844 0.406293
49 0.349763 0.446374
50 0.378809 0.484026
53 0.409728 0.524107
54 0.438774 0.561759
55 0.443459 0.567832
60 0.518415 0.664998
73 0.559642 0.71844
75 0.598994 0.769452
76 0.630851 0.810747
77 0.635536 0.81682
78 0.696438 0.895768
79 0.730169 0.939493
80 0.751719 0.967428
81 0.77608 0.999007
82 0.809811 1.04273
83 0.832298 1.07188
84 0.851037 1.09617
