1609460987
-1.000214E+01,-1.062026E-101609460989
-1.000212E+01,-1.128987E-101609460993
-1.000218E+01,-1.108062E-101609460997
-1.000212E+01,-1.175024E-101609461001
-1.000205E+01,-9.657680E-111609461005
-1.000209E+01,-1.112247E-101609461009
-1.000209E+01,-1.062026E-101609461013
-1.000218E+01,-1.158283E-101609461017
-1.000214E+01,-1.074581E-101609461021
-1.000224E+01,-1.145728E-101609461025
-1.000221E+01,-1.166654E-101609461029
-1.000217E+01,-1.158284E-101609461033
-1.000215E+01,-1.053656E-101609461037
-1.000214E+01,-1.007619E-101609461041
-1.000218E+01,-1.108062E-101609461045
-1.000214E+01,-1.074581E-101609461049
-1.000202E+01,-1.128988E-101609461053
-1.000217E+01,-1.191764E-101609461057
-1.000212E+01,-1.024360E-101609461061
-1.000210E+01,-1.049470E-101609461065
-1.000224E+01,-1.070396E-101609461069
-1.000212E+01,-9.992489E-111609461073
-1.000218E+01,-1.170839E-101609461077
-1.000221E+01,-1.070396E-101663821550
-1.000217E+01,-1.154098E-101663821554
