1640236377
-4.541932E-03,-1.002724E-09
1640236379
-4.601010E-03,-9.955252E-10
1640236383
-4.482844E-03,-9.934077E-10
1640236387
-4.550365E-03,-9.887494E-10
1640236391
-4.567245E-03,-9.963725E-10
1640236395
-4.415317E-03,-9.862087E-10
1640236399
-4.575680E-03,-9.819741E-10
1640236403
-4.432193E-03,-9.633402E-10
1640236407
-4.525034E-03,-9.705400E-10
1640236412
-4.508154E-03,-9.480944E-10
1640236416
-4.508153E-03,-9.633405E-10
1640236420
+1.000295E+01,-1.011196E-09
1640236424
+1.000298E+01,-9.320018E-10
1640236428
+1.000306E+01,-9.523301E-10
1640236432
+1.000292E+01,-9.459777E-10
1640236436
+1.000290E+01,-9.273438E-10
1640236440
+1.000292E+01,-9.396258E-10
1640236444
+1.000297E+01,-9.311558E-10
1640236448
+1.000300E+01,-9.137920E-10
1640236452
+1.000308E+01,-9.290388E-10
1640236456
+1.000297E+01,-9.226863E-10
1640236460
+1.000302E+01,-9.065934E-10
1640236464
+1.000295E+01,-9.048997E-10
