1641531514
-1.000115E+01,-6.775493E-10
1641531516
-1.000105E+01,-6.836479E-10
1641531520
-1.000125E+01,-7.004196E-10
1641531524
-1.000114E+01,-6.729762E-10
1641531528
-1.000110E+01,-6.968619E-10
1641531532
-1.000122E+01,-6.795837E-10
1641531536
-1.000105E+01,-6.963543E-10
1641531540
-1.000110E+01,-7.029616E-10
1641531544
-1.000113E+01,-6.968628E-10
1641531548
-1.000108E+01,-6.790761E-10
1641531552
-1.000105E+01,-6.445181E-10
1641531556
-1.000099E+01,-6.699289E-10
1641531560
-1.000112E+01,-6.663722E-10
1641531564
-1.000093E+01,-6.475682E-10
1641531568
-1.000111E+01,-7.039799E-10
1641531572
-1.000109E+01,-6.043714E-10
1641531576
-1.000113E+01,-6.689138E-10
1641531580
-1.000119E+01,-6.267329E-10
1641531584
-1.000114E+01,-6.988987E-10
1641531588
-1.000111E+01,-5.865849E-10
1641531592
-1.000105E+01,-6.724720E-10
