1645782601
+8.339325E-03,-5.430798E-11
1645782609
-4.999461E+01,-7.076849E-11
1645782617
-9.999380E+01,-2.184086E-11
1645782625
-1.499995E+02,-3.017426E-11
1645782633
-1.999912E+02,-1.320725E-10
1645782642
-2.500015E+02,-2.686242E-10
1645782650
-2.999899E+02,-2.954400E-10
1645782658
-3.499975E+02,-1.196550E-10
1645782666
-4.000052E+02,-2.812072E-10
1645782674
-4.499935E+02,-1.159418E-10
1645782682
-4.999970E+02,-3.510502E-10
1645782690
-5.499869E+02,-3.303821E-10
1645782698
-5.999935E+02,-1.514621E-10
1645782706
-6.499781E+02,-1.644571E-10
1645782714
-6.999827E+02,-2.803407E-10
1645782722
-7.499717E+02,-3.172214E-10
1645782730
-7.999778E+02,-3.427591E-10
1645782738
-8.499777E+02,-3.515039E-10
1645782746
-8.999686E+02,-3.705636E-10
1645782754
-9.499723E+02,-3.639635E-10
1645782762
-9.999597E+02,-3.235346E-10
1645782770
-9.999597E+02,-4.003503E-10
1645782778
-9.499740E+02,-3.383437E-10
1645782786
-8.999706E+02,-2.613632E-10
1645782794
-8.499834E+02,+1.384270E-11
1645782802
-7.999833E+02,-1.649523E-10
1645782810
-7.499782E+02,-1.995646E-10
1645782818
-6.999890E+02,-1.470385E-11
1645782826
-6.499863E+02,+3.005374E-11
1645782834
-6.000000E+02,-1.819078E-10
1645782842
-5.499952E+02,+1.103775E-11
1645782850
-5.000050E+02,-8.842539E-11
1645782858
-4.500014E+02,-7.068605E-11
1645782866
-4.000136E+02,+9.114419E-11
1645782874
-3.500046E+02,+1.295061E-10
1645782882
-2.999964E+02,+1.622995E-10
1645782890
-2.500097E+02,+1.761180E-10
1645782898
-1.999982E+02,+1.675380E-10
1645782907
-1.500044E+02,+3.434368E-11
1645782915
-9.999809E+01,+5.302967E-11
1645782923
-4.999998E+01,+2.489234E-10
1645782931
+1.146891E-02,+2.071376E-10
