1645679993
106
1645679995
53131645679997
10.601645679999
1+491645680001
2E11
1645680003
12401645680005
3723-1645680007
56161645680009
42+-391645680011
40,91645680013
51,61645680015
5E4-1645680017
61,51645680020
6601645680022
7051645680024
792201645680026
79.81645680028
882701645680030
8+691645680032
95,71645680034
-5241645680036
972E1645680038
97791645680040
8+1181E-32510E6-18.-3,4-1,17,708924
1,4
4,8
8-2.63-.E149E8-.81.0190.1108E-E3-1,64-5-80.
52-2241E8
7.E612.E1.E72E309
1,22361.1.7809E.E6,216-8