1645789046
1629E0,4260E1
1645789052
-994E0,1774-01645789058
-.933+1-.472-01645789064
-.006+2-.911-11645789070
-.994+2-.827-01645789076
-.006+2-.082-01645789082
-.999+2-.721-01645789088
3499E0,9043E1
1645789094
-.002+2-.250-01645789100
-.998+2-.623-01645789106
-.993+2-.560-01645789112
5498E0,2618E1
1645789118
5992E0,2629E1
1645789124
-.977+2-.642-01645789130
-.984+23741E1
1645789136
-492E0,3582E1
1645789142
-.975+2-.292-01645789148
-.973+43296-01645789154
-.968+2-.153-01645789160
9491E0,5558E1
1645789166
9998E0,4316E1
1645789173
-.955+2-.018-01645789179
9494E0,1632E1
1645789185
899E0,2814-01645789191
8492E0,2177E1
1645789197
-.980+2-.931-01645789203
-498E0,4651E1
1645789209
-6999E0,2087E1
1645789215
-.984+2-.873-11645789221
6000E0,3226E1
1645789227
-494E0,4926E1
1645789233
-004E0,3895E1
1645789239
4502E0,1046E1
1645789245
-.016+2+.830-01645789251
3505E0,1629E1
1645789257
-.998+2+.331-01645789263
2501E0,7904E1
1645789269
1999E0,1137E1
1645789275
-1507E0,8467E1
1645789281
-.005+2+.301-01645789287
-002E0,2489E1
1645789293
+.543-2+.790-0