1645779469
+1.218436E-03,+5.183343E-11
1645779477
-4.999998E+01,-3.380458E-11
1645779485
-9.999689E+01,-2.371473E-10
1645779493
-1.500051E+02,-1.651996E-10
1645779501
-1.999949E+02,-1.861980E-10
1645779509
-2.500064E+02,-2.631373E-10
1645779517
-2.999949E+02,-1.796800E-10
1645779525
-3.500001E+02,-3.080219E-10
1645779533
-4.000097E+02,-1.807527E-10
1645779541
-4.499979E+02,-1.377654E-10
1645779549
-5.000012E+02,-3.522874E-10
1645779557
-5.499920E+02,-2.404061E-10
1645779566
-5.999946E+02,-3.601677E-10
1645779574
-6.499799E+02,-3.267515E-10
1645779582
-6.999849E+02,-3.122297E-10
1645779590
-7.499740E+02,-4.163555E-10
1645779598
-7.999804E+02,-3.578986E-10
1645779606
-8.499803E+02,-5.123957E-10
1645779614
-8.999698E+02,-5.255550E-10
1645779622
-9.499761E+02,-5.442446E-10
1645779630
-9.999625E+02,-5.971743E-10
1645779638
-9.999631E+02,-4.883865E-10
1645779646
-9.499758E+02,-3.325270E-10
1645779654
-8.999725E+02,-3.010086E-10
1645779662
-8.499844E+02,-2.637561E-10
1645779670
-7.999859E+02,-1.579802E-10
1645779678
-7.499788E+02,-6.994327E-11
1645779686
-6.999919E+02,-1.460165E-10
1645779694
-6.499874E+02,-6.535487E-12
1645779702
-6.000034E+02,-7.712172E-11
1645779710
-5.499973E+02,+8.524539E-11
1645779718
-5.000076E+02,+7.093178E-11
1645779726
-4.500045E+02,-5.599941E-11
1645779734
-4.000164E+02,+1.566480E-10
1645779742
-3.500084E+02,+1.719102E-10
1645779750
-3.000009E+02,+5.538087E-11
1645779758
-2.500117E+02,+5.810327E-11
1645779766
-1.999994E+02,+1.976913E-10
1645779775
-1.500067E+02,+6.767314E-11
1645779783
-1.000009E+02,+2.055286E-10
1645779791
-5.000283E+01,+2.559353E-10
1645779799
+9.836067E-03,+1.704253E-10
