1641780188
+9.010529E+00,+2.678451E-07
1641780190
+9.010433E+00,+3.870539E-07
1641780194
+9.010441E+00,+4.658670E-07
1641780198
+9.010537E+00,+4.912411E-07
1641780202
+9.010622E+00,+4.946876E-07
1641780206
+9.010528E+00,+5.103249E-07
1641780210
+9.010636E+00,+4.576833E-07
1641780214
+9.010602E+00,+4.840866E-07
1641780218
+9.010658E+00,+4.285721E-07
1641780222
+9.010512E+00,+3.458863E-07
1641780226
+9.010600E+00,+3.563352E-07
1641780230
+9.010423E+00,+3.675857E-07
1641780234
+9.010514E+00,+4.095807E-07
1641780238
+9.010455E+00,+3.889271E-07
1641780242
+9.010440E+00,+3.796340E-07
1641780246
+9.010495E+00,+4.511364E-07
1641780250
+9.010523E+00,+4.816275E-07
1641780254
+9.010509E+00,+4.409366E-07
1641780258
+9.010525E+00,+5.390786E-07
1641780262
+9.010507E+00,+6.068815E-07
1641780266
+9.010501E+00,+6.123356E-07
1641780270
+9.010429E+00,+6.148080E-07
1641780274
+9.010579E+00,+6.382798E-07
1641780278
+9.010664E+00,+6.307872E-07
1641780282
+9.010536E+00,+6.048432E-07
1641780286
+9.010485E+00,+6.271339E-07
1641780290
+9.010504E+00,+6.951312E-07
1641780294
+9.010554E+00,+6.586037E-07
1641780298
+9.010565E+00,+6.245351E-07
1641780302
+9.010526E+00,+6.297282E-07
1641780306
+9.010467E+00,+5.587698E-07
1641780310
+9.010515E+00,+6.130484E-07
1641780314
+9.010556E+00,+6.013595E-07
1641780318
+9.010577E+00,+5.476542E-07
1641780322
+9.010614E+00,+5.362014E-07
1641780326
+9.010426E+00,+5.003402E-07
1641780330
+9.010504E+00,+4.716296E-07
1641780334
+9.010373E+00,+4.758479E-07
1641780338
+9.010665E+00,+4.487067E-07
1641780342
+9.010556E+00,+4.304071E-07
1641780346
+9.010516E+00,+4.075939E-07
1641780350
+9.010488E+00,+3.795410E-07
1641780354
+9.010485E+00,+3.849788E-07
1641780358
+9.010435E+00,+4.195613E-07
1641780363
+9.010595E+00,+4.357015E-07
1641780367
+9.010478E+00,+4.878073E-07
1641780371
+9.010636E+00,+5.308358E-07
1641780375
+9.010646E+00,+5.541934E-07
1641780379
+9.010576E+00,+5.588631E-07
1641780383
+9.010592E+00,+5.901808E-07
1641780387
+9.010431E+00,+5.645749E-07
1641780391
+9.010595E+00,+5.281698E-07
1641780395
+9.010660E+00,+5.081869E-07
1641780399
+9.010544E+00,+5.067823E-07
1641780403
+9.010412E+00,+5.094395E-07
1641780407
+9.010489E+00,+5.070057E-07
1641780411
+9.010653E+00,+5.116630E-07
1641780415
+9.010574E+00,+5.407786E-07
1641780419
+9.010644E+00,+5.491818E-07
1641780423
+9.010703E+00,+5.737458E-07
1641780427
+9.010552E+00,+5.983352E-07
1641780431
+9.010628E+00,+5.950701E-07
1641780435
+9.010616E+00,+5.578294E-07
1641780439
+9.010579E+00,+5.837142E-07
1641780443
+9.010630E+00,+5.775299E-07
1641780447
+9.010505E+00,+5.646764E-07
1641780451
+9.010511E+00,+5.399056E-07
1641780455
+9.010625E+00,+5.498609E-07
1641780459
+9.010597E+00,+5.346917E-07
1641780463
+9.010659E+00,+5.501989E-07
1641780467
+9.010519E+00,+5.369653E-07
1641780471
+9.010494E+00,+5.333712E-07
1641780475
+9.010448E+00,+5.255547E-07
1641780479
+9.010420E+00,+5.256178E-07
1641780483
+9.010424E+00,+5.305662E-07
1641780487
+9.010600E+00,+5.464698E-07
1641780491
+9.010435E+00,+5.185897E-07
1641780495
+9.010539E+00,+5.304016E-07
1641780499
+9.010414E+00,+5.755512E-07
1641780503
+9.010494E+00,+5.718729E-07
1641780507
+9.010560E+00,+5.778463E-07
1641780511
+9.010564E+00,+5.646849E-07
1641780515
+9.010488E+00,+5.909911E-07
1641780519
+9.010547E+00,+5.826892E-07
1641780523
+9.010462E+00,+6.223764E-07
1641780527
+9.010576E+00,+5.728726E-07
1641780531
+9.010592E+00,+6.334078E-07
1641780535
+9.010529E+00,+5.622634E-07
1641780539
+9.010523E+00,+5.578300E-07
1641780543
+9.010518E+00,+5.676460E-07
1641780547
+9.010592E+00,+5.856633E-07
1641780551
+9.010401E+00,+5.838449E-07
1641780555
+9.010507E+00,+5.727506E-07
1641780559
+9.010488E+00,+5.886710E-07
1641780563
+9.010477E+00,+5.747963E-07
1641780567
+9.010528E+00,+5.961627E-07
1641780571
+9.010521E+00,+5.951462E-07
1641780575
+9.010467E+00,+5.826299E-07
1641780579
+9.010508E+00,+5.719234E-07
1641780583
+9.010331E+00,+5.801531E-07
1641780587
+9.010531E+00,+5.641282E-07
1641780591
+9.010563E+00,+5.857976E-07
1641780595
+9.010526E+00,+5.941167E-07
1641780599
+9.010560E+00,+5.964622E-07
1641780603
+9.010475E+00,+5.775045E-07
1641780607
+9.010506E+00,+5.719064E-07
1641780611
+9.010529E+00,+5.698946E-07
1641780615
+9.010526E+00,+5.824064E-07
1641780619
+9.010621E+00,+5.785761E-07
1641780623
+9.010612E+00,+5.874517E-07
1641780627
+9.010553E+00,+5.912398E-07
1641780631
+9.010571E+00,+5.650977E-07
1641780635
+9.010603E+00,+5.819634E-07
1641780639
+9.010524E+00,+6.247594E-07
1641780643
+9.010467E+00,+6.154277E-07
1641780647
+9.010540E+00,+6.186299E-07
1641780651
+9.010647E+00,+6.322601E-07
1641780655
+9.010560E+00,+6.155628E-07
1641780659
+9.010542E+00,+5.933699E-07
1641780663
+9.010593E+00,+6.123868E-07
1641780667
+9.010542E+00,+6.070462E-07
1641780671
+9.010490E+00,+6.237469E-07
1641780676
+9.010443E+00,+6.283151E-07
1641780680
+9.010497E+00,+6.027643E-07
1641780684
+9.010436E+00,+6.285431E-07
1641780688
+9.010356E+00,+6.159006E-07
1641780692
+9.010483E+00,+6.311124E-07
1641780696
+9.010459E+00,+6.197607E-07
1641780700
+9.010510E+00,+6.390517E-07
1641780704
+9.010467E+00,+6.428566E-07
1641780708
+9.010436E+00,+6.602235E-07
1641780712
+9.010558E+00,+6.392666E-07
1641780716
+9.010514E+00,+6.167401E-07
1641780720
+9.010398E+00,+6.456534E-07
1641780724
+9.010473E+00,+6.499097E-07
1641780728
+9.010596E+00,+6.478261E-07
1641780732
+9.010549E+00,+6.279617E-07
1641780736
+9.010531E+00,+5.906911E-07
1641780740
+9.010562E+00,+5.982046E-07
1641780744
+9.010636E+00,+6.185500E-07
1641780748
+9.010560E+00,+6.329728E-07
1641780752
+9.010618E+00,+6.355756E-07
1641780756
+9.010679E+00,+5.986516E-07
1641780760
+9.010521E+00,+6.221781E-07
1641780764
+9.010538E+00,+6.084977E-07
1641780768
+9.010481E+00,+6.426835E-07
1641780772
+9.010482E+00,+6.670451E-07
1641780776
+9.010562E+00,+6.089953E-07
1641780780
+9.010552E+00,+6.353942E-07
1641780784
+9.010629E+00,+6.257720E-07
1641780788
+9.010523E+00,+6.456200E-07
1641780792
+9.010599E+00,+6.384698E-07
1641780796
+9.010499E+00,+6.353989E-07
1641780800
+9.010639E+00,+6.546178E-07
1641780804
+9.010426E+00,+6.553433E-07
1641780808
+9.010604E+00,+6.711584E-07
1641780812
+9.010499E+00,+6.242447E-07
1641780816
+9.010527E+00,+6.459784E-07
1641780820
+9.010704E+00,+6.388329E-07
1641780824
+9.010706E+00,+5.783567E-07
1641780828
+9.010602E+00,+6.218024E-07
1641780832
+9.010533E+00,+6.241182E-07
1641780836
+9.010572E+00,+6.747568E-07
1641780840
+9.010568E+00,+6.559507E-07
1641780844
+9.010512E+00,+6.395243E-07
1641780848
+9.010523E+00,+6.589841E-07
1641780852
+9.010460E+00,+6.342764E-07
1641780856
+9.010540E+00,+6.264135E-07
1641780860
+9.010419E+00,+6.318003E-07
1641780864
+9.010531E+00,+6.263797E-07
1641780868
+9.010519E+00,+6.239581E-07
1641780872
+9.010520E+00,+6.683447E-07
1641780876
+9.010644E+00,+6.685813E-07
1641780880
+9.010560E+00,+6.369509E-07
1641780884
+9.010488E+00,+6.312604E-07
1641780888
+9.010530E+00,+6.349093E-07
1641780892
+9.010474E+00,+6.337875E-07
1641780896
+9.010502E+00,+6.552716E-07
1641780900
+9.010498E+00,+6.516097E-07
1641780904
+9.010573E+00,+6.683027E-07
1641780908
+9.010509E+00,+6.704116E-07
1641780912
+9.010475E+00,+6.718078E-07
1641780916
+9.010489E+00,+6.681249E-07
1641780920
+9.010509E+00,+6.792871E-07
1641780924
+9.010494E+00,+6.986457E-07
1641780928
+9.010483E+00,+6.939925E-07
1641780932
+9.010477E+00,+6.947353E-07
1641780936
+9.010461E+00,+6.664084E-07
1641780940
+9.010526E+00,+7.274112E-07
1641780944
+9.010449E+00,+7.053782E-07
1641780949
+9.010420E+00,+6.985102E-07
1641780953
+9.010473E+00,+7.167341E-07
1641780957
+9.010458E+00,+7.187211E-07
1641780961
+9.010579E+00,+7.017505E-07
1641780965
+9.010510E+00,+7.054374E-07
1641780969
+9.010482E+00,+7.024378E-07
1641780973
+9.010560E+00,+6.998184E-07
1641780977
+9.010419E+00,+7.437411E-07
1641780981
+9.010463E+00,+7.198943E-07
1641780985
+9.010547E+00,+7.128240E-07
1641780989
+9.010462E+00,+7.354560E-07
1641780993
+9.010558E+00,+7.583077E-07
1641780997
+9.010531E+00,+7.647870E-07
1641781001
+9.010592E+00,+7.387846E-07
1641781005
+9.010552E+00,+7.348491E-07
1641781009
+9.010475E+00,+7.480527E-07
1641781013
+9.010468E+00,+7.729755E-07
1641781017
+9.010645E+00,+7.700013E-07
1641781021
+9.010560E+00,+7.941309E-07
1641781025
+9.010501E+00,+7.805137E-07
1641781029
+9.010510E+00,+8.087648E-07
1641781033
+9.010390E+00,+7.871662E-07
1641781037
+9.010411E+00,+7.707399E-07
1641781041
+9.010426E+00,+7.640408E-07
1641781045
+9.010427E+00,+7.824503E-07
1641781049
+9.010415E+00,+8.002476E-07
1641781053
+9.010435E+00,+8.563279E-07
1641781057
+9.010432E+00,+8.430150E-07
1641781061
+9.010462E+00,+8.234704E-07
1641781065
+9.010519E+00,+8.231750E-07
1641781069
+9.010484E+00,+7.985770E-07
1641781073
+9.010509E+00,+7.728192E-07
1641781077
+9.010411E+00,+7.866603E-07
1641781081
+9.010495E+00,+7.775652E-07
1641781085
+9.010394E+00,+7.995181E-07
1641781089
+9.010419E+00,+7.909209E-07
1641781093
+9.010429E+00,+8.168603E-07
1641781097
+9.010451E+00,+8.231420E-07
1641781101
+9.010498E+00,+8.201845E-07
1641781105
+9.010476E+00,+8.283265E-07
1641781109
+9.010399E+00,+8.291279E-07
1641781113
+9.010382E+00,+7.816154E-07
1641781117
+9.010417E+00,+7.999153E-07
1641781121
+9.010379E+00,+7.832772E-07
1641781125
+9.010474E+00,+8.043528E-07
1641781129
+9.010398E+00,+7.797971E-07
1641781133
+9.010388E+00,+8.045130E-07
1641781137
+9.010464E+00,+7.935872E-07
1641781141
+9.010375E+00,+7.833578E-07
1641781145
+9.010530E+00,+8.109755E-07
1641781149
+9.010409E+00,+7.865378E-07
1641781153
+9.010403E+00,+8.011000E-07
1641781157
+9.010413E+00,+7.894404E-07
1641781161
+9.010457E+00,+7.795652E-07
1641781165
+9.010448E+00,+8.050910E-07
1641781169
+9.010345E+00,+8.208720E-07
1641781173
+9.010431E+00,+8.021796E-07
1641781177
+9.010307E+00,+8.046053E-07
1641781181
+9.010367E+00,+8.181516E-07
1641781185
+9.010422E+00,+8.361809E-07
1641781189
+9.010535E+00,+8.171011E-07
1641781193
+9.010473E+00,+8.311526E-07
1641781197
+9.010482E+00,+8.188271E-07
1641781201
+9.010384E+00,+8.401677E-07
1641781205
+9.010373E+00,+8.443860E-07
1641781209
+9.010529E+00,+8.523043E-07
1641781213
+9.010508E+00,+8.412558E-07
1641781217
+9.010525E+00,+8.548519E-07
1641781221
+9.010496E+00,+8.718604E-07
1641781225
+9.010610E+00,+8.402857E-07
1641781229
+9.010548E+00,+8.772221E-07
1641781233
+9.010539E+00,+8.739866E-07
1641781237
+9.010514E+00,+8.666550E-07
1641781241
+9.010588E+00,+8.567455E-07
1641781245
+9.010514E+00,+8.573154E-07
1641781249
+9.010429E+00,+8.484017E-07
1641781253
+9.010394E+00,+8.413061E-07
1641781257
+9.010415E+00,+8.397457E-07
1641781261
+9.010363E+00,+8.324602E-07
1641781266
+9.010358E+00,+8.488028E-07
1641781270
+9.010415E+00,+8.374340E-07
1641781274
+9.010560E+00,+8.505746E-07
1641781278
+9.010441E+00,+8.656301E-07
1641781282
+9.010429E+00,+8.374548E-07
1641781286
+9.010489E+00,+8.455930E-07
1641781290
+9.010442E+00,+8.400199E-07
1641781294
+9.010578E+00,+8.531606E-07
1641781298
+9.010537E+00,+8.740800E-07
1641781302
+9.010489E+00,+8.487906E-07
1641781306
+9.010607E+00,+8.396577E-07
1641781310
+9.010473E+00,+8.435345E-07
1641781314
+9.010494E+00,+8.772944E-07
1641781318
+9.010450E+00,+8.824449E-07
1641781322
+9.010477E+00,+8.840818E-07
1641781326
+9.010486E+00,+9.135900E-07
1641781330
+9.010459E+00,+8.996141E-07
1641781334
+9.010555E+00,+9.022553E-07
1641781338
+9.010462E+00,+8.931137E-07
1641781342
+9.010472E+00,+8.928608E-07
1641781346
+9.010572E+00,+8.673601E-07
1641781350
+9.010432E+00,+8.643350E-07
1641781354
+9.010457E+00,+8.682969E-07
1641781358
+9.010430E+00,+8.883041E-07
1641781362
+9.010477E+00,+8.861995E-07
1641781366
+9.010434E+00,+8.712240E-07
1641781370
+9.010529E+00,+9.042419E-07
1641781374
+9.010405E+00,+9.708052E-07
1641781378
+9.010553E+00,+9.528850E-07
1641781382
+9.010584E+00,+9.554924E-07
1641781386
+9.010386E+00,+9.555469E-07
1641781390
+9.010366E+00,+9.511383E-07
1641781394
+9.010446E+00,+9.741799E-07
1641781398
+9.010273E+00,+9.632864E-07
1641781402
+9.010331E+00,+9.872102E-07
1641781406
+9.010332E+00,+9.485102E-07
1641781410
+9.010333E+00,+9.465571E-07
1641781414
+9.010510E+00,+9.708176E-07
1641781418
+9.010462E+00,+9.584196E-07
1641781422
+9.010418E+00,+9.465413E-07
1641781426
+9.010371E+00,+9.688059E-07
1641781430
+9.010500E+00,+9.870633E-07
1641781434
+9.010417E+00,+9.781998E-07
1641781438
+9.010362E+00,+9.308479E-07
1641781442
+9.010458E+00,+9.787447E-07
1641781446
+9.010353E+00,+9.276334E-07
1641781450
+9.010447E+00,+9.192261E-07
1641781454
+9.010502E+00,+9.510253E-07
1641781458
+9.010351E+00,+9.286213E-07
1641781462
+9.010283E+00,+9.582086E-07
1641781466
+9.010391E+00,+9.227026E-07
1641781470
+9.010444E+00,+9.113846E-07
1641781474
+9.010365E+00,+8.940802E-07
1641781478
+9.010391E+00,+8.844875E-07
1641781482
+9.010371E+00,+9.341301E-07
1641781486
+9.010369E+00,+9.310208E-07
1641781490
+9.010407E+00,+9.265539E-07
1641781494
+9.010494E+00,+9.629890E-07
1641781498
+9.010315E+00,+9.217745E-07
1641781502
+9.010371E+00,+9.376356E-07
1641781506
+9.010432E+00,+9.726701E-07
1641781510
+9.010447E+00,+9.431035E-07
1641781514
+9.010469E+00,+9.617868E-07
1641781518
+9.010354E+00,+9.602211E-07
1641781522
+9.010404E+00,+9.998577E-07
1641781526
+9.010497E+00,+9.994325E-07
1641781530
+9.010406E+00,+9.472664E-07
1641781534
+9.010461E+00,+9.757921E-07
1641781538
+9.010476E+00,+9.749230E-07
1641781542
+9.010429E+00,+9.586898E-07
1641781546
+9.010420E+00,+9.556439E-07
1641781550
+9.010400E+00,+9.594748E-07
1641781554
+9.010391E+00,+9.766270E-07
1641781558
+9.010468E+00,+9.777325E-07
1641781562
+9.010437E+00,+1.006330E-06
1641781566
+9.010370E+00,+9.880714E-07
1641781570
+9.010381E+00,+1.001233E-06
1641781574
+9.010328E+00,+1.003186E-06
1641781578
+9.010437E+00,+9.728216E-07
1641781582
+9.010395E+00,+1.002617E-06
1641781586
+9.010355E+00,+9.979258E-07
1641781590
+9.010335E+00,+9.969722E-07
1641781594
+9.010370E+00,+1.009303E-06
1641781599
+9.010449E+00,+1.032269E-06
1641781603
+9.010405E+00,+1.023287E-06
1641781607
+9.010267E+00,+1.019085E-06
1641781611
+9.010341E+00,+1.009822E-06
1641781615
+9.010367E+00,+1.017989E-06
1641781619
+9.010340E+00,+1.027999E-06
1641781623
+9.010429E+00,+1.013365E-06
1641781627
+9.010427E+00,+1.041073E-06
1641781631
+9.010331E+00,+1.033471E-06
1641781635
+9.010487E+00,+1.030147E-06
1641781639
+9.010433E+00,+1.044620E-06
1641781643
+9.010550E+00,+1.054921E-06
1641781647
+9.010467E+00,+1.042266E-06
1641781651
+9.010531E+00,+1.021790E-06
1641781655
+9.010487E+00,+1.053253E-06
1641781659
+9.010409E+00,+1.074259E-06
1641781663
+9.010393E+00,+1.065886E-06
1641781667
+9.010435E+00,+1.042376E-06
1641781671
+9.010427E+00,+1.032176E-06
1641781675
+9.010485E+00,+1.089614E-06
1641781679
+9.010450E+00,+1.078355E-06
1641781683
+9.010425E+00,+1.092736E-06
1641781687
+9.010365E+00,+1.326725E-06
1641781691
+9.010392E+00,+1.096183E-06
1641781695
+9.010418E+00,+1.137460E-06
1641781699
+9.010447E+00,+1.100798E-06
1641781703
+9.010390E+00,+1.089412E-06
1641781707
+9.010345E+00,+1.131479E-06
1641781711
+9.010244E+00,+1.117009E-06
1641781715
+9.010359E+00,+1.129492E-06
1641781719
+9.010283E+00,+1.103286E-06
1641781723
+9.010336E+00,+1.355914E-06
1641781727
+9.010385E+00,+1.127011E-06
1641781731
+9.010280E+00,+1.148483E-06
1641781735
+9.010442E+00,+1.159434E-06
1641781739
+9.010410E+00,+1.166247E-06
1641781743
+9.010340E+00,+1.402518E-06
1641781747
+9.010418E+00,+1.162408E-06
1641781751
+9.010449E+00,+1.149930E-06
1641781755
+9.010292E+00,+1.195412E-06
1641781759
+9.010359E+00,+1.192313E-06
1641781763
+9.010323E+00,+1.222251E-06
1641781767
+9.010446E+00,+1.216962E-06
1641781771
+9.010299E+00,+1.221833E-06
1641781775
+9.010406E+00,+1.232114E-06
1641781779
+9.010344E+00,+1.447365E-06
1641781783
+9.010378E+00,+1.240534E-06
1641781787
+9.010410E+00,+1.261580E-06
1641781791
+9.010410E+00,+1.253358E-06
1641781795
+9.010418E+00,+1.229920E-06
1641781799
+9.010472E+00,+1.347388E-06
1641781803
+9.010421E+00,+1.245614E-06
1641781807
+9.010411E+00,+1.310080E-06
1641781811
+9.010511E+00,+1.301027E-06
1641781815
+9.010521E+00,+1.310864E-06
1641781819
+9.010446E+00,+1.334171E-06
1641781823
+9.010452E+00,+1.322241E-06
1641781827
+9.010430E+00,+1.328063E-06
1641781831
+9.010377E+00,+1.337858E-06
1641781835
+9.010432E+00,+1.496608E-06
1641781839
+9.010529E+00,+1.314197E-06
1641781843
+9.010384E+00,+1.324380E-06
1641781847
+9.010399E+00,+1.311125E-06
1641781851
+9.010412E+00,+1.318673E-06
1641781855
+9.010386E+00,+1.429196E-06
1641781859
+9.010295E+00,+1.377182E-06
1641781863
+9.010350E+00,+1.349531E-06
1641781867
+9.010446E+00,+1.356082E-06
1641781871
+9.010511E+00,+1.385923E-06
1641781875
+9.010448E+00,+1.348590E-06
1641781879
+9.010452E+00,+1.362562E-06
1641781883
+9.010365E+00,+1.337326E-06
1641781887
+9.010361E+00,+1.342406E-06
1641781891
+9.010351E+00,+1.638862E-06
1641781895
+9.010391E+00,+1.391580E-06
1641781899
+9.010434E+00,+1.360891E-06
1641781903
+9.010373E+00,+1.353369E-06
1641781907
+9.010460E+00,+1.437135E-06
1641781911
+9.010391E+00,+1.390352E-06
1641781915
+9.010407E+00,+1.392866E-06
1641781920
+9.010474E+00,+1.434249E-06
1641781924
+9.010379E+00,+1.431440E-06
1641781928
+9.010433E+00,+1.612273E-06
1641781932
+9.010445E+00,+1.457623E-06
1641781936
+9.010411E+00,+1.404078E-06
1641781940
+9.010345E+00,+1.409888E-06
1641781944
+9.010352E+00,+1.440880E-06
1641781948
+9.010315E+00,+1.716387E-06
1641781952
+9.010268E+00,+1.437105E-06
1641781956
+9.010298E+00,+1.398329E-06
1641781960
+9.010269E+00,+1.396530E-06
1641781964
+9.010358E+00,+1.407630E-06
1641781968
+9.010345E+00,+1.446765E-06
1641781972
+9.010344E+00,+1.409111E-06
1641781976
+9.010389E+00,+1.398013E-06
1641781980
+9.010377E+00,+1.445537E-06
1641781984
+9.010451E+00,+1.678802E-06
1641781988
+9.010283E+00,+1.465292E-06
1641781992
+9.010291E+00,+1.436203E-06
1641781996
+9.010405E+00,+1.457265E-06
1641782000
+9.010396E+00,+1.475425E-06
1641782004
+9.010369E+00,+1.471406E-06
1641782008
+9.010344E+00,+1.456729E-06
1641782012
+9.010317E+00,+1.465230E-06
1641782016
+9.010294E+00,+1.469616E-06
1641782020
+9.010322E+00,+1.630559E-06
1641782024
+9.010363E+00,+1.464985E-06
1641782028
+9.010328E+00,+1.444344E-06
1641782032
+9.010435E+00,+1.485407E-06
1641782036
+9.010370E+00,+1.481112E-06
1641782040
+9.010382E+00,+1.766913E-06
1641782044
+9.010406E+00,+1.447723E-06
1641782048
+9.010297E+00,+1.463099E-06
1641782052
+9.010350E+00,+1.449099E-06
1641782056
+9.010425E+00,+1.446116E-06
1641782060
+9.010348E+00,+1.433849E-06
1641782064
+9.010359E+00,+1.473705E-06
1641782068
+9.010451E+00,+1.489111E-06
1641782072
+9.010386E+00,+1.491798E-06
1641782076
+9.010455E+00,+1.632172E-06
1641782080
+9.010283E+00,+1.474857E-06
1641782084
+9.010335E+00,+1.506567E-06
1641782088
+9.010389E+00,+1.510082E-06
1641782092
+9.010214E+00,+1.514004E-06
1641782096
+9.010396E+00,+1.882086E-06
1641782100
+9.010378E+00,+1.512958E-06
1641782104
+9.010412E+00,+1.534911E-06
1641782108
+9.010303E+00,+1.519008E-06
1641782112
+9.010274E+00,+1.550671E-06
1641782116
+9.010406E+00,+1.510309E-06
1641782120
+9.010346E+00,+1.484391E-06
1641782124
+9.010361E+00,+1.497194E-06
1641782128
+9.010352E+00,+1.528368E-06
1641782132
+9.010360E+00,+1.717903E-06
1641782136
+9.010298E+00,+1.506690E-06
1641782140
+9.010514E+00,+1.494283E-06
1641782144
+9.010437E+00,+1.525339E-06
1641782148
+9.010405E+00,+1.548377E-06
1641782152
+9.010386E+00,+1.675757E-06
1641782156
+9.010403E+00,+1.527052E-06
1641782160
+9.010356E+00,+1.543693E-06
1641782164
+9.010348E+00,+1.554320E-06
1641782168
+9.010433E+00,+1.567317E-06
1641782172
+9.010386E+00,+1.517101E-06
1641782176
+9.010325E+00,+1.531760E-06
1641782180
+9.010369E+00,+1.526225E-06
1641782184
+9.010363E+00,+1.528719E-06
1641782188
+9.010423E+00,+1.872439E-06
1641782192
+9.010363E+00,+1.561535E-06
1641782196
+9.010364E+00,+1.522648E-06
1641782200
+9.010496E+00,+1.528838E-06
1641782204
+9.010383E+00,+1.520329E-06
1641782208
+9.010340E+00,+1.543454E-06
1641782212
+9.010375E+00,+1.532204E-06
1641782216
+9.010372E+00,+1.520776E-06
1641782220
+9.010285E+00,+1.503471E-06
1641782225
+9.010413E+00,+1.689813E-06
1641782229
+9.010322E+00,+1.552460E-06
1641782233
+9.010276E+00,+1.540581E-06
1641782237
+9.010285E+00,+1.515844E-06
1641782241
+9.010324E+00,+1.541261E-06
1641782245
+9.010413E+00,+1.845573E-06
1641782249
+9.010342E+00,+1.543623E-06
1641782253
+9.010290E+00,+1.585150E-06
1641782257
+9.010301E+00,+1.547547E-06
1641782261
+9.010280E+00,+1.543315E-06
1641782265
+9.010331E+00,+1.534393E-06
1641782269
+9.010421E+00,+1.535687E-06
1641782273
+9.010438E+00,+1.515816E-06
1641782277
+9.010300E+00,+1.489395E-06
1641782281
+9.010418E+00,+1.718487E-06
1641782285
+9.010357E+00,+1.538586E-06
1641782289
+9.010440E+00,+1.525582E-06
1641782293
+9.010265E+00,+1.554937E-06
1641782297
+9.010400E+00,+1.552275E-06
1641782301
+9.010474E+00,+1.590891E-06
1641782305
+9.010397E+00,+1.534431E-06
1641782309
+9.010329E+00,+1.561669E-06
1641782313
+9.010399E+00,+1.582053E-06
1641782317
+9.010390E+00,+1.622922E-06
1641782321
+9.010465E+00,+1.552688E-06
1641782325
+9.010296E+00,+1.586297E-06
1641782329
+9.010530E+00,+1.593081E-06
1641782333
+9.010521E+00,+1.594228E-06
1641782337
+9.010534E+00,+1.944335E-06
1641782341
+9.010324E+00,+1.600171E-06
1641782345
+9.010442E+00,+1.591393E-06
1641782349
+9.010383E+00,+1.620863E-06
1641782353
+9.010428E+00,+1.600965E-06
1641782357
+9.010427E+00,+1.599923E-06
1641782361
+9.010400E+00,+1.619804E-06
1641782365
+9.010373E+00,+1.587870E-06
1641782369
+9.010423E+00,+1.612763E-06
1641782373
+9.010329E+00,+1.835570E-06
1641782377
+9.010324E+00,+1.601509E-06
1641782381
+9.010452E+00,+1.617328E-06
1641782385
+9.010315E+00,+1.591578E-06
1641782389
+9.010507E+00,+1.639649E-06
1641782393
+9.010412E+00,+1.915249E-06
1641782397
+9.010315E+00,+1.627440E-06
1641782401
+9.010221E+00,+1.645566E-06
1641782405
+9.010487E+00,+1.636851E-06
1641782409
+9.010389E+00,+1.625893E-06
1641782413
+9.010376E+00,+1.690789E-06
1641782417
+9.010393E+00,+1.649684E-06
1641782421
+9.010371E+00,+1.690110E-06
1641782425
+9.010421E+00,+1.689591E-06
1641782429
+9.010349E+00,+1.857958E-06
1641782433
+9.010398E+00,+1.740588E-06
1641782437
+9.010458E+00,+1.735352E-06
1641782441
+9.010437E+00,+1.712409E-06
1641782445
+9.010302E+00,+1.712217E-06
1641782449
+9.010433E+00,+1.849495E-06
1641782453
+9.010276E+00,+1.701350E-06
1641782457
+9.010353E+00,+1.705549E-06
1641782461
+9.010415E+00,+1.706118E-06
1641782465
+9.010433E+00,+1.720756E-06
1641782469
+9.010424E+00,+1.714099E-06
1641782473
+9.010347E+00,+1.723882E-06
1641782477
+9.010458E+00,+1.728708E-06
1641782481
+9.010378E+00,+1.718161E-06
1641782485
+9.010355E+00,+2.008337E-06
1641782489
+9.010359E+00,+1.682820E-06
1641782493
+9.010363E+00,+1.744273E-06
1641782497
+9.010388E+00,+1.731603E-06
1641782501
+9.010356E+00,+1.688215E-06
1641782505
+9.010366E+00,+1.734627E-06
1641782509
+9.010378E+00,+1.754119E-06
1641782513
+9.010320E+00,+1.713791E-06
1641782517
+9.010464E+00,+1.719686E-06
1641782521
+9.010400E+00,+1.913388E-06
1641782525
+9.010384E+00,+1.740748E-06
1641782529
+9.010435E+00,+1.750792E-06
1641782533
+9.010213E+00,+1.778001E-06
1641782537
+9.010369E+00,+1.777263E-06
1641782541
+9.010372E+00,+2.066414E-06
1641782546
+9.010382E+00,+1.782438E-06
1641782550
+9.010227E+00,+1.719610E-06
1641782554
+9.010403E+00,+1.742107E-06
1641782558
+9.010416E+00,+1.734049E-06
1641782562
+9.010342E+00,+1.755221E-06
1641782566
+9.010402E+00,+1.733269E-06
1641782570
+9.010391E+00,+1.753298E-06
1641782574
+9.010427E+00,+1.721352E-06
1641782578
+9.010372E+00,+1.986776E-06
1641782582
+9.010403E+00,+1.760177E-06
1641782586
+9.010305E+00,+1.713483E-06
1641782590
+9.010448E+00,+1.745965E-06
1641782594
+9.010329E+00,+1.729534E-06
1641782598
+9.010488E+00,+1.865269E-06
1641782602
+9.010313E+00,+1.692159E-06
1641782606
+9.010396E+00,+1.720280E-06
1641782610
+9.010418E+00,+1.745477E-06
1641782614
+9.010425E+00,+1.794807E-06
1641782618
+9.010386E+00,+1.722065E-06
1641782622
+9.010386E+00,+1.732531E-06
1641782626
+9.010379E+00,+1.755074E-06
1641782630
+9.010425E+00,+1.798697E-06
1641782634
+9.010375E+00,+2.055466E-06
1641782638
+9.010353E+00,+1.765842E-06
1641782642
+9.010467E+00,+1.761447E-06
1641782646
+9.010466E+00,+1.786450E-06
