1645779087
+1.082371E-03,+1.520285E-10
1645779095
-4.999997E+01,-1.378892E-10
1645779103
-9.999568E+01,-2.063714E-10
1645779111
-1.500020E+02,-2.091355E-10
1645779120
-1.999943E+02,-1.838053E-10
1645779128
-2.500057E+02,-2.597546E-10
1645779136
-2.999933E+02,-2.681703E-10
1645779144
-3.499987E+02,-3.024528E-10
1645779152
-4.000095E+02,-1.795974E-10
1645779160
-4.499982E+02,-2.017097E-10
1645779168
-5.000011E+02,-2.975850E-10
1645779176
-5.499905E+02,-1.930464E-10
1645779184
-5.999940E+02,-3.688723E-10
1645779192
-6.499789E+02,-4.086822E-10
1645779200
-6.999834E+02,-4.365289E-10
1645779208
-7.499753E+02,-4.085182E-10
1645779216
1645779224
-8.499793E+02,-5.221728E-10
1645779232
-8.999701E+02,-3.794740E-10
1645779240
-9.499725E+02,-5.675527E-10
1645779248
-9.999635E+02,-4.414803E-10
1645779256
-9.999632E+02,-3.745244E-10
1645779264
-9.499763E+02,-2.255959E-10
1645779272
-8.999737E+02,-1.236565E-10
1645779280
-8.499846E+02,-1.809175E-10
1645779288
-7.999858E+02,-1.401171E-10
1645779296
-7.499818E+02,-8.322731E-11
1645779304
-6.999932E+02,+2.279383E-11
1645779312
-6.499877E+02,-2.567748E-11
1645779320
-6.000015E+02,-1.165607E-10
1645779329
-5.499990E+02,+1.052102E-10
1645779337
-5.000076E+02,+4.147983E-11
1645779345
-4.500056E+02,+9.337157E-11
1645779353
-4.000149E+02,-4.802808E-12
1645779361
-3.500066E+02,+2.481503E-11
1645779369
-3.000010E+02,+8.776160E-11
1645779377
-2.500121E+02,+1.832129E-10
1645779385
-1.999995E+02,+9.184535E-11
1645779393
-1.500082E+02,+1.367246E-10
1645779401
-1.000004E+02,+2.289171E-10
1645779409
-5.000285E+01,+1.997950E-10
1645779417
+9.700002E-03,+2.598540E-10
