1645685632
-5.449256E-03,+1.914201E-09
1645685638
-2.001484E+01,-8.764190E-09
1645685644
-4.001632E+01,-9.223594E-09
1645685650
-6.002232E+01,-9.301041E-09
1645685656
-8.000771E+01,-9.342894E-09
1645685662
-1.000150E+02,-9.817602E-09
1645685668
-1.200175E+02,-1.002141E-08
1645685674
-1.400225E+02,-9.972936E-09
1645685681
-1.600245E+02,-1.007691E-08
1645685687
-1.800114E+02,-1.017261E-08
1645685693
-2.000120E+02,-1.047665E-08
1645685699
-2.200154E+02,-1.046133E-08
1645685705
-2.400236E+02,-1.054418E-08
1645685711
-2.600236E+02,-1.084574E-08
1645685717
-2.800293E+02,-1.078319E-08
1645685723
-3.000130E+02,-1.109634E-08
1645685729
-3.200180E+02,-1.098534E-08
1645685735
-3.400182E+02,-1.118625E-08
1645685741
-3.600221E+02,-1.118334E-08
1645685747
-3.800235E+02,-1.130305E-08
1645685753
-4.000277E+02,-1.135731E-08
1645685759
-4.200097E+02,-1.162699E-08
1645685765
-4.400132E+02,-1.173759E-08
1645685771
-4.600172E+02,-1.161622E-08
1645685777
-4.800154E+02,-1.163609E-08
1645685783
-5.000187E+02,-1.181837E-08
1645685789
-5.200062E+02,-1.182707E-08
1645685795
-5.400094E+02,-1.181878E-08
1645685801
-5.600102E+02,-1.204827E-08
1645685807
-5.800131E+02,-1.216549E-08
1645685813
-6.000155E+02,-1.208099E-08
1645685819
-6.200180E+02,-1.207851E-08
1645685825
-6.399986E+02,-1.213857E-08
1645685831
-6.600041E+02,-1.222266E-08
1645685837
-6.800062E+02,-1.238795E-08
1645685843
-7.000059E+02,-1.248776E-08
1645685849
-7.200070E+02,-1.260375E-08
1645685855
-7.400122E+02,-1.287300E-08
1645685861
-7.599948E+02,-1.287176E-08
1645685867
-7.799982E+02,-1.276739E-08
1645685873
-8.000022E+02,-1.303085E-08
1645685879
-8.200049E+02,-1.294219E-08
1645685885
-8.400067E+02,-1.304989E-08
1645685891
-8.599879E+02,-1.322759E-08
1645685897
-8.799918E+02,-1.321890E-08
1645685903
-8.999931E+02,-1.342311E-08
1645685909
-9.199951E+02,-1.326530E-08
1645685915
DCL
-9.199950E+02,-1.316256E-08
1645685921
-9.600009E+02,-1.364556E-08
1645685927
-9.799822E+02,-1.354656E-08
1645685933
-9.999832E+02,-1.378474E-08
1645685939
-9.999841E+02,-1.350678E-08
1645685946
-9.799843E+02,-1.344175E-08
1645685952
-9.600033E+02,-1.337341E-08
1645685958
-9.399998E+02,-1.315428E-08
1645685964
-9.199992E+02,-1.329263E-08
1645685970
-8.999981E+02,-1.312942E-08
1645685976
-8.799958E+02,-1.314309E-08
1645685982
-8.599927E+02,-1.284028E-08
1645685988
-8.400114E+02,-1.295627E-08
1645685994
-8.200112E+02,-1.274004E-08
1645686000
-8.000081E+02,-1.265636E-08
1645686006
-7.800048E+02,-1.276655E-08
1645686012
-7.600032E+02,-1.263317E-08
1645686018
-7.400217E+02,-1.254204E-08
1645686024
-7.200164E+02,-1.233865E-08
1645686030
-7.000151E+02,-1.241072E-08
1645686036
-6.800143E+02,-1.230468E-08
1645686042
-6.600118E+02,-1.208429E-08
1645686048
-6.400103E+02,-1.218456E-08
1645686054
-6.200265E+02,-1.183783E-08
1645686060
-6.000248E+02,-1.174214E-08
1645686066
-5.800239E+02,-1.179642E-08
1645686072
-5.600199E+02,-1.167172E-08
1645686078
-5.400180E+02,-1.164232E-08
1645686084
-5.200156E+02,-1.161705E-08
1645686090
-5.000288E+02,-1.160918E-08
1645686096
-4.800249E+02,-1.150437E-08
1645686102
-4.600243E+02,-1.127863E-08
1645686108
DCL
-4.600258E+02,-1.132751E-08
1645686114
-4.200191E+02,-1.122394E-08
1645686120
-4.000362E+02,-1.119702E-08
1645686126
-3.800332E+02,-1.087100E-08
1645686132
-3.600304E+02,-1.080888E-08
1645686138
-3.400267E+02,-1.076249E-08
1645686144
-3.200260E+02,-1.060548E-08
1645686150
-3.000197E+02,-1.073389E-08
1645686156
-2.800345E+02,-1.061750E-08
1645686162
-2.600295E+02,-1.033250E-08
1645686168
-2.400285E+02,-1.032422E-08
1645686174
-2.200200E+02,-1.025587E-08
1645686180
-2.000170E+02,-1.014237E-08
1645686186
-1.800152E+02,-9.820079E-09
1645686192
-1.600276E+02,-9.716954E-09
1645686198
-1.400259E+02,-9.576515E-09
1645686204
-1.200202E+02,-9.341651E-09
1645686210
-1.000180E+02,-9.193355E-09
1645686216
-8.000938E+01,-9.098906E-09
1645686223
-6.002412E+01,-8.964276E-09
1645686229
-4.001709E+01,-8.554187E-09
1645686235
-2.001657E+01,-8.135811E-09
1645686241
-5.766786E-03,+2.788564E-09
