1664156438
+2.004939E-03,-1.009453E-10
1664156449
+2.079160E-03,-1.074701E-10
1664156459
+2.071319E-03,-1.073947E-10
1664156469
+2.070401E-03,-1.075789E-10
1664156480
+2.060391E-03,-1.086168E-10
1664156490
+2.036957E-03,-1.075370E-10
1664156500
+2.078902E-03,-1.089098E-10
1664156511
+2.069645E-03,-1.078551E-10
1664156521
+2.067057E-03,-1.073403E-10
1664156531
+2.117678E-03,-1.074240E-10
1664156541
+2.115342E-03,-1.068883E-10
1664156552
+2.147365E-03,-1.063233E-10
1664156562
+2.122844E-03,-1.062689E-10
1664156572
+2.111918E-03,-1.081983E-10
1664156583
+2.115919E-03,-1.072818E-10
1664156593
+2.123090E-03,-1.070390E-10
1664156603
+2.087229E-03,-1.075580E-10
1664156614
+2.115414E-03,-1.068298E-10
1664156624
+2.138181E-03,-1.067419E-10
1664156634
+2.143517E-03,-1.078719E-10
1664156644
+2.153938E-03,-1.069177E-10
1664156655
+2.165028E-03,-1.058505E-10
1664156665
+2.188713E-03,-1.062271E-10
1664156675
+2.146930E-03,-1.065912E-10
1664156686
+2.138505E-03,-1.055533E-10
1664156696
+2.178201E-03,-1.073697E-10
1664156706
+2.196045E-03,-1.069386E-10
1664156717
+2.222647E-03,-1.064531E-10
1664156727
+2.258423E-03,-1.080184E-10
1664156737
+2.191705E-03,-1.067587E-10
1664156747
+2.213887E-03,-1.069135E-10
1664156758
+2.188449E-03,-1.071312E-10
1664156768
+2.154256E-03,-1.070726E-10
1664156778
+2.134322E-03,-1.073404E-10
1664156789
+2.053093E-03,-1.073446E-10
1664156799
+2.075610E-03,-1.059258E-10
1664156809
+2.094372E-03,-1.063360E-10
1664156820
+2.139988E-03,-1.065369E-10
1664156830
+2.116553E-03,-1.071898E-10
1664156840
+2.129227E-03,-1.078468E-10
1664156850
+2.136732E-03,-1.068843E-10
1664156861
+2.132895E-03,-1.081733E-10
1664156871
+2.186016E-03,-1.064909E-10
1664156881
+2.225210E-03,-1.068173E-10
1664156892
+2.265240E-03,-1.068717E-10
1664156902
