1645777942
+2.261629E-03,+1.424998E-10
1645777950
-4.999950E+01,-6.086749E-11
1645777958
-9.999701E+01,-2.589298E-10
1645777966
-1.500030E+02,-6.255893E-11
1645777974
-1.999957E+02,-1.031945E-10
1645777983
-2.500066E+02,-1.411485E-10
1645777991
-2.999939E+02,-2.654068E-10
1645777999
-3.500007E+02,-1.307938E-10
1645778007
-4.000079E+02,-1.239042E-10
1645778015
-4.499977E+02,-1.749774E-10
1645778023
-4.999995E+02,-2.384677E-10
1645778031
-5.499901E+02,-1.902822E-10
1645778039
-5.999951E+02,-2.959763E-10
1645778047
-6.499808E+02,-2.505551E-10
1645778055
-6.999847E+02,-4.324870E-10
1645778063
-7.499749E+02,-3.272879E-10
1645778071
-7.999791E+02,-4.807132E-10
1645778079
-8.499795E+02,-3.461002E-10
1645778087
-8.999705E+02,-3.957290E-10
1645778095
-9.499750E+02,-5.546000E-10
1645778103
-9.999606E+02,-6.147060E-10
1645778111
-9.999600E+02,-3.911904E-10
1645778119
-9.499762E+02,-3.700682E-10
1645778127
-8.999732E+02,-1.092587E-10
1645778135
-8.499841E+02,-2.481619E-10
1645778143
-7.999857E+02,-8.244349E-11
1645778151
-7.499809E+02,-5.612327E-11
1645778159
-6.999913E+02,-1.208511E-10
1645778167
-6.499871E+02,+1.107898E-11
1645778175
-6.000013E+02,+5.154463E-11
1645778183
-5.499988E+02,+6.660074E-11
1645778191
-5.000077E+02,-4.300436E-11
1645778199
-4.500044E+02,+1.491412E-10
1645778207
-4.000157E+02,+1.686107E-10
1645778216
-3.500065E+02,+1.491519E-11
1645778224
-3.000001E+02,+1.114800E-10
1645778232
-2.500123E+02,+4.754345E-11
1645778240
-1.999990E+02,+1.010440E-10
1645778248
-1.500066E+02,+9.790918E-11
1645778256
-1.000004E+02,+1.507496E-10
1645778264
-5.000212E+01,+1.302486E-10
1645778272
+1.028964E-02,+2.554818E-10
