1645768511
+9.563916E-03,+1.549978E-10
1645768519
-5.000266E+01,-2.604870E-11
1645768527
-1.000010E+02,-8.586738E-11
1645768535
-1.500066E+02,-8.747633E-11
1645768543
-1.999979E+02,-1.224600E-10
1645768551
-2.500102E+02,-2.424271E-10
1645768559
-2.999973E+02,-1.625589E-10
1645768568
-3.500033E+02,-2.054633E-10
1645768576
-4.000124E+02,-1.455624E-10
1645768584
-4.500012E+02,-1.604136E-10
1645768592
-5.000047E+02,-1.999355E-10
1645768600
-5.499932E+02,-2.001829E-10
1645768608
-5.999979E+02,-2.716766E-10
1645768616
-6.499836E+02,-4.019980E-10
1645768624
-6.999882E+02,-4.041026E-10
1645768632
-7.499776E+02,-2.814950E-10
1645768640
-7.999803E+02,-3.740277E-10
1645768648
-8.499844E+02,-4.711821E-10
1645768656
-8.999734E+02,-4.153241E-10
1645768664
-9.499766E+02,-5.364877E-10
1645768672
-9.999640E+02,-5.495648E-10
1645768680
-9.999646E+02,-4.732034E-10
1645768688
-9.499800E+02,-1.351661E-10
1645768696
-8.999767E+02,-2.453977E-10
1645768704
-8.499868E+02,-1.173443E-10
1645768712
-7.999860E+02,-9.248904E-13
1645768720
-7.499826E+02,-9.514946E-11
1645768728
-6.999939E+02,-1.503385E-11
1645768736
-6.499896E+02,+7.534547E-11
1645768744
-6.000054E+02,+5.571073E-11
1645768752
-5.500006E+02,-7.609007E-11
1645768760
-5.000096E+02,-2.258334E-11
1645768768
-4.500061E+02,+1.797862E-12
1645768777
-4.000203E+02,+9.469136E-11
1645768785
-3.500103E+02,+1.903071E-10
1645768793
-3.000020E+02,-3.236063E-11
1645768801
-2.500144E+02,+4.667711E-11
1645768809
-2.000015E+02,+1.328470E-10
1645768817
-1.500099E+02,+1.401069E-10
1645768825
-1.000020E+02,+1.240608E-10
1645768833
-5.000323E+01,+1.160585E-10
1645768841
+8.293962E-03,+3.253579E-10
