1645766486
+8.792847E-03,-8.309386E-12
1645766494
-5.000295E+01,-1.383746E-11
1645766502
-1.000001E+02,-1.349598E-10
1645766510
-1.500072E+02,-7.373859E-11
1645766518
-1.999976E+02,-8.958018E-11
1645766526
-2.500099E+02,-2.451089E-10
1645766534
-2.999971E+02,-2.602078E-10
1645766542
-3.500033E+02,-2.168495E-10
1645766550
-4.000110E+02,-2.747703E-10
1645766558
-4.500003E+02,-1.268740E-10
1645766566
-5.000036E+02,-1.960160E-10
1645766574
-5.499927E+02,-3.005126E-10
1645766582
-5.999980E+02,-2.070726E-10
1645766590
-6.499841E+02,-4.115700E-10
1645766598
-6.999883E+02,-2.785248E-10
1645766606
-7.499755E+02,-3.268739E-10
1645766614
-7.999821E+02,-4.782361E-10
1645766622
-8.499832E+02,-3.180873E-10
1645766630
-8.999737E+02,-3.853731E-10
1645766638
-9.499769E+02,-5.127661E-10
1645766646
-9.999630E+02,-5.840122E-10
1645766654
-9.999609E+02,-3.314119E-10
1645766662
-9.499800E+02,-2.393334E-10
1645766670
-8.999767E+02,-9.630472E-11
1645766678
-8.499868E+02,-2.086401E-10
1645766686
-7.999846E+02,-1.237385E-10
1645766694
-7.499820E+02,-9.939857E-11
1645766703
-6.999932E+02,-1.327319E-10
1645766711
-6.499893E+02,+6.005288E-12
1645766719
-6.000056E+02,-4.952237E-11
1645766727
-5.500003E+02,-8.883758E-11
1645766735
-5.000096E+02,+1.953508E-11
1645766743
-4.500068E+02,+1.337133E-10
1645766751
-4.000175E+02,+1.646914E-10
1645766759
-3.500089E+02,+9.102011E-11
1645766767
-3.000014E+02,+4.952331E-11
1645766775
-2.500142E+02,+2.190580E-10
1645766783
-2.000006E+02,+8.429653E-11
1645766791
-1.500082E+02,+2.398478E-10
1645766799
1645766807
-1.000016E+02,+4.149071E-12
1645766815
+8.203236E-03,+3.898714E-10
