1664153171
+8.349638E-03,-1.370482E-10
1664153173
+8.364653E-03,-1.285930E-10
1664153175
+8.357145E-03,-1.323601E-10
1664153178
+8.334620E-03,-1.360855E-10
1664153180
+8.327117E-03,-1.337414E-10
1664153182
+8.346296E-03,-1.322345E-10
1664153185
+8.350464E-03,-1.336577E-10
1664153187
+8.355466E-03,-1.323182E-10
1664153189
+8.377148E-03,-1.331135E-10
1664153192
+8.352129E-03,-1.341181E-10
1664153194
+8.417181E-03,-1.344948E-10
1664153196
+8.377979E-03,-1.365041E-10
1664153198
+8.362128E-03,-1.349554E-10
1664153201
+8.396326E-03,-1.329043E-10
