1645777561
+2.397705E-03,-2.203794E-12
1645777569
-4.999835E+01,-1.470068E-10
1645777577
-9.999663E+01,-2.146229E-10
1645777585
-1.500035E+02,-4.580975E-11
1645777593
-1.999943E+02,-8.021592E-11
1645777601
-2.500063E+02,-2.571559E-10
1645777609
-2.999933E+02,-1.748123E-10
1645777617
-3.500010E+02,-1.048862E-10
1645777625
-4.000084E+02,-2.329397E-10
1645777633
-4.499960E+02,-2.876434E-10
1645777641
-4.999991E+02,-3.188317E-10
1645777649
-5.499899E+02,-2.434597E-10
1645777657
-5.999951E+02,-1.987399E-10
1645777665
-6.499794E+02,-3.236583E-10
1645777673
-6.999858E+02,-3.155315E-10
1645777681
-7.499733E+02,-4.305478E-10
1645777689
-7.999783E+02,-4.276195E-10
1645777698
-8.499805E+02,-4.951529E-10
1645777706
-8.999702E+02,-4.047643E-10
1645777714
-9.499726E+02,-3.880144E-10
1645777722
-9.999623E+02,-5.134698E-10
1645777730
-9.999636E+02,-4.126441E-10
1645777738
-9.499756E+02,-3.049695E-10
1645777746
-8.999745E+02,-4.783115E-11
1645777754
-8.499854E+02,-7.229503E-11
1645777762
-7.999848E+02,-1.857445E-10
1645777770
-7.499797E+02,-6.891216E-11
1645777778
-6.999913E+02,-1.255545E-10
1645777786
-6.499865E+02,-1.069074E-10
1645777794
-6.000012E+02,-1.143746E-10
1645777802
-5.499959E+02,-7.241875E-11
1645777810
-5.000068E+02,+2.213386E-11
1645777818
-4.500025E+02,-1.206863E-10
1645777826
-4.000155E+02,+8.149176E-11
1645777834
-3.500068E+02,+1.435311E-10
1645777842
-2.999995E+02,+4.857478E-11
1645777850
-2.500114E+02,+1.358587E-10
1645777858
-1.999989E+02,+8.664813E-11
1645777866
-1.500074E+02,+2.438085E-10
1645777874
-9.999916E+01,+1.465423E-10
1645777882
-5.000195E+01,+2.516047E-10
1645777890
+1.092465E-02,+1.891118E-10
