1645755500
+1.006285E-02,-3.161809E-11
1645755506
-2.000110E+01,+3.364233E-11
1645755512
-4.000004E+01,-1.173031E-10
1645755518
-6.000649E+01,+2.646495E-11
1645755524
-7.999203E+01,-7.749279E-11
1645755530
-9.999883E+01,-1.111150E-10
1645755536
-1.200022E+02,-5.723692E-11
1645755542
-1.400062E+02,-5.174090E-12
1645755548
-1.600099E+02,-3.244315E-11
1645755554
-1.600105E+02,-1.152724E-11
1645755560
-1.999981E+02,-2.819395E-11
1645755566
-2.200006E+02,-1.376827E-10
1645755572
-2.400068E+02,-1.758841E-10
1645755578
-2.600072E+02,-1.803809E-10
1645755584
-2.800125E+02,-1.361977E-10
1645755590
-2.999973E+02,-1.896218E-10
1645755596
-3.200031E+02,-6.453888E-11
1645755602
-3.400020E+02,-1.276992E-10
1645755608
-3.600070E+02,-1.846302E-10
1645755614
-3.800088E+02,-1.244402E-10
1645755621
-4.000122E+02,-1.950262E-10
1645755627
-4.199949E+02,-2.716353E-10
1645755633
-4.399972E+02,-2.479965E-10
1645755639
-4.600021E+02,-1.052980E-10
1645755645
-4.800003E+02,-7.646127E-11
1645755651
-5.000045E+02,-2.205625E-10
1645755657
-5.199896E+02,-1.965115E-10
1645755663
-5.399943E+02,-1.664369E-10
1645755669
-5.599952E+02,-1.047617E-10
1645755675
-5.799990E+02,-2.171385E-10
1645755681
-5.999971E+02,-2.702735E-10
1645755687
-6.200004E+02,-2.901996E-10
1645755693
-6.200018E+02,-8.978656E-11
1645755699
-6.599866E+02,-2.165604E-10
1645755705
-6.799888E+02,-2.697787E-10
1645755711
-6.999897E+02,-3.624358E-10
1645755717
-7.199907E+02,-1.899108E-10
1645755723
-7.399957E+02,-3.129720E-10
1645755729
-7.599777E+02,-2.066184E-10
1645755735
-7.799797E+02,-4.174275E-10
1645755741
-7.999840E+02,-3.711817E-10
1645755747
-8.199884E+02,-2.902409E-10
1645755753
-8.399888E+02,-2.095891E-10
1645755759
-8.599708E+02,-3.358683E-10
1645755765
-8.799749E+02,-2.825259E-10
1645755771
-8.999780E+02,-3.501832E-10
1645755777
-9.199771E+02,-4.150352E-10
1645755783
-9.399766E+02,-4.382605E-10
1645755789
-9.599821E+02,-4.286484E-10
1645755795
-9.799643E+02,-4.761311E-10
1645755801
-9.999673E+02,-3.977899E-10
1645755807
-9.999663E+02,-4.194487E-10
1645755813
-9.799667E+02,-3.285242E-10
1645755819
-9.599868E+02,-4.048868E-10
1645755825
-9.399831E+02,-2.587640E-10
1645755831
-9.199829E+02,-2.266682E-10
1645755837
-8.999801E+02,-3.077735E-10
1645755843
-8.799781E+02,-2.259249E-10
1645755849
-8.599788E+02,-1.416844E-10
1645755855
-8.399973E+02,-1.939950E-10
1645755861
-8.199963E+02,-2.564125E-10
1645755867
-7.999922E+02,-1.069070E-10
1645755873
-7.799893E+02,-2.343415E-10
1645755880
-7.599864E+02,-2.082684E-10
1645755886
-7.400054E+02,-1.459749E-10
1645755892
-7.199989E+02,-1.930455E-10
1645755898
-6.999984E+02,-1.359499E-10
1645755904
-6.799994E+02,-2.633750E-11
1645755910
-6.599973E+02,-1.216349E-10
1645755916
-6.399928E+02,-3.429953E-11
1645755922
-6.200111E+02,-2.068570E-11
1645755928
-6.000081E+02,-3.359826E-11
1645755934
-5.800082E+02,-1.598774E-10
1645755940
-5.600031E+02,-7.217082E-11
1645755946
-5.400013E+02,-4.472745E-12
1645755952
-5.199987E+02,-1.276166E-10
1645755958
-5.000137E+02,+3.438483E-11
1645755964
-4.800103E+02,-1.199433E-10
1645755970
-4.600097E+02,-1.585891E-11
1645755976
-4.400054E+02,-2.175827E-11
1645755982
-4.200029E+02,+3.958222E-11
1645755988
-4.000211E+02,+1.186572E-10
1645755994
-3.800161E+02,+6.129037E-12
1645756000
-3.600139E+02,-6.123850E-11
1645756006
-3.400091E+02,+3.046612E-11
1645756012
-3.200077E+02,-4.288044E-11
1645756018
-3.000042E+02,+1.205547E-10
1645756024
-2.800187E+02,-5.215332E-12
1645756030
-2.600137E+02,-4.283920E-11
1645756036
-2.400129E+02,+3.282836E-12
1645756042
-2.200044E+02,+1.139907E-09
1645756046
-2.000024E+02,+1.503888E-11
1645756052
-1.800003E+02,+8.322402E-11
1645756058
-1.600123E+02,-1.127971E-11
1645756064
-1.400096E+02,+1.045499E-10
1645756070
-1.200048E+02,+1.520278E-10
1645756076
-1.000027E+02,+1.751688E-10
1645756082
-7.999613E+01,+1.296295E-10
1645756088
-6.000878E+01,+2.176970E-10
1645756094
-4.000278E+01,+7.097292E-11
1645756100
-2.000251E+01,+5.368948E-11
1645756106
+7.477540E-03,+2.077556E-10
