1645769187
+7.840392E-03,+1.823462E-10
1645769195
-5.000221E+01,-1.562473E-10
1645769203
-1.000002E+02,-2.673862E-10
1645769211
-1.500079E+02,-1.667255E-10
1645769219
-1.999980E+02,-2.519158E-10
1645769227
-2.500119E+02,-1.487390E-10
1645769235
-2.999988E+02,-9.061164E-11
1645769243
-3.500028E+02,-2.121877E-10
1645769251
-4.000117E+02,-2.688708E-10
1645769259
-4.499998E+02,-2.075261E-10
1645769267
-5.000026E+02,-2.298448E-10
1645769275
-5.499941E+02,-2.674271E-10
1645769283
-5.999975E+02,-2.686651E-10
1645769291
-6.499830E+02,-2.322787E-10
1645769299
-6.999877E+02,-4.402827E-10
1645769307
-7.499781E+02,-3.015859E-10
1645769315
-7.999833E+02,-4.669328E-10
1645769323
-8.499820E+02,-4.600846E-10
1645769331
-8.999733E+02,-4.878067E-10
1645769339
-9.499769E+02,-5.272467E-10
1645769347
-9.999628E+02,-4.596308E-10
1645769355
-9.999632E+02,-4.661082E-10
1645769363
-9.499797E+02,-1.463873E-10
1645769371
-8.999756E+02,-1.392089E-10
1645769380
-8.499868E+02,-1.846712E-10
1645769388
-7.999872E+02,+1.536889E-11
1645769396
-7.499832E+02,+2.015378E-11
1645769404
-6.999949E+02,-1.033086E-11
1645769412
-6.499900E+02,-7.695650E-11
1645769420
-6.000042E+02,+4.234594E-11
1645769428
-5.499994E+02,-3.482653E-12
1645769436
-5.000101E+02,-4.457192E-11
1645769444
-4.500059E+02,-6.361129E-13
1645769452
-4.000181E+02,+5.579325E-11
1645769460
-3.500087E+02,+1.761175E-10
1645769468
-3.000028E+02,+2.030121E-10
1645769476
-2.500151E+02,+2.153455E-10
1645769484
-2.000012E+02,+8.421393E-11
1645769492
-1.500114E+02,+1.725701E-10
1645769500
1645769508
-1.000021E+02,+8.021285E-11
1645769516
+7.432194E-03,+2.829122E-10
