1645764866
+9.881378E-03,+6.573415E-11
1645764872
-1.999895E+01,+5.542190E-11
1645764878
-3.999855E+01,-1.204382E-10
1645764884
-6.000590E+01,-1.031940E-10
1645764890
-7.999089E+01,-1.311230E-10
1645764896
-9.999838E+01,-1.427981E-10
1645764902
-1.200012E+02,-2.868894E-11
1645764908
-1.400043E+02,-1.172414E-12
1645764914
-1.600075E+02,-1.515438E-10
1645764920
-1.799946E+02,-8.892001E-11
1645764926
-1.999972E+02,-1.606198E-10
1645764932
-2.199995E+02,-7.109818E-11
1645764938
-2.400064E+02,-1.386725E-10
1645764944
-2.600061E+02,-1.396214E-10
1645764950
-2.800114E+02,-1.511632E-11
1645764957
-2.999952E+02,-1.950670E-10
1645764963
-3.200015E+02,-1.812882E-10
1645764969
-3.400013E+02,-2.453970E-10
1645764975
-3.600060E+02,-1.340520E-10
1645764981
-3.800069E+02,-1.914779E-10
1645764987
-4.000111E+02,-2.182106E-10
1645764993
-4.199933E+02,-1.832270E-10
1645764999
-4.399974E+02,-1.871049E-10
1645765005
-4.599985E+02,-1.961807E-10
1645765011
-4.799983E+02,-3.161477E-10
1645765017
-5.000027E+02,-6.453880E-11
1645765023
-5.199882E+02,-2.480373E-10
1645765029
-5.399907E+02,-2.120226E-10
1645765035
-5.599932E+02,-1.543905E-10
1645765041
-5.799963E+02,-2.231610E-10
1645765047
-5.999976E+02,-1.618572E-10
1645765053
-6.200004E+02,-1.716345E-10
1645765059
-6.399839E+02,-1.651577E-10
1645765065
-6.599868E+02,-1.913130E-10
1645765071
-6.799876E+02,-3.230787E-10
1645765077
-6.999885E+02,-2.302154E-10
1645765083
-7.199905E+02,-3.698610E-10
1645765089
-7.199910E+02,-3.283591E-10
1645765095
-7.599784E+02,-3.622701E-10
1645765101
-7.599786E+02,-2.005125E-10
1645765107
-7.999840E+02,-3.583095E-10
1645765113
-8.199853E+02,-3.241091E-10
1645765119
-8.399881E+02,-4.347952E-10
1645765125
-8.599694E+02,-4.404054E-10
1645765131
-8.799744E+02,-4.690367E-10
1645765137
-8.999758E+02,-3.052153E-10
1645765143
-9.199762E+02,-4.620223E-10
1645765149
-9.399800E+02,-4.107853E-10
1645765155
-9.599808E+02,-5.506777E-10
1645765161
-9.799645E+02,-4.732850E-10
1645765167
-9.999661E+02,-5.221716E-10
1645765173
-9.999683E+02,-3.412723E-10
1645765179
-9.799655E+02,-4.102488E-10
1645765185
-9.599861E+02,-3.672206E-10
1645765191
-9.399813E+02,-3.272867E-10
1645765197
-9.199807E+02,-3.102901E-10
1645765203
-8.999811E+02,-1.761727E-10
1645765209
-8.999818E+02,-2.084745E-10
1645765216
-8.599764E+02,-9.527319E-11
1645765222
-8.399950E+02,-1.732021E-10
1645765228
-8.199941E+02,-1.404463E-10
1645765234
-7.999913E+02,-1.762550E-10
1645765240
-7.799874E+02,-1.270798E-10
1645765246
-7.599857E+02,-2.384251E-10
1645765252
-7.400027E+02,-2.184579E-10
1645765258
-7.199995E+02,-1.282353E-10
1645765264
-6.999971E+02,-7.757520E-11
1645765270
-6.799984E+02,-8.108181E-11
1645765276
-6.599946E+02,-6.969565E-11
1645765282
-6.399925E+02,+5.097800E-12
1645765288
-6.200096E+02,-6.887038E-11
1645765294
-6.000065E+02,-1.144976E-10
1645765300
-5.800060E+02,-1.074845E-10
1645765306
-5.600027E+02,+2.444372E-11
1645765312
-5.400004E+02,-1.115589E-11
1645765318
-5.199988E+02,+3.982966E-11
1645765324
-5.000110E+02,-1.212633E-10
1645765330
-4.800079E+02,-3.152611E-12
1645765336
-4.600063E+02,-6.313614E-11
1645765342
-4.400059E+02,+6.453797E-11
1645765348
-4.200008E+02,-9.778964E-11
1645765354
-4.000180E+02,-6.631282E-11
1645765360
-3.800139E+02,-6.226979E-11
1645765366
-3.600126E+02,+5.221547E-12
1645765372
-3.400086E+02,+6.990040E-11
1645765377
-3.200070E+02,-3.025664E-11
1645765383
-3.000021E+02,+6.321802E-11
1645765389
-2.800178E+02,-3.693978E-11
1645765395
-2.600125E+02,+2.038363E-10
1645765401
-2.400107E+02,+4.350087E-11
1645765407
-2.200040E+02,+9.044247E-11
1645765413
-2.000012E+02,+1.203894E-10
1645765419
-1.799984E+02,+3.685972E-11
1645765425
-1.600110E+02,+1.202657E-10
1645765431
-1.400077E+02,+1.209257E-10
1645765437
-1.200039E+02,+1.420455E-10
1645765443
-1.000018E+02,+6.437298E-11
1645765449
-7.999380E+01,+4.036595E-11
1645765455
-6.000734E+01,+1.034772E-10
1645765461
-3.999984E+01,+1.025285E-10
1645765468
-2.000042E+01,+2.004132E-10
1645765474
+9.518535E-03,+2.201713E-10
