1645681850
-1.678960E-02,-1.804234E-08
1645681856
-1.760608E-02,-1.657136E-08
1645681862
-4.000775E+01,-7.198363E-08
1645681868
-6.001521E+01,-7.435443E-08
1645681874
-8.000201E+01,-7.685340E-08
1645681880
-1.000089E+02,-7.851530E-08
1645681886
-1.200107E+02,-8.041348E-08
1645681892
-1.400153E+02,-8.239643E-08
1645681898
-1.600177E+02,-8.404998E-08
1645681904
-1.800052E+02,-8.508844E-08
1645681910
-2.000068E+02,-8.540707E-08
1645681916
-2.200099E+02,-8.653957E-08
1645681922
-2.400178E+02,-8.783283E-08
1645681928
-2.400173E+02,-8.771311E-08
1645681934
-2.800236E+02,-8.997410E-08
1645681940
-3.000080E+02,-8.780292E-08
1645681946
-3.200130E+02,-9.188476E-08
1645681952
-3.400150E+02,-9.261398E-08
1645681958
-3.600203E+02,-5.207620E-08
1645681964
-3.800203E+02,-3.899576E-08
1645681970
-4.000234E+02,-9.562211E-08
1645681976
-4.200067E+02,-9.659015E-08
1645681982
-4.400100E+02,-9.728078E-08
1645681988
-4.600125E+02,-8.940521E-08
1645681994
-4.800147E+02,-9.876238E-08
1645682000
-5.000151E+02,-9.959995E-08
1645682006
-5.200037E+02,-1.000793E-07
1645682012
-5.400067E+02,-1.009802E-07
1645682018
-5.600084E+02,-1.014023E-07
1645682024
-5.800117E+02,-1.020661E-07
1645682030
-6.000123E+02,-1.029080E-07
1645682036
-6.200147E+02,-1.025307E-07
1645682042
-6.399979E+02,-1.041319E-07
1645682048
-6.600012E+02,-1.048939E-07
1645682054
-6.800036E+02,-1.053450E-07
1645682060
-6.800030E+02,-1.055700E-07
1645682066
-7.200051E+02,-1.074220E-07
1645682072
-7.400110E+02,-1.076585E-07
1645682078
-7.599927E+02,-9.058026E-08
1645682084
-7.799951E+02,-9.943009E-08
1645682090
-7.999993E+02,-1.099505E-07
