1641808292
-4.999339E+01,-6.188523E-08
1641808294
-4.999331E+01,-5.219885E-08
1641808298
-4.999340E+01,-4.589598E-08
1641808302
-4.999339E+01,-4.171514E-08
1641808306
-4.999338E+01,-3.946229E-08
1641808310
-4.999331E+01,-3.512958E-08
1641808314
-4.999341E+01,-3.490598E-08
1641808318
-4.999345E+01,-3.174611E-08
1641808322
-4.999342E+01,-3.167438E-08
1641808326
-4.999340E+01,-3.045514E-08
1641808330
-4.999344E+01,-2.814746E-08
1641808334
-4.999347E+01,-2.740073E-08
1641808338
-4.999342E+01,-2.659494E-08
1641808342
-4.999352E+01,-2.601274E-08
1641808347
-4.999345E+01,-2.548961E-08
1641808351
-4.999346E+01,-2.435475E-08
1641808355
-4.999345E+01,-2.455726E-08
1641808359
-4.999348E+01,-2.451930E-08
1641808363
-4.999337E+01,-2.455304E-08
1641808367
-4.999341E+01,-2.331693E-08
1641808371
-4.999350E+01,-2.075190E-08
1641808375
-4.999335E+01,-2.115268E-08
1641808379
-4.999344E+01,-2.157456E-08
1641808383
-4.999337E+01,-2.148175E-08
1641808387
-4.999343E+01,-1.988283E-08
1641808391
-4.999346E+01,-1.957064E-08
1641808395
-4.999356E+01,-1.992924E-08
1641808399
-4.999353E+01,-2.054940E-08
1641808403
-4.999348E+01,-1.976470E-08
1641808407
-4.999356E+01,-1.979423E-08
1641808411
-4.999353E+01,-1.860453E-08
1641808415
-4.999351E+01,-1.888297E-08
1641808419
-4.999350E+01,-2.005580E-08
1641808423
-4.999349E+01,-1.848640E-08
1641808427
-4.999345E+01,-1.782827E-08
1641808431
-4.999349E+01,-1.777764E-08
1641808435
-4.999355E+01,-1.876484E-08
1641808439
-4.999354E+01,-1.846531E-08
1641808443
-4.999347E+01,-1.854968E-08
1641808447
-4.999355E+01,-1.746545E-08
1641808451
-4.999355E+01,-1.810671E-08
1641808455
-4.999346E+01,-1.740639E-08
1641808459
-4.999355E+01,-1.544043E-08
1641808463
-4.999346E+01,-1.582856E-08
1641808467
-4.999350E+01,-1.865515E-08
1641808471
-4.999352E+01,-1.690013E-08
1641808475
-4.999353E+01,-1.699295E-08
1641808479
-4.999347E+01,-1.717436E-08
1641808483
-4.999347E+01,-1.657950E-08
1641808487
-4.999350E+01,-1.633481E-08
1641808491
-4.999361E+01,-1.571465E-08
1641808495
-4.999358E+01,-1.425494E-08
1641808499
-4.999353E+01,-1.573996E-08
1641808503
-4.999341E+01,-1.647403E-08
1641808507
-4.999343E+01,-1.796327E-08
1641808511
-4.999348E+01,-1.693810E-08
1641808515
-4.999358E+01,-1.621247E-08
1641808519
-4.999343E+01,-1.756248E-08
1641808523
-4.999335E+01,-1.552480E-08
1641808527
-4.999337E+01,-1.689169E-08
1641808531
-4.999343E+01,-1.648669E-08
1641808535
-4.999345E+01,-1.461354E-08
1641808539
-4.999351E+01,-1.629684E-08
1641808543
-4.999345E+01,-1.609434E-08
1641808547
-4.999338E+01,-1.595512E-08
1641808551
-4.999344E+01,-1.505652E-08
1641808555
-4.999348E+01,-1.641919E-08
1641808559
-4.999346E+01,-1.539402E-08
1641808563
-4.999346E+01,-1.548683E-08
1641808567
-4.999339E+01,-1.552902E-08
1641808571
-4.999342E+01,-1.506495E-08
1641808575
-4.999347E+01,-1.479917E-08
1641808579
-4.999342E+01,-1.516199E-08
1641808583
-4.999348E+01,-1.432244E-08
1641808587
-4.999342E+01,-1.546152E-08
1641808591
-4.999347E+01,-1.410729E-08
1641808595
-4.999342E+01,-1.465573E-08
1641808599
-4.999338E+01,-1.569777E-08
1641808603
-4.999346E+01,-1.324248E-08
1641808607
-4.999348E+01,-1.522105E-08
1641808611
-4.999346E+01,-1.525058E-08
1641808615
-4.999352E+01,-1.476120E-08
1641808619
-4.999340E+01,-1.515777E-08
1641808623
-4.999346E+01,-1.517886E-08
1641808627
-4.999340E+01,-1.454182E-08
1641808631
-4.999345E+01,-1.529699E-08
1641808635
-4.999347E+01,-1.397228E-08
1641808639
-4.999347E+01,-1.428447E-08
1641808643
-4.999339E+01,-1.480761E-08
1641808647
-4.999343E+01,-1.498480E-08
1641808651
-4.999332E+01,-1.384994E-08
1641808655
-4.999343E+01,-1.426338E-08
1641808659
-4.999347E+01,-1.488776E-08
1641808663
-4.999338E+01,-1.415791E-08
1641808668
-4.999340E+01,-1.491730E-08
1641808672
-4.999343E+01,-1.494683E-08
1641808676
-4.999340E+01,-1.540668E-08
1641808680
-4.999337E+01,-1.303578E-08
1641808684
-4.999342E+01,-1.450385E-08
1641808688
-4.999348E+01,-1.614919E-08
1641808692
-4.999350E+01,-1.412838E-08
1641808696
-4.999359E+01,-1.322561E-08
1641808700
-4.999354E+01,-1.527167E-08
1641808704
-4.999358E+01,-1.338169E-08
1641808708
-4.999355E+01,-1.463885E-08
1641808712
-4.999354E+01,-1.427182E-08
1641808716
-4.999362E+01,-1.473589E-08
1641808720
-4.999348E+01,-1.410307E-08
1641808724
-4.999352E+01,-1.431823E-08
1641808728
-4.999341E+01,-1.406088E-08
1641808732
-4.999347E+01,-1.438573E-08
1641808736
-4.999347E+01,-1.406088E-08
1641808740
-4.999348E+01,-1.356308E-08
1641808744
-4.999342E+01,-1.357574E-08
1641808748
-4.999348E+01,-1.266033E-08
1641808752
-4.999347E+01,-1.424651E-08
1641808756
-4.999350E+01,-1.269408E-08
1641808760
-4.999357E+01,-1.380776E-08
1641808764
-4.999358E+01,-1.346184E-08
1641808768
-4.999350E+01,-1.390056E-08
1641808772
-4.999355E+01,-1.336904E-08
1641808776
-4.999364E+01,-1.442370E-08
1641808780
-4.999363E+01,-1.368542E-08
1641808784
-4.999352E+01,-1.290922E-08
1641808788
-4.999355E+01,-1.378244E-08
1641808792
-4.999351E+01,-1.428447E-08
1641808796
-4.999343E+01,-1.332685E-08
1641808800
-4.999348E+01,-1.295141E-08
1641808804
-4.999339E+01,-1.400181E-08
1641808808
-4.999344E+01,-1.322561E-08
1641808812
-4.999350E+01,-1.387947E-08
1641808816
-4.999353E+01,-1.528011E-08
1641808820
-4.999348E+01,-1.391744E-08
1641808824
-4.999345E+01,-1.376557E-08
1641808828
-4.999343E+01,-1.257596E-08
1641808832
-4.999344E+01,-1.286282E-08
1641808836
-4.999339E+01,-1.426760E-08
1641808840
-4.999332E+01,-1.315389E-08
1641808844
-4.999335E+01,-1.283751E-08
1641808848
-4.999340E+01,-1.391744E-08
1641808852
-4.999343E+01,-1.306953E-08
1641808856
-4.999347E+01,-1.255065E-08
1641808860
-4.999348E+01,-1.320030E-08
1641808864
-4.999356E+01,-1.320030E-08
1641808868
-4.999353E+01,-1.434776E-08
1641808872
-4.999355E+01,-1.330998E-08
1641808876
-4.999351E+01,-1.369386E-08
1641808880
-4.999354E+01,-1.463463E-08
1641808884
-4.999346E+01,-1.216678E-08
1641808888
-4.999343E+01,-1.310749E-08
1641808892
-4.999351E+01,-1.363480E-08
1641808896
-4.999358E+01,-1.244941E-08
1641808900
-4.999358E+01,-1.366011E-08
1641808904
-4.999352E+01,-1.292188E-08
1641808908
-4.999351E+01,-1.322561E-08
1641808912
-4.999339E+01,-1.293875E-08
1641808916
-4.999337E+01,-1.263924E-08
1641808920
-4.999349E+01,-1.356730E-08
1641808924
-4.999350E+01,-1.296406E-08
1641808928
-4.999349E+01,-1.392588E-08
1641808932
-4.999357E+01,-1.309905E-08
1641808936
-4.999358E+01,-1.319608E-08
1641808940
-4.999350E+01,-1.291344E-08
1641808944
-4.999358E+01,-1.209928E-08
1641808948
-4.999349E+01,-1.268986E-08
1641808952
-4.999357E+01,-1.299359E-08
1641808956
-4.999348E+01,-1.289235E-08
1641808960
-4.999348E+01,-1.255487E-08
1641808964
-4.999352E+01,-1.326779E-08
1641808968
-4.999339E+01,-1.228067E-08
1641808972
-4.999358E+01,-1.240723E-08
1641808977
-4.999351E+01,-1.431401E-08
1641808981
-4.999331E+01,-1.343653E-08
1641808985
-4.999341E+01,-1.395963E-08
1641808989
-4.999348E+01,-1.294297E-08
1641808993
-4.999361E+01,-1.312436E-08
1641808997
-4.999358E+01,-1.216256E-08
1641809001
-4.999348E+01,-1.388369E-08
1641809005
-4.999344E+01,-1.348715E-08
1641809009
-4.999351E+01,-1.207819E-08
1641809013
-4.999345E+01,-1.227224E-08
1641809017
-4.999350E+01,-1.440260E-08
1641809021
-4.999348E+01,-1.415369E-08
1641809025
-4.999354E+01,-1.291344E-08
1641809029
-4.999355E+01,-1.213724E-08
1641809033
-4.999362E+01,-1.309484E-08
1641809037
-4.999358E+01,-1.338591E-08
1641809041
-4.999347E+01,-1.312436E-08
1641809045
-4.999352E+01,-1.180820E-08
1641809049
-4.999351E+01,-1.203178E-08
1641809053
-4.999346E+01,-1.238192E-08
1641809057
-4.999344E+01,-1.130199E-08
1641809061
-4.999354E+01,-1.245363E-08
1641809065
-4.999356E+01,-1.214990E-08
1641809069
-4.999350E+01,-1.168587E-08
1641809073
-4.999352E+01,-1.237348E-08
1641809077
-4.999357E+01,-1.480339E-08
1641809081
-4.999351E+01,-1.235661E-08
1641809085
-4.999348E+01,-1.229333E-08
1641809089
-4.999350E+01,-1.121340E-08
1641809093
-4.999342E+01,-1.250847E-08
1641809097
-4.999355E+01,-1.210772E-08
1641809101
-4.999358E+01,-1.293453E-08
1641809105
-4.999353E+01,-1.236926E-08
1641809109
-4.999355E+01,-1.169853E-08
1641809113
-4.999348E+01,-1.289657E-08
1641809117
-4.999348E+01,-1.235661E-08
1641809121
-4.999357E+01,-1.125137E-08
1641809125
-4.999350E+01,-1.131886E-08
1641809129
-4.999371E+01,-1.209928E-08
1641809133
-4.999361E+01,-1.245363E-08
1641809137
-4.999354E+01,-1.382885E-08
1641809141
-4.999353E+01,-1.195585E-08
1641809145
-4.999340E+01,-1.071984E-08
1641809149
-4.999345E+01,-1.256331E-08
1641809153
-4.999352E+01,-1.287969E-08
1641809157
-4.999349E+01,-1.249582E-08
1641809161
-4.999350E+01,-1.216256E-08
1641809165
-4.999341E+01,-1.260971E-08
1641809169
-4.999358E+01,-1.160572E-08
1641809173
-4.999356E+01,-1.289657E-08
1641809177
-4.999358E+01,-1.196429E-08
1641809181
-4.999345E+01,-1.295984E-08
1641809185
-4.999348E+01,-1.194320E-08
1641809189
-4.999349E+01,-1.304421E-08
1641809193
-4.999358E+01,-1.310749E-08
1641809197
-4.999354E+01,-1.194320E-08
1641809201
-4.999359E+01,-1.344919E-08
1641809205
-4.999353E+01,-1.308640E-08
1641809209
-4.999361E+01,-1.250425E-08
1641809213
-4.999350E+01,-1.307374E-08
1641809217
-4.999354E+01,-1.269408E-08
1641809221
-4.999349E+01,-1.249160E-08
1641809225
-4.999356E+01,-1.258862E-08
1641809229
-4.999349E+01,-1.166056E-08
1641809233
-4.999343E+01,-1.142855E-08
1641809237
-4.999342E+01,-1.259706E-08
1641809241
-4.999358E+01,-1.350403E-08
1641809245
-4.999356E+01,-1.190945E-08
1641809249
-4.999332E+01,-1.089702E-08
1641809253
-4.999350E+01,-1.258440E-08
1641809257
-4.999360E+01,-1.167322E-08
1641809261
-4.999348E+01,-1.120497E-08
1641809265
-4.999347E+01,-1.242410E-08
1641809269
-4.999355E+01,-1.185461E-08
1641809273
-4.999355E+01,-1.239879E-08
1641809277
-4.999355E+01,-1.300625E-08
1641809281
-4.999351E+01,-1.220052E-08
1641809285
-4.999355E+01,-1.126824E-08
1641809289
-4.999349E+01,-1.241566E-08
1641809293
-4.999349E+01,-1.184617E-08
1641809297
-4.999366E+01,-1.250003E-08
1641809302
-4.999364E+01,-1.274049E-08
1641809306
-4.999368E+01,-1.260549E-08
1641809310
-4.999375E+01,-1.021785E-08
1641809314
-4.999366E+01,-1.121340E-08
1641809318
-4.999372E+01,-1.388369E-08
1641809322
-4.999374E+01,-1.106154E-08
1641809326
-4.999357E+01,-1.197272E-08
1641809330
-4.999355E+01,-1.242832E-08
1641809334
-4.999357E+01,-1.149182E-08
1641809338
-4.999358E+01,-1.198960E-08
1641809342
-4.999362E+01,-1.253800E-08
1641809346
-4.999355E+01,-1.334373E-08
1641809350
-4.999354E+01,-1.253800E-08
1641809354
-4.999354E+01,-1.332263E-08
1641809358
-4.999356E+01,-1.285860E-08
1641809362
-4.999354E+01,-1.206553E-08
1641809366
-4.999346E+01,-1.181664E-08
1641809370
-4.999353E+01,-1.163525E-08
1641809374
-4.999353E+01,-1.315389E-08
1641809378
-4.999354E+01,-1.196851E-08
1641809382
-4.999353E+01,-1.077890E-08
1641809386
-4.999353E+01,-1.362214E-08
1641809390
-4.999346E+01,-1.082952E-08
1641809394
-4.999350E+01,-1.238613E-08
1641809398
-4.999350E+01,-1.159728E-08
1641809402
-4.999355E+01,-1.352512E-08
1641809406
-4.999355E+01,-1.274470E-08
1641809410
-4.999348E+01,-1.221740E-08
1641809414
-4.999348E+01,-1.219630E-08
1641809418
-4.999354E+01,-1.235239E-08
1641809422
-4.999348E+01,-1.439416E-08
1641809426
-4.999344E+01,-1.159728E-08
1641809430
-4.999355E+01,-1.182086E-08
1641809434
-4.999360E+01,-1.332263E-08
1641809438
-4.999361E+01,-1.296406E-08
1641809442
-4.999354E+01,-1.111216E-08
1641809446
-4.999353E+01,-1.206553E-08
1641809450
-4.999352E+01,-1.238192E-08
1641809454
-4.999358E+01,-1.379088E-08
1641809458
-4.999356E+01,-1.302312E-08
1641809462
-4.999340E+01,-1.131886E-08
1641809466
-4.999352E+01,-1.243676E-08
1641809470
-4.999350E+01,-1.101514E-08
1641809474
-4.999353E+01,-1.200226E-08
1641809478
-4.999363E+01,-1.315811E-08
1641809482
-4.999347E+01,-1.227224E-08
1641809486
-4.999349E+01,-1.247472E-08
1641809490
-4.999360E+01,-1.156354E-08
1641809494
-4.999352E+01,-1.295141E-08
1641809498
-4.999339E+01,-1.273205E-08
1641809502
-4.999352E+01,-1.203178E-08
1641809506
-4.999358E+01,-1.056376E-08
1641809510
-4.999358E+01,-1.193476E-08
1641809514
-4.999368E+01,-1.069875E-08
1641809518
-4.999356E+01,-1.181664E-08
1641809522
-4.999353E+01,-1.230177E-08
1641809526
-4.999358E+01,-1.199804E-08
1641809530
-4.999364E+01,-1.113325E-08
1641809534
-4.999366E+01,-1.118387E-08
1641809538
-4.999350E+01,-1.259284E-08
1641809542
-4.999363E+01,-1.166900E-08
1641809546
-4.999359E+01,-1.122184E-08
1641809550
-4.999362E+01,-1.184617E-08
1641809554
-4.999355E+01,-1.271096E-08
1641809558
-4.999371E+01,-1.308640E-08
1641809562
-4.999366E+01,-1.165212E-08
1641809566
-4.999355E+01,-1.325092E-08
1641809570
-4.999353E+01,-1.014613E-08
1641809575
-4.999352E+01,-1.133152E-08
1641809579
-4.999357E+01,-1.217521E-08
1641809583
-4.999363E+01,-1.267299E-08
1641809587
-4.999366E+01,-1.139902E-08
1641809591
-4.999359E+01,-1.096874E-08
1641809595
-4.999363E+01,-1.194320E-08
1641809599
-4.999364E+01,-1.247472E-08
1641809603
-4.999365E+01,-1.273627E-08
1641809607
-4.999362E+01,-1.255066E-08
1641809611
-4.999358E+01,-1.067344E-08
1641809615
-4.999364E+01,-1.195585E-08
1641809619
-4.999345E+01,-1.281642E-08
1641809623
-4.999343E+01,-1.089702E-08
1641809627
-4.999348E+01,-1.191367E-08
1641809631
-4.999348E+01,-1.268987E-08
1641809635
-4.999357E+01,-1.142011E-08
1641809639
-4.999351E+01,-1.294719E-08
1641809643
-4.999354E+01,-1.249160E-08
1641809647
-4.999355E+01,-1.189679E-08
1641809651
-4.999356E+01,-1.137371E-08
1641809655
-4.999350E+01,-1.204022E-08
1641809659
-4.999359E+01,-1.197273E-08
1641809663
-4.999362E+01,-1.027691E-08
1641809667
-4.999354E+01,-1.243254E-08
1641809671
-4.999361E+01,-1.226802E-08
1641809675
-4.999362E+01,-1.130199E-08
1641809679
-4.999357E+01,-1.145807E-08
1641809683
-4.999361E+01,-1.061861E-08
1641809687
-4.999353E+01,-1.212037E-08
1641809691
-4.999360E+01,-1.158885E-08
1641809695
-4.999354E+01,-1.167744E-08
1641809699
-4.999356E+01,-1.120919E-08
1641809703
-4.999347E+01,-1.202335E-08
1641809707
-4.999348E+01,-1.159728E-08
1641809711
-4.999347E+01,-1.212881E-08
1641809715
-4.999352E+01,-1.214568E-08
1641809719
-4.999347E+01,-1.228067E-08
1641809723
-4.999356E+01,-1.191367E-08
1641809727
-4.999355E+01,-1.142433E-08
1641809731
-4.999355E+01,-1.142855E-08
1641809735
-4.999345E+01,-1.212037E-08
1641809739
-4.999344E+01,-1.193476E-08
1641809743
-4.999349E+01,-1.312015E-08
1641809747
-4.999368E+01,-1.215834E-08
1641809751
-4.999357E+01,-1.186305E-08
1641809755
-4.999360E+01,-1.159728E-08
1641809759
-4.999358E+01,-1.252113E-08
1641809763
-4.999353E+01,-1.217943E-08
1641809767
-4.999362E+01,-1.286704E-08
1641809771
-4.999363E+01,-1.235239E-08
1641809775
-4.999371E+01,-1.216678E-08
1641809779
-4.999361E+01,-1.015457E-08
1641809783
-4.999355E+01,-1.270674E-08
1641809787
-4.999355E+01,-1.251269E-08
1641809791
-4.999350E+01,-1.314968E-08
1641809795
-4.999357E+01,-1.142855E-08
1641809799
-4.999343E+01,-1.260128E-08
1641809803
-4.999345E+01,-1.109107E-08
1641809807
-4.999345E+01,-1.156775E-08
1641809811
-4.999343E+01,-1.277845E-08
1641809815
-4.999353E+01,-1.238192E-08
1641809819
-4.999353E+01,-1.171540E-08
