1641746880
-1.999904E+02,-1.016697E-08
1641746882
-1.999904E+02,-1.002298E-08
1641746886
-1.999904E+02,-9.963272E-09
1641746890
-1.999904E+02,-9.901020E-09
1641746895
-1.999904E+02,-9.899327E-09
1641746899
-1.999903E+02,-9.839615E-09
1641746903
-1.999905E+02,-9.825639E-09
1641746907
-1.999904E+02,-9.795145E-09
1641746911
-1.999905E+02,-9.746870E-09
1641746915
-1.999905E+02,-9.722730E-09
1641746919
-1.999905E+02,-9.680805E-09
1641746923
-1.999904E+02,-9.669792E-09
1641746927
-1.999905E+02,-9.654129E-09
1641746931
-1.999906E+02,-9.606699E-09
1641746935
-1.999905E+02,-9.604583E-09
1641746939
-1.999904E+02,-9.565193E-09
1641746943
-1.999906E+02,-9.538525E-09
1641746947
-1.999906E+02,-9.530051E-09
1641746951
-1.999906E+02,-9.544872E-09
1641746955
-1.999906E+02,-9.561384E-09
1641746959
-1.999906E+02,-9.442808E-09
1641746963
-1.999905E+02,-9.483889E-09
1641746967
-1.999906E+02,-9.474146E-09
1641746971
-1.999906E+02,-9.503792E-09
1641746975
-1.999906E+02,-9.476264E-09
1641746979
-1.999906E+02,-9.453396E-09
1641746983
-1.999906E+02,-9.425023E-09
1641746987
-1.999907E+02,-9.433497E-09
1641746991
-1.999906E+02,-9.425023E-09
1641746995
-1.999906E+02,-9.415289E-09
1641746999
-1.999906E+02,-9.392843E-09
1641747003
-1.999906E+02,-9.389872E-09
1641747007
-1.999907E+02,-9.378019E-09
1641747011
-1.999906E+02,-9.376325E-09
1641747015
-1.999908E+02,-9.387764E-09
1641747019
-1.999908E+02,-9.406817E-09
1641747023
-1.999908E+02,-9.333132E-09
1641747027
-1.999907E+02,-9.357267E-09
1641747031
-1.999906E+02,-9.357268E-09
1641747035
-1.999907E+02,-9.336517E-09
1641747039
-1.999907E+02,-9.325506E-09
1641747043
-1.999906E+02,-9.289510E-09
1641747047
-1.999908E+02,-9.274689E-09
1641747051
-1.999906E+02,-9.272146E-09
1641747055
-1.999906E+02,-9.221325E-09
1641747059
-1.999907E+02,-9.245888E-09
1641747063
-1.999907E+02,-9.276375E-09
1641747067
-1.999908E+02,-9.281885E-09
1641747071
-1.999908E+02,-9.248852E-09
1641747075
-1.999907E+02,-9.239959E-09
1641747079
-1.999907E+02,-9.253514E-09
1641747083
-1.999908E+02,-9.237420E-09
1641747087
-1.999907E+02,-9.198034E-09
1641747091
-1.999907E+02,-9.223442E-09
1641747095
-1.999907E+02,-9.218358E-09
1641747099
-1.999907E+02,-9.205656E-09
1641747103
-1.999908E+02,-9.232765E-09
1641747107
-1.999906E+02,-9.176012E-09
1641747111
-1.999908E+02,-9.201000E-09
1641747115
-1.999908E+02,-9.218781E-09
1641747119
-1.999908E+02,-9.198039E-09
1641747123
-1.999907E+02,-9.162886E-09
1641747127
-1.999907E+02,-9.183215E-09
1641747131
-1.999905E+02,-9.121381E-09
1641747135
-1.999906E+02,-9.150604E-09
1641747139
-1.999906E+02,-9.158223E-09
1641747143
-1.999907E+02,-9.175594E-09
1641747147
-1.999909E+02,-9.158232E-09
1641747151
-1.999909E+02,-9.148067E-09
1641747155
-1.999908E+02,-9.164154E-09
1641747159
-1.999907E+02,-9.158649E-09
1641747163
-1.999907E+02,-9.191682E-09
1641747167
-1.999909E+02,-9.122660E-09
1641747171
-1.999907E+02,-9.120114E-09
1641747175
-1.999907E+02,-9.122229E-09
1641747179
-1.999908E+02,-9.117571E-09
1641747183
-1.999909E+02,-9.131548E-09
1641747187
-1.999909E+02,-9.112917E-09
1641747191
-1.999908E+02,-9.127310E-09
1641747195
-1.999908E+02,-9.129003E-09
1641747199
-1.999908E+02,-9.137475E-09
1641747203
-1.999909E+02,-9.145101E-09
1641747207
-1.999908E+02,-9.136204E-09
1641747212
-1.999907E+02,-9.143824E-09
1641747216
-1.999909E+02,-9.147217E-09
1641747220
-1.999908E+02,-9.146786E-09
1641747224
-1.999909E+02,-8.469215E-09
1641747228
-1.999909E+02,-8.460747E-09
1641747232
-1.999908E+02,-8.442113E-09
1641747236
-1.999907E+02,-8.439145E-09
1641747240
-1.999907E+02,-8.428982E-09
1641747244
-1.999909E+02,-8.455661E-09
1641747248
-1.999908E+02,-8.431946E-09
1641747252
-1.999908E+02,-8.424323E-09
1641747256
-1.999908E+02,-8.415854E-09
1641747260
-1.999907E+02,-8.417548E-09
1641747264
-1.999907E+02,-8.404419E-09
1641747268
-1.999909E+02,-8.391289E-09
1641747272
-1.999908E+02,-8.395526E-09
1641747276
-1.999909E+02,-8.390442E-09
1641747280
-1.999908E+02,-8.392560E-09
1641747284
-1.999909E+02,-8.378161E-09
1641747288
-1.999910E+02,-8.384942E-09
1641747292
-1.999909E+02,-8.379436E-09
1641747296
-1.999908E+02,-8.371384E-09
1641747300
-1.999909E+02,-8.381973E-09
1641747304
-1.999908E+02,-8.379858E-09
1641747308
-1.999909E+02,-8.387057E-09
1641747312
-1.999908E+02,-8.375619E-09
1641747316
-1.999908E+02,-8.365457E-09
1641747320
-1.999908E+02,-8.354442E-09
1641747324
-1.999908E+02,-8.371811E-09
1641747328
-1.999908E+02,-8.359529E-09
1641747332
-1.999908E+02,-8.364608E-09
1641747336
-1.999907E+02,-8.366724E-09
1641747340
-1.999908E+02,-8.343011E-09
1641747344
-1.999908E+02,-8.356563E-09
1641747348
-1.999907E+02,-8.370114E-09
1641747352
-1.999908E+02,-8.371810E-09
1641747356
-1.999907E+02,-3.990112E-08
1641747360
-1.999907E+02,-8.390015E-09
1641747364
-1.999908E+02,-8.388321E-09
1641747368
-1.999909E+02,-8.378582E-09
1641747372
-1.999908E+02,-8.392558E-09
1641747376
-1.999911E+02,-3.194662E-07
1641747380
-1.999908E+02,-8.421777E-09
1641747384
-1.999908E+02,-8.409498E-09
1641747388
-1.999907E+02,-8.411187E-09
1641747392
-1.999909E+02,-8.410770E-09
1641747396
-1.999907E+02,-8.403147E-09
1641747400
-1.999909E+02,-8.419659E-09
1641747404
-1.999909E+02,-8.417121E-09
1641747408
-1.999908E+02,-8.417541E-09
1641747412
-1.999908E+02,-2.588428E-07
1641747416
-1.999908E+02,-8.437865E-09
1641747420
-1.999908E+02,-8.412883E-09
1641747424
-1.999907E+02,-8.424315E-09
1641747428
-1.999908E+02,-8.430243E-09
1641747432
-1.999908E+02,-2.694036E-07
1641747436
-1.999909E+02,-8.456501E-09
1641747440
-1.999907E+02,-8.447183E-09
1641747444
-1.999908E+02,-8.437017E-09
1641747448
-1.999908E+02,-1.952766E-08
1641747452
-1.999908E+02,-8.475131E-09
1641747456
-1.999907E+02,-8.445483E-09
1641747460
-1.999908E+02,-8.455227E-09
1641747464
-1.999909E+02,-8.452260E-09
1641747468
-1.999910E+02,-2.637430E-07
1641747473
-1.999908E+02,-8.473860E-09
1641747477
-1.999908E+02,-8.477671E-09
1641747481
-1.999908E+02,-8.467083E-09
1641747485
-1.999908E+02,-8.482327E-09
1641747489
-1.999909E+02,-6.272733E-08
1641747493
-1.999908E+02,-8.504353E-09
1641747497
-1.999907E+02,-8.492914E-09
1641747501
-1.999907E+02,-8.494609E-09
1641747505
-1.999907E+02,-3.949073E-08
1641747509
-1.999906E+02,-8.516634E-09
1641747513
-1.999908E+02,-8.521293E-09
1641747517
-1.999907E+02,-8.516638E-09
1641747521
-1.999908E+02,-8.514093E-09
1641747525
-1.999911E+02,-2.474346E-07
1641747529
-1.999907E+02,-8.524256E-09
1641747533
-1.999908E+02,-8.542043E-09
1641747537
-1.999909E+02,-8.536118E-09
1641747541
-1.999908E+02,-8.544583E-09
1641747545
-1.999908E+02,-8.551786E-09
1641747549
-1.999908E+02,-8.573805E-09
1641747553
-1.999907E+02,-8.553479E-09
1641747557
-1.999908E+02,-8.548825E-09
1641747561
-1.999910E+02,-5.279070E-07
1641747565
-1.999907E+02,-8.594133E-09
1641747569
-1.999907E+02,-8.586085E-09
1641747573
-1.999907E+02,-8.600064E-09
1641747577
-1.999908E+02,-8.582274E-09
1641747581
-1.999907E+02,-2.989337E-07
1641747585
-1.999907E+02,-8.600484E-09
1641747589
-1.999908E+02,-8.594133E-09
1641747593
-1.999908E+02,-8.597944E-09
1641747597
-1.999908E+02,-8.577191E-09
1641747601
-1.999909E+02,-8.621661E-09
1641747605
-1.999909E+02,-8.615304E-09
1641747609
-1.999910E+02,-8.608959E-09
1641747613
-1.999908E+02,-8.609803E-09
1641747617
-1.999912E+02,-2.674553E-07
1641747621
-1.999909E+02,-8.614038E-09
1641747625
-1.999908E+02,-8.636484E-09
1641747629
-1.999908E+02,-8.632247E-09
1641747633
-1.999909E+02,-8.650456E-09
1641747637
-1.999911E+02,-3.324118E-07
1641747641
-1.999909E+02,-8.650034E-09
1641747645
-1.999908E+02,-8.643681E-09
1641747649
-1.999909E+02,-8.651731E-09
1641747653
-1.999908E+02,-2.758277E-08
1641747657
-1.999908E+02,-8.671205E-09
1641747661
-1.999908E+02,-8.653840E-09
1641747665
-1.999907E+02,-8.674593E-09
1641747669
-1.999908E+02,-8.663161E-09
1641747673
-1.999906E+02,-3.057271E-07
1641747677
-1.999908E+02,-8.679674E-09
1641747681
-1.999909E+02,-8.677981E-09
1641747685
-1.999909E+02,-8.673744E-09
1641747689
-1.999910E+02,-8.668668E-09
1641747693
-1.999909E+02,-8.700847E-09
1641747697
-1.999908E+02,-8.709743E-09
1641747701
-1.999908E+02,-8.691108E-09
1641747705
-1.999909E+02,-8.697038E-09
1641747709
-1.999910E+02,-2.341302E-07
1641747713
-1.999910E+02,-8.719478E-09
1641747717
-1.999910E+02,-8.707620E-09
1641747721
-1.999910E+02,-8.709739E-09
1641747725
-1.999910E+02,-8.704231E-09
1641747729
-1.999907E+02,-4.877782E-07
1641747733
-1.999911E+02,-8.736420E-09
1641747737
-1.999909E+02,-8.736840E-09
1641747741
-1.999909E+02,-8.733027E-09
1641747745
-1.999908E+02,-8.737685E-09
1641747749
-1.999909E+02,-8.753354E-09
1641747753
-1.999908E+02,-8.751662E-09
1641747757
-1.999908E+02,-8.750390E-09
1641747761
-1.999908E+02,-8.737263E-09
1641747765
-1.999911E+02,-2.675397E-07
1641747769
-1.999908E+02,-8.761823E-09
1641747773
-1.999910E+02,-8.748272E-09
1641747778
-1.999908E+02,-8.757165E-09
1641747782
-1.999909E+02,-8.780030E-09
1641747786
-1.999911E+02,-2.605372E-07
1641747790
-1.999910E+02,-8.766904E-09
1641747794
-1.999910E+02,-8.769869E-09
1641747798
-1.999910E+02,-8.766061E-09
1641747802
-1.999910E+02,-2.877909E-08
1641747806
-1.999909E+02,-8.805442E-09
1641747810
-1.999909E+02,-8.776643E-09
1641747814
-1.999908E+02,-8.794427E-09
1641747818
-1.999909E+02,-8.787229E-09
1641747822
-1.999909E+02,-3.006344E-07
1641747826
-1.999910E+02,-8.806712E-09
1641747830
-1.999909E+02,-8.794007E-09
1641747834
-1.999908E+02,-8.827461E-09
1641747838
-1.999909E+02,-8.834659E-09
1641747842
-1.999909E+02,-1.437850E-08
1641747846
-1.999909E+02,-8.853296E-09
1641747850
-1.999908E+02,-8.832121E-09
1641747854
-1.999907E+02,-8.848213E-09
1641747858
-1.999908E+02,-6.995236E-08
1641747862
-1.999908E+02,-8.865155E-09
1641747866
-1.999909E+02,-8.853301E-09
1641747870
-1.999908E+02,-8.854141E-09
1641747874
-1.999909E+02,-8.858806E-09
1641747878
-1.999908E+02,-2.760500E-07
1641747882
-1.999909E+02,-8.864310E-09
1641747886
-1.999909E+02,-8.862614E-09
1641747890
-1.999909E+02,-8.854995E-09
1641747894
-1.999908E+02,-8.871083E-09
1641747898
-1.999909E+02,-8.869389E-09
1641747902
-1.999909E+02,-8.874896E-09
1641747906
-1.999909E+02,-8.866004E-09
1641747910
-1.999910E+02,-8.888870E-09
1641747914
-1.999910E+02,-1.494633E-07
1641747918
-1.999908E+02,-8.891410E-09
1641747922
-1.999910E+02,-8.881248E-09
1641747926
-1.999911E+02,-8.893531E-09
1641747930
-1.999908E+02,-8.884636E-09
1641747934
-1.999912E+02,-2.855670E-07
1641747938
-1.999911E+02,-8.913435E-09
1641747942
-1.999909E+02,-8.903269E-09
1641747946
-1.999908E+02,-8.925711E-09
1641747950
-1.999909E+02,-8.920629E-09
1641747954
-1.999909E+02,-8.933757E-09
1641747958
-1.999909E+02,-8.951115E-09
1641747962
-1.999910E+02,-8.950694E-09
1641747966
-1.999909E+02,-8.940111E-09
1641747970
-1.999911E+02,-2.809822E-07
1641747974
-1.999910E+02,-8.957898E-09
1641747978
-1.999910E+02,-8.961285E-09
1641747982
-1.999909E+02,-8.953663E-09
1641747986
-1.999909E+02,-8.968906E-09
1641747990
-1.999909E+02,-4.290693E-08
1641747994
-1.999909E+02,-8.990077E-09
1641747998
-1.999909E+02,-8.988389E-09
1641748002
-1.999909E+02,-8.992202E-09
1641748006
-1.999908E+02,-5.769247E-08
1641748010
-1.999909E+02,-8.997279E-09
1641748014
-1.999909E+02,-8.990504E-09
1641748018
-1.999910E+02,-9.001941E-09
1641748022
-1.999909E+02,-8.982460E-09
1641748026
-1.999910E+02,-2.807689E-07
1641748030
-1.999909E+02,-8.997705E-09
1641748034
-1.999910E+02,-9.002368E-09
1641748038
-1.999909E+02,-9.010835E-09
1641748042
-1.999909E+02,-9.018881E-09
1641748046
-1.999908E+02,-9.033280E-09
1641748050
-1.999909E+02,-9.018456E-09
1641748054
-1.999909E+02,-9.012098E-09
1641748058
-1.999910E+02,-9.019726E-09
1641748062
-1.999909E+02,-2.128217E-07
1641748066
-1.999909E+02,-9.045559E-09
1641748070
-1.999909E+02,-9.043443E-09
1641748074
-1.999908E+02,-9.051065E-09
1641748078
-1.999907E+02,-9.033273E-09
1641748083
-1.999912E+02,-3.057858E-07
1641748087
-1.999910E+02,-9.070546E-09
1641748091
-1.999909E+02,-9.079011E-09
1641748095
-1.999909E+02,-9.086639E-09
1641748099
-1.999908E+02,-1.130188E-08
1641748103
-1.999908E+02,-9.081128E-09
1641748107
-1.999910E+02,-9.083255E-09
1641748111
-1.999908E+02,-9.081131E-09
1641748115
-1.999909E+02,-9.081559E-09
1641748119
-1.999909E+02,-2.638084E-07
1641748123
-1.999909E+02,-9.096806E-09
1641748127
-1.999909E+02,-9.104000E-09
1641748131
-1.999908E+02,-9.103998E-09
1641748135
-1.999908E+02,-9.103577E-09
1641748139
-1.999910E+02,-1.223712E-07
1641748143
-1.999909E+02,-9.113744E-09
1641748147
-1.999909E+02,-9.113743E-09
1641748151
-1.999911E+02,-9.123911E-09
1641748155
-1.999908E+02,-3.021894E-08
1641748159
-1.999908E+02,-9.145501E-09
1641748163
-1.999908E+02,-9.140844E-09
1641748167
-1.999908E+02,-9.132795E-09
1641748171
-1.999910E+02,-9.129415E-09
1641748175
-1.999911E+02,-2.858876E-07
1641748179
-1.999909E+02,-9.150582E-09
1641748183
-1.999908E+02,-9.156929E-09
1641748187
-1.999909E+02,-9.134914E-09
1641748191
-1.999908E+02,-9.145924E-09
1641748195
-1.999909E+02,-9.176840E-09
1641748199
-1.999910E+02,-9.164557E-09
1641748203
-1.999909E+02,-9.162016E-09
1641748207
-1.999910E+02,-9.164134E-09
1641748211
-1.999910E+02,-2.376009E-07
1641748215
-1.999909E+02,-9.178953E-09
1641748219
-1.999908E+02,-9.174297E-09
1641748223
-1.999909E+02,-9.172178E-09
1641748227
-1.999908E+02,-9.169637E-09
1641748231
-1.999910E+02,-2.579862E-07
1641748235
-1.999908E+02,-9.206480E-09
1641748239
-1.999908E+02,-9.204366E-09
1641748243
-1.999910E+02,-9.200561E-09
1641748247
-1.999908E+02,-5.648597E-08
1641748251
-1.999910E+02,-9.221731E-09
1641748255
-1.999908E+02,-9.225538E-09
1641748259
-1.999908E+02,-9.222149E-09
1641748263
-1.999909E+02,-9.216222E-09
1641748267
-1.999910E+02,-3.420670E-07
1641748271
-1.999909E+02,-9.244172E-09
1641748275
-1.999908E+02,-9.245864E-09
1641748279
-1.999907E+02,-9.239086E-09
1641748283
-1.999909E+02,-9.243324E-09
1641748287
-1.999910E+02,-1.038123E-08
1641748291
-1.999909E+02,-9.253913E-09
1641748295
-1.999908E+02,-9.263226E-09
1641748299
-1.999908E+02,-9.240361E-09
1641748303
-1.999907E+02,-2.742936E-07
1641748307
-1.999909E+02,-9.255606E-09
1641748311
-1.999909E+02,-9.269579E-09
1641748315
-1.999910E+02,-9.271279E-09
1641748319
-1.999908E+02,-9.270424E-09
1641748323
-1.999909E+02,-2.965982E-07
1641748327
-1.999908E+02,-9.270426E-09
1641748331
-1.999909E+02,-9.298797E-09
1641748336
-1.999908E+02,-9.299645E-09
1641748340
-1.999908E+02,-1.084155E-08
1641748344
-1.999908E+02,-9.317853E-09
1641748348
-1.999907E+02,-9.322505E-09
1641748352
-1.999907E+02,-9.309805E-09
1641748356
-1.999909E+02,-9.314042E-09
1641748360
-1.999908E+02,-2.755509E-07
1641748364
-1.999908E+02,-9.332251E-09
1641748368
-1.999908E+02,-9.325475E-09
1641748372
-1.999909E+02,-9.322087E-09
1641748376
-1.999908E+02,-9.310230E-09
1641748380
-1.999908E+02,-1.271886E-08
1641748384
-1.999908E+02,-9.335217E-09
1641748388
-1.999910E+02,-9.348771E-09
1641748392
-1.999908E+02,-9.353002E-09
1641748396
-1.999909E+02,-9.331830E-09
1641748400
-1.999908E+02,-9.345380E-09
1641748404
-1.999909E+02,-9.339032E-09
1641748408
-1.999909E+02,-9.332676E-09
1641748412
-1.999908E+02,-9.326746E-09
1641748416
-1.999910E+02,-9.331409E-09
1641748420
-1.999910E+02,-9.323784E-09
1641748424
-1.999910E+02,-9.316586E-09
1641748428
-1.999908E+02,-9.326324E-09
1641748432
-1.999908E+02,-9.300495E-09
1641748436
-1.999908E+02,-9.307271E-09
1641748440
-1.999907E+02,-9.295833E-09
1641748444
-1.999908E+02,-9.318276E-09
1641748448
-1.999909E+02,-9.312774E-09
1641748452
-1.999910E+02,-9.304729E-09
1641748456
-1.999910E+02,-9.296686E-09
1641748460
-1.999908E+02,-9.298801E-09
1641748464
-1.999907E+02,-9.300491E-09
1641748468
-1.999907E+02,-9.293289E-09
1641748472
-1.999909E+02,-9.304293E-09
1641748476
-1.999909E+02,-9.304302E-09
1641748480
-1.999910E+02,-9.292019E-09
1641748484
-1.999908E+02,-9.285245E-09
1641748488
-1.999909E+02,-9.287360E-09
1641748492
-1.999910E+02,-9.293715E-09
1641748496
-1.999909E+02,-9.287784E-09
1641748500
-1.999908E+02,-9.286940E-09
1641748504
-1.999909E+02,-9.282704E-09
1641748508
-1.999909E+02,-9.252633E-09
1641748512
-1.999909E+02,-9.278891E-09
1641748516
-1.999910E+02,-9.286519E-09
1641748520
-1.999908E+02,-9.287360E-09
1641748524
-1.999909E+02,-9.279312E-09
1641748528
-1.999909E+02,-9.281855E-09
1641748532
-1.999908E+02,-9.262379E-09
1641748536
-1.999909E+02,-9.277621E-09
1641748540
-1.999910E+02,-9.272962E-09
1641748544
-1.999908E+02,-9.268721E-09
1641748548
-1.999909E+02,-9.277619E-09
1641748552
-1.999910E+02,-9.254326E-09
1641748556
-1.999909E+02,-9.265337E-09
1641748560
-1.999909E+02,-9.261527E-09
1641748564
-1.999907E+02,-9.266182E-09
1641748568
-1.999908E+02,-9.263220E-09
1641748572
-1.999908E+02,-9.260675E-09
1641748576
-1.999908E+02,-9.267023E-09
1641748580
-1.999909E+02,-9.261101E-09
1641748584
-1.999908E+02,-9.264062E-09
1641748588
-1.999907E+02,-9.266177E-09
1641748592
-1.999908E+02,-9.268717E-09
1641748596
-1.999907E+02,-9.253897E-09
1641748600
-1.999908E+02,-9.256863E-09
1641748604
-1.999908E+02,-9.271685E-09
1641748608
-1.999907E+02,-9.256432E-09
1641748612
-1.999908E+02,-9.266176E-09
1641748617
-1.999909E+02,-9.275072E-09
1641748621
-1.999910E+02,-9.268719E-09
1641748625
-1.999908E+02,-9.262363E-09
1641748629
-1.999909E+02,-9.282272E-09
1641748633
-1.999909E+02,-9.264488E-09
1641748637
-1.999908E+02,-9.259400E-09
1641748641
-1.999909E+02,-9.264908E-09
1641748645
-1.999909E+02,-9.248393E-09
1641748649
-1.999907E+02,-9.265753E-09
1641748653
-1.999908E+02,-9.237382E-09
1641748657
-1.999909E+02,-9.239924E-09
1641748661
-1.999908E+02,-9.237807E-09
1641748665
-1.999909E+02,-9.236961E-09
1641748669
-1.999908E+02,-9.236962E-09
1641748673
-1.999908E+02,-9.231451E-09
1641748677
-1.999908E+02,-9.238232E-09
1641748681
-1.999909E+02,-9.239504E-09
1641748685
-1.999908E+02,-9.236536E-09
1641748689
-1.999909E+02,-9.229763E-09
1641748693
-1.999910E+02,-9.245007E-09
1641748697
-1.999909E+02,-9.227641E-09
1641748701
-1.999908E+02,-9.247549E-09
1641748705
-1.999909E+02,-9.236536E-09
1641748709
-1.999908E+02,-9.249663E-09
1641748713
-1.999908E+02,-9.235266E-09
1641748717
-1.999909E+02,-9.247970E-09
1641748721
-1.999909E+02,-9.235269E-09
1641748725
-1.999908E+02,-9.229339E-09
1641748729
-1.999908E+02,-9.238653E-09
1641748733
-1.999910E+02,-9.234852E-09
1641748737
-1.999907E+02,-9.230185E-09
1641748741
-1.999908E+02,-9.219175E-09
1641748745
-1.999907E+02,-9.239923E-09
1641748749
-1.999909E+02,-9.203927E-09
1641748753
-1.999909E+02,-9.203929E-09
1641748757
-1.999908E+02,-9.210281E-09
1641748761
-1.999909E+02,-9.212399E-09
1641748765
-1.999909E+02,-9.219601E-09
1641748769
-1.999909E+02,-9.226796E-09
1641748773
-1.999908E+02,-9.217903E-09
1641748777
-1.999908E+02,-9.230187E-09
1641748781
-1.999908E+02,-9.220020E-09
1641748785
-1.999908E+02,-9.196727E-09
1641748789
-1.999909E+02,-9.204776E-09
1641748793
-1.999908E+02,-9.210279E-09
1641748797
-1.999910E+02,-9.197580E-09
1641748801
-1.999908E+02,-9.197576E-09
1641748805
-1.999909E+02,-9.211125E-09
1641748809
-1.999909E+02,-9.210701E-09
1641748813
-1.999909E+02,-9.220866E-09
1641748817
-1.999909E+02,-9.210278E-09
1641748821
-1.999910E+02,-9.223407E-09
1641748825
-1.999909E+02,-9.210704E-09
1641748829
-1.999910E+02,-9.222139E-09
1641748833
-1.999909E+02,-9.216209E-09
1641748837
-1.999908E+02,-9.220022E-09
1641748841
-1.999909E+02,-9.207316E-09
1641748845
-1.999908E+02,-9.203924E-09
1641748849
-1.999908E+02,-9.203500E-09
1641748853
-1.999908E+02,-9.204770E-09
1641748857
-1.999909E+02,-9.194184E-09
1641748861
-1.999909E+02,-9.202653E-09
1641748865
-1.999910E+02,-9.198844E-09
1641748869
-1.999910E+02,-9.189106E-09
1641748873
-1.999910E+02,-9.207314E-09
1641748877
-1.999909E+02,-9.206884E-09
1641748881
-1.999910E+02,-9.184441E-09
1641748885
-1.999909E+02,-9.176397E-09
1641748889
-1.999909E+02,-9.203500E-09
1641748893
-1.999909E+02,-9.176396E-09
1641748897
-1.999910E+02,-9.194187E-09
1641748901
-1.999909E+02,-9.183594E-09
1641748905
-1.999909E+02,-9.197568E-09
1641748909
-1.999908E+02,-9.171738E-09
1641748913
-1.999909E+02,-9.186984E-09
1641748917
+3.734236E-01,-1.049954E-05
1641748921
-1.999909E+02,-1.850066E-08
1641748926
-1.999910E+02,-2.144810E-08
1641748930
-1.999908E+02,-2.443704E-08
1641748934
-1.999904E+02,-3.151887E-07
1641748938
-1.999909E+02,-3.662659E-08
1641748942
-1.999909E+02,-3.768573E-08
1641748946
-1.999908E+02,-4.006739E-08
1641748950
-1.999908E+02,-4.258331E-08
1641748954
+3.081834E-01,-1.049954E-05
1641748958
-1.999908E+02,-5.263555E-08
1641748962
-1.999908E+02,-5.439552E-08
1641748966
-1.999909E+02,-5.647612E-08
1641748970
-1.999908E+02,-5.863000E-08
1641748974
-2.231154E+01,-1.049951E-05
1641748978
-1.999908E+02,-6.799404E-08
1641748982
-1.999908E+02,-6.980485E-08
1641748986
-1.999907E+02,-7.194513E-08
1641748990
+2.126482E-01,-1.049956E-05
1641748994
-1.999909E+02,-8.317930E-08
1641748998
-1.999909E+02,-8.495836E-08
1641749002
-1.999909E+02,-8.559189E-08
1641749006
-1.999910E+02,-8.855079E-08
1641749010
+2.881078E-01,-1.049955E-05
1641749014
-1.999909E+02,-9.996404E-08
1641749018
-1.999909E+02,-1.017355E-07
1641749022
-1.999909E+02,-1.038876E-07
1641749026
-1.999909E+02,-1.059636E-07
1641749030
-1.999910E+02,-1.330364E-07
1641749034
-1.999911E+02,-1.152536E-07
1641749038
-1.999909E+02,-1.168314E-07
1641749042
-1.999909E+02,-1.175318E-07
1641749046
+2.497198E-01,-1.049955E-05
1641749050
-1.999909E+02,-1.274748E-07
1641749054
-1.999909E+02,-1.285780E-07
1641749058
-1.999909E+02,-1.303249E-07
1641749062
-1.999909E+02,-1.322090E-07
1641749066
+2.805301E-01,-1.049955E-05
1641749070
-1.999909E+02,-1.417996E-07
1641749074
-1.999910E+02,-1.435617E-07
1641749078
-1.999910E+02,-1.456546E-07
1641749082
-4.293129E+01,-8.638912E-06
1641749086
-1.999910E+02,-1.571090E-07
1641749090
-1.999910E+02,-1.574965E-07
1641749094
-1.999908E+02,-1.591658E-07
1641749098
-1.999908E+02,-1.610781E-07
1641749102
+2.189602E-01,-1.049954E-05
1641749106
-1.999909E+02,-1.713265E-07
1641749110
-1.999908E+02,-1.725274E-07
1641749114
-1.999909E+02,-1.742374E-07
1641749118
-1.999909E+02,-1.761525E-07
1641749122
-1.999916E+02,-1.431838E-06
1641749126
-1.999909E+02,-1.863636E-07
1641749130
-1.999909E+02,-1.881062E-07
1641749134
-1.999909E+02,-1.901893E-07
1641749138
+2.102682E-01,-1.049954E-05
1641749142
-1.999908E+02,-2.010770E-07
1641749146
-1.999908E+02,-2.016703E-07
1641749150
-1.999908E+02,-2.032089E-07
1641749154
-1.999909E+02,-2.047834E-07
1641749158
+2.697279E-01,-1.049955E-05
1641749162
-1.999909E+02,-2.148026E-07
1641749166
-1.999910E+02,-2.160668E-07
1641749170
-1.999910E+02,-2.177860E-07
1641749174
-1.999907E+02,-2.207171E-07
1641749178
-1.999910E+02,-2.305049E-07
1641749182
-1.999910E+02,-2.291684E-07
1641749186
-1.999910E+02,-2.306210E-07
1641749190
-1.999909E+02,-2.322851E-07
1641749194
+1.623950E-01,-1.049955E-05
1641749198
-1.999910E+02,-2.428576E-07
1641749202
-1.999909E+02,-2.434900E-07
1641749206
-1.999909E+02,-2.451455E-07
1641749210
-1.999910E+02,-2.469509E-07
1641749214
+2.523866E-01,-1.049956E-05
1641749219
-1.999909E+02,-2.581291E-07
1641749223
-1.999909E+02,-2.596080E-07
1641749227
-1.999909E+02,-2.615568E-07
1641749231
-1.114350E+02,-7.352160E-06
1641749235
-1.999908E+02,-2.733663E-07
1641749239
-1.999909E+02,-2.733568E-07
1641749243
-1.999909E+02,-2.749534E-07
1641749247
-1.999908E+02,-2.768035E-07
1641749251
+1.579140E-01,-1.049955E-05
1641749255
-1.999909E+02,-2.884327E-07
1641749259
-1.999909E+02,-2.892340E-07
1641749263
-1.999909E+02,-2.906569E-07
1641749267
-1.999909E+02,-2.922631E-07
1641749271
-1.954547E+02,-1.048538E-05
1641749275
-1.999910E+02,-3.040843E-07
1641749279
-1.999910E+02,-3.050845E-07
1641749283
-1.999908E+02,-3.064756E-07
1641749287
+9.240369E-02,-1.049957E-05
1641749291
-1.999909E+02,-3.186041E-07
1641749295
-1.999909E+02,-3.189110E-07
1641749299
-1.999910E+02,-3.207084E-07
1641749303
-1.999908E+02,-3.227837E-07
1641749307
+2.399558E-01,-1.049955E-05
1641749311
-1.999909E+02,-3.348445E-07
1641749315
-1.999908E+02,-3.360155E-07
1641749319
-1.999909E+02,-3.378873E-07
1641749323
-1.999908E+02,-3.398454E-07
1641749327
-1.999909E+02,-3.606471E-07
1641749331
-1.999910E+02,-3.493755E-07
1641749335
-1.999909E+02,-3.502591E-07
1641749339
-1.999908E+02,-3.509433E-07
1641749343
+9.912930E-02,-1.049954E-05
1641749347
-1.999909E+02,-3.624735E-07
1641749351
-1.999909E+02,-3.630677E-07
1641749355
-1.999908E+02,-3.646396E-07
1641749359
-1.999909E+02,-3.663270E-07
1641749363
+2.136014E-01,-1.049954E-05
1641749367
-1.999910E+02,-3.767251E-07
1641749371
-1.999909E+02,-3.772598E-07
1641749375
-1.999909E+02,-3.788032E-07
1641749379
-1.999898E+02,-9.472562E-07
1641749383
-1.999911E+02,-3.920707E-07
1641749387
-1.999909E+02,-3.906923E-07
1641749391
-1.999910E+02,-3.922714E-07
1641749395
-1.999912E+02,-3.940407E-07
1641749399
+8.731509E-02,-1.049955E-05
1641749403
-1.999910E+02,-4.065039E-07
1641749407
-1.999911E+02,-4.069492E-07
1641749411
-1.999911E+02,-4.084840E-07
1641749415
-1.999911E+02,-4.104097E-07
1641749419
-6.058565E+00,-1.049949E-05
1641749423
-1.999910E+02,-4.225983E-07
1641749427
-1.999909E+02,-4.237911E-07
1641749431
-1.999910E+02,-4.255197E-07
1641749435
-4.489861E-02,-1.049954E-05
1641749439
-1.999908E+02,-4.396617E-07
1641749443
-1.999909E+02,-4.389903E-07
1641749447
-1.999910E+02,-4.402518E-07
1641749451
-1.999911E+02,-4.418312E-07
1641749455
+2.032556E-01,-1.049955E-05
1641749459
-1.999910E+02,-4.540625E-07
1641749463
-1.999909E+02,-4.548222E-07
1641749467
-1.999909E+02,-4.564494E-07
1641749471
-1.999909E+02,-4.580630E-07
1641749475
-1.999912E+02,-5.000239E-07
1641749479
-1.999909E+02,-4.701340E-07
1641749483
-1.999910E+02,-4.711931E-07
1641749487
-1.999910E+02,-4.727856E-07
1641749491
+1.038298E-01,-1.049955E-05
1641749495
-1.999909E+02,-4.864858E-07
1641749499
-1.999909E+02,-4.865137E-07
1641749503
-1.999910E+02,-4.880359E-07
1641749507
-1.999910E+02,-4.902438E-07
1641749511
+2.511878E-01,-1.049954E-05
1641749515
-1.999908E+02,-5.043376E-07
1641749519
-1.999909E+02,-5.053712E-07
1641749523
-1.999910E+02,-5.072736E-07
1641749527
-1.999911E+02,-6.000351E-07
1641749532
-1.999910E+02,-5.243654E-07
1641749536
-1.999910E+02,-5.222254E-07
1641749540
-1.999909E+02,-5.236658E-07
1641749544
-1.999911E+02,-5.258810E-07
1641749548
+1.101842E-01,-1.049955E-05
1641749552
-1.999909E+02,-5.412801E-07
1641749556
-1.999909E+02,-5.418087E-07
1641749560
-1.999911E+02,-5.436872E-07
1641749564
-1.999911E+02,-5.457136E-07
1641749568
+9.927324E-02,-1.049956E-05
1641749572
-1.999910E+02,-5.599142E-07
1641749576
-1.999912E+02,-5.611795E-07
1641749580
-1.999910E+02,-5.630999E-07
1641749584
-1.924877E+00,-1.046499E-05
1641749588
-1.999910E+02,-5.801783E-07
1641749592
-1.999909E+02,-5.790463E-07
1641749596
-1.999910E+02,-5.802875E-07
1641749600
-1.999910E+02,-5.818432E-07
1641749604
+1.301673E-01,-1.049954E-05
1641749608
-1.999910E+02,-5.959740E-07
1641749612
-1.999910E+02,-5.962951E-07
1641749616
-1.999910E+02,-5.977332E-07
1641749620
-1.999908E+02,-5.986499E-07
1641749624
-1.151576E+02,-1.049688E-05
1641749628
-1.999909E+02,-6.102374E-07
1641749632
-1.999910E+02,-6.114132E-07
1641749636
-1.999909E+02,-6.132245E-07
1641749640
+7.751766E-02,-1.049955E-05
1641749644
-1.999910E+02,-6.294802E-07
1641749648
-1.999909E+02,-6.291413E-07
1641749652
-1.999910E+02,-6.308875E-07
1641749656
-1.999912E+02,-6.332630E-07
1641749660
+2.181585E-01,-1.049955E-05
1641749664
-1.999911E+02,-6.489757E-07
1641749668
-1.999910E+02,-6.497309E-07
1641749672
-1.999910E+02,-6.513998E-07
1641749676
-1.999912E+02,-6.532874E-07
1641749680
-1.999911E+02,-6.906118E-07
1641749684
-1.999910E+02,-6.675126E-07
1641749688
-1.999908E+02,-6.688002E-07
1641749692
-1.999909E+02,-6.709339E-07
1641749696
+7.276657E-02,-1.049954E-05
1641749700
-1.999911E+02,-6.872442E-07
1641749704
-1.999910E+02,-6.870034E-07
1641749708
-1.999911E+02,-6.884487E-07
1641749712
-1.999910E+02,-6.902963E-07
1641749716
+2.073315E-01,-1.049955E-05
1641749720
-1.999909E+02,-7.048010E-07
1641749724
-1.999909E+02,-7.053870E-07
1641749728
-1.999910E+02,-7.070172E-07
1641749732
-1.999889E+02,-1.989459E-06
1641749736
-1.999910E+02,-7.258432E-07
1641749740
-1.999910E+02,-7.231613E-07
1641749744
-1.999910E+02,-7.242789E-07
1641749748
-1.999910E+02,-7.262208E-07
1641749752
+8.481719E-02,-1.049954E-05
1641749756
-1.999910E+02,-7.420059E-07
1641749760
-1.999910E+02,-7.420528E-07
1641749764
-1.999912E+02,-7.427174E-07
1641749768
-1.999911E+02,-7.431659E-07
1641749772
-1.012907E-01,-1.049952E-05
1641749776
-1.999910E+02,-7.551051E-07
1641749780
-1.999909E+02,-7.556856E-07
1641749784
-1.999910E+02,-7.566662E-07
1641749788
-2.569979E-01,-1.049996E-05
1641749792
-1.999910E+02,-7.731940E-07
1641749796
-1.999911E+02,-7.722936E-07
1641749800
-1.999910E+02,-7.738718E-07
1641749804
-1.999910E+02,-7.757953E-07
1641749808
+1.764539E-01,-1.049954E-05
1641749812
-1.999911E+02,-7.921274E-07
1641749816
-1.999911E+02,-7.924265E-07
1641749820
-1.999910E+02,-7.940798E-07
1641749824
-1.999911E+02,-7.961849E-07
1641749828
-1.999910E+02,-8.821823E-07
1641749832
-1.999910E+02,-8.118097E-07
1641749837
-1.999909E+02,-8.126531E-07
1641749841
-1.999911E+02,-8.145648E-07
1641749845
+7.108735E-02,-1.049955E-05
1641749849
-1.999912E+02,-8.302970E-07
1641749853
-1.999910E+02,-8.289239E-07
1641749857
-1.999913E+02,-8.300157E-07
1641749861
-1.999910E+02,-8.326375E-07
1641749865
+2.000235E-01,-1.049955E-05
1641749869
-1.999911E+02,-8.491531E-07
1641749873
-1.999912E+02,-8.506250E-07
1641749877
-1.999911E+02,-8.525217E-07
1641749881
-1.999906E+02,-9.278186E-07
1641749885
-1.999912E+02,-8.737062E-07
1641749889
-1.999911E+02,-8.700244E-07
1641749893
-1.999910E+02,-8.711880E-07
1641749897
-1.999911E+02,-8.732358E-07
1641749901
+6.999026E-02,-1.049955E-05
1641749905
-1.999910E+02,-8.910454E-07
1641749909
-1.999910E+02,-8.909651E-07
1641749913
-1.999912E+02,-8.931581E-07
1641749917
-1.999910E+02,-8.961195E-07
1641749921
+1.798041E-01,-1.049954E-05
1641749925
-1.999911E+02,-9.146475E-07
1641749929
-1.999911E+02,-9.156401E-07
1641749933
-1.999912E+02,-9.178032E-07
1641749937
-8.563300E-01,-1.050827E-05
1641749941
-1.999911E+02,-9.388639E-07
1641749945
-1.999911E+02,-9.374605E-07
1641749949
-1.999911E+02,-9.393623E-07
1641749953
-1.999911E+02,-9.415764E-07
1641749957
+1.485469E-01,-1.049956E-05
1641749961
-1.999911E+02,-9.596116E-07
1641749965
-1.999910E+02,-9.600114E-07
1641749969
-1.999910E+02,-9.618570E-07
1641749973
-1.999911E+02,-9.644455E-07
1641749977
-1.999922E+02,-7.089956E-06
1641749981
-1.999910E+02,-9.814570E-07
1641749985
-1.999910E+02,-9.827004E-07
1641749989
-1.999911E+02,-9.850856E-07
1641749993
+6.637000E-02,-1.049955E-05
1641749997
-1.999911E+02,-1.003277E-06
1641750001
-1.999911E+02,-1.002220E-06
1641750005
-1.999910E+02,-1.003834E-06
1641750009
-1.999911E+02,-1.005353E-06
1641750013
+1.869012E-01,-1.049955E-05
1641750017
-1.999912E+02,-1.019892E-06
1641750021
-1.999910E+02,-1.020203E-06
1641750025
-1.999911E+02,-1.022146E-06
1641750029
-1.999911E+02,-1.023895E-06
1641750033
-1.999915E+02,-1.323933E-06
1641750037
-1.999911E+02,-1.038064E-06
1641750041
-1.999910E+02,-1.038956E-06
1641750045
-1.999911E+02,-1.040989E-06
1641750049
+9.195641E-02,-1.049954E-05
1641750053
-1.999910E+02,-1.060789E-06
1641750057
-1.999912E+02,-1.060599E-06
1641750061
-1.999911E+02,-1.062655E-06
1641750065
-1.999911E+02,-1.065588E-06
1641750069
+1.755594E-01,-1.049955E-05
1641750073
-1.999912E+02,-1.084393E-06
1641750077
-1.999912E+02,-1.085801E-06
1641750081
-1.999910E+02,-1.087825E-06
1641750085
-1.005143E+02,-9.409069E-06
1641750089
-1.999910E+02,-1.108505E-06
1641750093
-1.999910E+02,-1.106467E-06
1641750097
-1.999910E+02,-1.107716E-06
1641750101
-1.999912E+02,-1.108182E-06
1641750105
+1.158634E-01,-1.049956E-05
1641750109
-1.999913E+02,-1.123330E-06
1641750113
-1.999912E+02,-1.123596E-06
1641750117
-1.999910E+02,-1.125561E-06
1641750121
-1.999910E+02,-1.128272E-06
1641750125
-2.281873E+01,-1.049945E-05
1641750129
-1.999911E+02,-1.145961E-06
1641750133
-1.999911E+02,-1.147398E-06
1641750137
-1.999912E+02,-1.149147E-06
1641750141
+5.747556E-02,-1.049956E-05
1641750146
-1.999911E+02,-1.170486E-06
1641750150
-1.999911E+02,-1.169726E-06
1641750154
-1.999912E+02,-1.171229E-06
1641750158
-1.999911E+02,-1.173070E-06
1641750162
+1.642430E-01,-1.049955E-05
1641750166
-1.999911E+02,-1.190863E-06
1641750170
-1.999911E+02,-1.191249E-06
1641750174
-1.999912E+02,-1.193474E-06
1641750178
-1.999912E+02,-1.196765E-06
1641750182
-1.999916E+02,-2.093850E-06
1641750186
-1.999913E+02,-1.216692E-06
1641750190
-1.999913E+02,-1.218797E-06
1641750194
-1.999912E+02,-1.221900E-06
1641750198
+9.901960E-02,-1.049953E-05
1641750202
-1.999912E+02,-1.242105E-06
1641750206
-1.999912E+02,-1.241584E-06
1641750210
-1.999911E+02,-1.243347E-06
1641750214
-1.999911E+02,-1.245606E-06
1641750218
+1.242516E-01,-1.049954E-05
1641750222
-1.999912E+02,-1.258446E-06
1641750226
-1.999912E+02,-1.258726E-06
1641750230
-1.999912E+02,-1.258921E-06
1641750234
-1.999689E+02,-2.441222E-06
1641750238
-1.999912E+02,-1.278672E-06
1641750242
-1.999913E+02,-1.275181E-06
1641750246
-1.999911E+02,-1.276451E-06
1641750250
-1.999912E+02,-1.278987E-06
1641750254
+4.574559E-02,-1.049955E-05
1641750258
-1.999911E+02,-1.297283E-06
1641750262
-1.999912E+02,-1.297185E-06
1641750266
-1.999911E+02,-1.299279E-06
1641750270
-1.999910E+02,-1.302203E-06
1641750274
-1.302664E+01,-1.049948E-05
1641750278
-1.999912E+02,-1.322004E-06
1641750282
-1.999912E+02,-1.323894E-06
1641750286
-1.999913E+02,-1.326588E-06
1641750290
-2.427273E-02,-1.049956E-05
1641750294
-1.999912E+02,-1.348947E-06
1641750298
-1.999912E+02,-1.348136E-06
1641750302
-1.999912E+02,-1.349859E-06
1641750306
-1.999912E+02,-1.352793E-06
1641750310
+1.532473E-01,-1.049955E-05
1641750314
-1.999912E+02,-1.372916E-06
1641750318
-1.999912E+02,-1.374173E-06
1641750322
-1.999912E+02,-1.377404E-06
1641750326
-1.999911E+02,-1.380981E-06
1641750330
-1.851581E+02,-1.048921E-05
1641750334
-1.999913E+02,-1.400827E-06
1641750338
-1.999912E+02,-1.402529E-06
1641750342
-1.999911E+02,-1.405178E-06
1641750346
+7.971169E-02,-1.049955E-05
1641750350
-1.999911E+02,-1.426294E-06
1641750354
-1.999912E+02,-1.425871E-06
1641750358
-1.999911E+02,-1.428198E-06
1641750362
-1.999911E+02,-1.431057E-06
1641750366
+1.735762E-01,-1.049954E-05
1641750370
-1.999910E+02,-1.448215E-06
1641750374
-1.999913E+02,-1.449617E-06
1641750378
-1.999913E+02,-1.452338E-06
1641750382
-1.999912E+02,-1.455674E-06
1641750386
-1.999912E+02,-1.531376E-06
1641750390
-1.999913E+02,-1.475398E-06
1641750394
-1.999911E+02,-1.477023E-06
1641750398
-1.999912E+02,-1.479751E-06
1641750402
+8.485938E-02,-1.049955E-05
1641750406
-1.999913E+02,-1.500753E-06
1641750410
-1.999912E+02,-1.500924E-06
1641750414
-1.999912E+02,-1.503009E-06
1641750418
-1.999911E+02,-1.505716E-06
1641750422
+1.721331E-01,-1.049955E-05
1641750426
-1.999912E+02,-1.525786E-06
1641750430
-1.999912E+02,-1.527567E-06
1641750434
-1.999912E+02,-1.530583E-06
1641750438
-1.945491E+02,-3.220985E-06
1641750442
-1.999912E+02,-1.554172E-06
1641750446
-1.999911E+02,-1.551707E-06
1641750450
-1.999911E+02,-1.553357E-06
1641750455
-1.999913E+02,-1.555954E-06
1641750459
+2.875831E-02,-1.049954E-05
1641750463
-1.999913E+02,-1.574295E-06
1641750467
-1.999912E+02,-1.571278E-06
1641750471
-1.999912E+02,-1.572952E-06
1641750475
-1.999912E+02,-1.576266E-06
1641750479
-1.125323E-01,-1.049955E-05
1641750483
-1.999912E+02,-1.597178E-06
1641750487
-1.999912E+02,-1.599353E-06
1641750491
-1.999911E+02,-1.602626E-06
1641750495
-2.302530E-01,-1.049985E-05
1641750499
-1.999911E+02,-1.625968E-06
1641750503
-1.999911E+02,-1.624972E-06
1641750507
-1.999912E+02,-1.627596E-06
1641750511
-1.999911E+02,-1.630886E-06
1641750515
+1.540826E-01,-1.049955E-05
1641750519
-1.999913E+02,-1.653653E-06
1641750523
-1.999913E+02,-1.656581E-06
1641750527
-1.999912E+02,-1.660792E-06
1641750531
-1.999912E+02,-1.665558E-06
1641750535
-1.999927E+02,-9.692582E-06
1641750539
-1.999913E+02,-1.687614E-06
1641750543
-1.999911E+02,-1.690460E-06
1641750547
-1.999911E+02,-1.694306E-06
1641750551
+1.071882E-01,-1.049954E-05
1641750555
-1.999914E+02,-1.716941E-06
1641750559
-1.999913E+02,-1.717829E-06
1641750563
-1.999913E+02,-1.721725E-06
1641750567
-1.999914E+02,-1.726190E-06
1641750571
+1.797111E-01,-1.049955E-05
1641750575
-1.999913E+02,-1.747693E-06
1641750579
-1.999913E+02,-1.745997E-06
1641750583
-1.999914E+02,-1.748343E-06
1641750587
-1.999897E+02,-1.753226E-06
1641750591
-1.999913E+02,-1.775333E-06
1641750595
-1.999914E+02,-1.768182E-06
1641750599
-1.999913E+02,-1.771017E-06
1641750603
-1.999912E+02,-1.774909E-06
1641750607
+1.095258E-01,-1.049954E-05
1641750611
-1.999913E+02,-1.797447E-06
1641750615
-1.999911E+02,-1.799087E-06
1641750619
-1.999911E+02,-1.802999E-06
1641750623
-1.999913E+02,-1.808321E-06
1641750627
+1.432471E-01,-1.049953E-05
1641750631
-1.999913E+02,-1.831091E-06
1641750635
-1.999910E+02,-1.833989E-06
1641750639
-1.999912E+02,-1.837712E-06
1641750643
-5.036275E+00,-8.736457E-06
1641750647
-1.999914E+02,-1.861076E-06
1641750651
-1.999913E+02,-1.860111E-06
1641750655
-1.999913E+02,-1.863391E-06
1641750659
-1.999914E+02,-1.867642E-06
1641750663
+1.421163E-01,-1.049954E-05
1641750667
-1.999913E+02,-1.890196E-06
1641750671
-1.999913E+02,-1.892484E-06
1641750675
-1.999914E+02,-1.896362E-06
1641750679
-1.999913E+02,-1.900909E-06
1641750683
-7.423987E+01,-1.049777E-05
1641750687
-1.999913E+02,-1.922812E-06
1641750691
-1.999914E+02,-1.925792E-06
1641750695
-1.999913E+02,-1.929790E-06
1641750699
+4.375404E-02,-1.049956E-05
1641750703
-1.999913E+02,-1.955110E-06
1641750707
-1.999913E+02,-1.956081E-06
1641750711
-1.999914E+02,-1.959851E-06
1641750715
-1.999913E+02,-1.964178E-06
1641750719
+1.510362E-01,-1.049954E-05
1641750723
-1.999913E+02,-1.985342E-06
1641750727
-1.999914E+02,-1.988173E-06
1641750731
-1.999913E+02,-1.992699E-06
1641750735
-1.999913E+02,-1.997468E-06
1641750739
-1.053468E+02,-1.049691E-05
1641750743
-1.999914E+02,-2.020324E-06
1641750747
-1.999913E+02,-2.024193E-06
1641750751
-1.999912E+02,-2.028714E-06
1641750755
+1.092812E-01,-1.049955E-05
1641750759
-1.999914E+02,-2.047547E-06
1641750764
-1.999913E+02,-2.049205E-06
1641750768
-1.999914E+02,-2.053307E-06
1641750772
-1.999912E+02,-2.058003E-06
1641750776
+1.508759E-01,-1.049954E-05
1641750780
-1.999913E+02,-2.081097E-06
1641750784
-1.999913E+02,-2.084857E-06
1641750788
-1.999914E+02,-2.090171E-06
1641750792
-3.578532E+00,-9.917872E-06
1641750796
-1.999914E+02,-2.117482E-06
1641750800
-1.999914E+02,-2.118407E-06
1641750804
-1.999914E+02,-2.123218E-06
1641750808
-1.999913E+02,-2.128950E-06
1641750812
+1.514328E-01,-1.049954E-05
1641750816
-1.999913E+02,-2.154245E-06
1641750820
-1.999913E+02,-2.157646E-06
1641750824
-1.999914E+02,-2.163074E-06
1641750828
-1.999914E+02,-2.168897E-06
1641750832
-1.395025E+01,-1.049939E-05
1641750836
-1.999914E+02,-2.191932E-06
1641750840
-1.999913E+02,-2.196356E-06
1641750844
-1.999914E+02,-2.201853E-06
1641750848
-2.315022E-01,-1.049956E-05
1641750852
-1.999915E+02,-2.223879E-06
1641750856
-1.999914E+02,-2.224445E-06
1641750860
-1.999914E+02,-2.229046E-06
1641750864
-1.999914E+02,-2.234862E-06
1641750868
+1.701163E-01,-1.049953E-05
1641750872
-1.999913E+02,-2.259677E-06
1641750876
-1.999915E+02,-2.263849E-06
1641750880
-1.999914E+02,-2.269712E-06
1641750884
-1.999913E+02,-2.275705E-06
1641750888
-1.999914E+02,-2.622076E-06
1641750892
-1.999914E+02,-2.299150E-06
1641750896
-1.999914E+02,-2.304561E-06
1641750900
-1.999913E+02,-2.311148E-06
1641750904
+1.389856E-01,-1.049953E-05
1641750908
-1.999914E+02,-2.335647E-06
1641750912
-1.999913E+02,-2.339322E-06
1641750916
-1.999915E+02,-2.344883E-06
1641750920
-1.999915E+02,-2.351304E-06
1641750924
+1.012137E-01,-1.049955E-05
1641750928
-1.999914E+02,-2.376237E-06
1641750932
-1.999913E+02,-2.382507E-06
1641750936
-1.999913E+02,-2.390144E-06
1641750940
-1.143042E-01,-1.049962E-05
1641750944
-1.999913E+02,-2.417633E-06
1641750948
-1.999915E+02,-2.419874E-06
1641750952
-1.999915E+02,-2.425507E-06
1641750956
-1.999914E+02,-2.431674E-06
1641750960
+1.726731E-01,-1.049954E-05
1641750964
-1.999913E+02,-2.456101E-06
1641750968
-1.999915E+02,-2.461119E-06
1641750972
-1.999915E+02,-2.467780E-06
1641750976
-1.999914E+02,-2.474775E-06
1641750980
-9.166674E+01,-1.049675E-05
1641750984
-1.999915E+02,-2.496411E-06
1641750988
-1.999914E+02,-2.501738E-06
1641750992
-1.999915E+02,-2.508115E-06
1641750996
+1.146144E-01,-1.049956E-05
1641751000
-1.999915E+02,-2.533795E-06
1641751004
-1.999915E+02,-2.537786E-06
1641751008
-1.999913E+02,-2.544653E-06
1641751012
-1.999915E+02,-2.551931E-06
1641751016
+1.694075E-01,-1.049955E-05
1641751020
-1.999915E+02,-2.576101E-06
1641751024
-1.999915E+02,-2.581394E-06
1641751028
-1.999913E+02,-2.588216E-06
1641751032
-1.999915E+02,-2.595227E-06
1641751036
-1.999918E+02,-4.982451E-06
1641751040
-1.999914E+02,-2.617684E-06
1641751044
-1.999915E+02,-2.623265E-06
1641751049
-1.999914E+02,-2.630249E-06
1641751053
+1.721163E-01,-1.049955E-05
1641751057
-1.999915E+02,-2.655402E-06
1641751061
-1.999915E+02,-2.661114E-06
1641751065
-1.999914E+02,-2.668989E-06
1641751069
-1.999915E+02,-2.677254E-06
1641751073
+1.290279E-01,-1.049954E-05
1641751077
-1.999915E+02,-2.703641E-06
1641751081
-1.999915E+02,-2.711143E-06
1641751085
-1.999915E+02,-2.720620E-06
1641751089
-8.146305E-01,-1.006767E-05
1641751093
-1.999916E+02,-2.748331E-06
1641751097
-1.999916E+02,-2.752766E-06
1641751101
-1.999917E+02,-2.760132E-06
1641751105
-1.999916E+02,-2.768378E-06
1641751109
+1.610023E-01,-1.049955E-05
1641751113
-1.999915E+02,-2.791593E-06
1641751117
-1.999916E+02,-2.796649E-06
1641751121
-1.999915E+02,-2.802916E-06
1641751125
-1.999915E+02,-2.809523E-06
1641751129
-4.965005E-01,-1.049955E-05
1641751133
-1.999915E+02,-2.830210E-06
1641751137
-1.999915E+02,-2.836434E-06
1641751141
-1.999915E+02,-2.844602E-06
1641751145
+7.117162E-02,-1.049955E-05
1641751149
-1.999915E+02,-2.873156E-06
1641751153
-1.999914E+02,-2.879209E-06
1641751157
-1.999915E+02,-2.887430E-06
1641751161
-1.999914E+02,-2.896178E-06
1641751165
+1.543781E-01,-1.049955E-05
1641751169
-1.999915E+02,-2.918511E-06
1641751173
-1.999915E+02,-2.924901E-06
1641751177
-1.999917E+02,-2.932283E-06
1641751181
-1.999904E+02,-2.940089E-06
1641751185
-1.999917E+02,-2.959541E-06
1641751189
-1.999916E+02,-2.961728E-06
1641751193
-1.999915E+02,-2.970123E-06
1641751197
-1.999916E+02,-2.979601E-06
1641751201
+1.808420E-01,-1.049955E-05
1641751205
-1.999915E+02,-3.005309E-06
1641751209
-1.999915E+02,-3.012611E-06
1641751213
-1.999916E+02,-3.020998E-06
1641751217
-1.999915E+02,-3.029738E-06
1641751221
+1.109182E-01,-1.049954E-05
1641751225
-1.999916E+02,-3.051029E-06
1641751229
-1.999915E+02,-3.057869E-06
1641751233
-1.999915E+02,-3.065023E-06
1641751237
-7.012844E+01,-7.183914E-06
1641751241
-1.999917E+02,-3.091437E-06
1641751245
-1.999916E+02,-3.094089E-06
1641751249
-1.999917E+02,-3.101034E-06
1641751253
-1.999916E+02,-3.108662E-06
1641751257
+1.735339E-01,-1.049954E-05
1641751261
-1.999917E+02,-3.132949E-06
1641751265
-1.999916E+02,-3.139758E-06
1641751269
-1.999915E+02,-3.147894E-06
1641751273
-1.999915E+02,-3.156496E-06
1641751277
+1.313401E-01,-1.049955E-05
1641751281
-1.999914E+02,-3.179348E-06
1641751285
-1.999915E+02,-3.186767E-06
1641751289
-1.999916E+02,-3.195368E-06
1641751293
-1.999915E+02,-3.204786E-06
1641751297
-1.999917E+02,-3.476646E-06
1641751301
-1.999917E+02,-3.227670E-06
1641751305
-1.999915E+02,-3.235434E-06
1641751309
-1.999916E+02,-3.243379E-06
1641751313
+1.810361E-01,-1.049955E-05
1641751317
-1.999917E+02,-3.265408E-06
1641751321
-1.999917E+02,-3.272393E-06
1641751325
-1.999918E+02,-3.281976E-06
1641751329
-1.999918E+02,-3.292939E-06
1641751333
+7.788043E-02,-1.049955E-05
1641751337
-1.999917E+02,-3.318012E-06
1641751341
-1.999917E+02,-3.327183E-06
1641751345
-1.999916E+02,-3.337775E-06
1641751350
-5.058672E-02,-1.049956E-05
1641751354
-1.999917E+02,-3.361907E-06
1641751358
-1.999916E+02,-3.369804E-06
1641751362
-1.999916E+02,-3.378691E-06
1641751366
-1.999916E+02,-3.387012E-06
1641751370
+1.854410E-01,-1.049955E-05
1641751374
-1.999916E+02,-3.413179E-06
1641751378
-1.999917E+02,-3.424224E-06
1641751382
-1.999917E+02,-3.437947E-06
1641751386
-1.999917E+02,-3.447035E-06
1641751390
-1.999917E+02,-4.691171E-06
1641751394
-1.999918E+02,-3.457669E-06
1641751398
-1.999918E+02,-3.462963E-06
1641751402
-1.999918E+02,-3.471030E-06
1641751406
+1.860571E-01,-1.049955E-05
1641751410
-1.999916E+02,-3.496542E-06
1641751414
-1.999916E+02,-3.506442E-06
1641751418
-1.999917E+02,-3.517181E-06
1641751422
-1.999916E+02,-3.527734E-06
1641751426
+1.367830E-01,-1.049955E-05
1641751430
-1.999916E+02,-3.549820E-06
1641751434
-1.999916E+02,-3.557766E-06
1641751438
-1.999917E+02,-3.566561E-06
1641751442
-1.999898E+02,-3.575328E-06
1641751446
-1.999918E+02,-3.588930E-06
1641751450
-1.999917E+02,-3.594431E-06
1641751454
-1.999916E+02,-3.602503E-06
1641751458
-1.999916E+02,-3.609617E-06
1641751462
+1.710615E-01,-1.049954E-05
1641751466
-1.999915E+02,-3.626739E-06
1641751470
-1.999916E+02,-3.627599E-06
1641751474
-1.999917E+02,-3.635413E-06
1641751478
-1.999917E+02,-3.644404E-06
1641751482
+1.028846E-01,-1.049955E-05
1641751486
-1.999917E+02,-3.669079E-06
1641751490
-1.999916E+02,-3.678627E-06
1641751494
-1.999917E+02,-3.689475E-06
1641751498
-1.092601E+01,-9.180026E-06
1641751502
-1.999918E+02,-3.713439E-06
1641751506
-1.999918E+02,-3.721997E-06
1641751510
-1.999918E+02,-3.731087E-06
1641751514
-1.999917E+02,-3.740224E-06
1641751518
+1.528504E-01,-1.049954E-05
1641751522
-1.999917E+02,-3.761493E-06
1641751526
-1.999918E+02,-3.769758E-06
1641751530
-1.999917E+02,-3.779493E-06
1641751534
-1.999917E+02,-3.788851E-06
1641751538
-3.588031E-01,-1.049955E-05
1641751542
-1.999918E+02,-3.810202E-06
1641751546
-1.999918E+02,-3.818281E-06
1641751550
-1.999917E+02,-3.826960E-06
1641751554
+1.675593E-01,-1.049955E-05
1641751558
-1.999917E+02,-3.845975E-06
1641751562
-1.999917E+02,-3.853562E-06
1641751566
-1.999918E+02,-3.861816E-06
1641751570
-1.999919E+02,-3.870424E-06
1641751574
+1.301586E-01,-1.049954E-05
1641751578
-1.999918E+02,-3.891716E-06
1641751582
-1.999918E+02,-3.899887E-06
1641751586
-1.999917E+02,-3.908659E-06
1641751590
-1.999914E+02,-3.917825E-06
1641751594
-1.999919E+02,-4.128226E-06
1641751598
-1.999918E+02,-3.939867E-06
1641751602
-1.999918E+02,-3.949237E-06
1641751606
-1.999918E+02,-3.959251E-06
1641751610
+1.776101E-01,-1.049955E-05
1641751614
-1.999918E+02,-3.980523E-06
1641751618
-1.999918E+02,-3.989408E-06
1641751622
-1.999918E+02,-3.999256E-06
1641751626
-1.999918E+02,-4.009805E-06
1641751630
+8.932344E-02,-1.049954E-05
1641751634
-1.999917E+02,-4.033203E-06
1641751638
-1.999918E+02,-4.045634E-06
1641751642
-1.999917E+02,-4.059001E-06
1641751646
-5.173869E-01,-1.024412E-05
1641751650
-1.999918E+02,-4.079277E-06
1641751655
-1.999919E+02,-4.090236E-06
1641751659
-1.999919E+02,-4.101719E-06
1641751663
-1.999919E+02,-4.114166E-06
1641751667
+1.604623E-01,-1.049955E-05
1641751671
-1.999919E+02,-4.135314E-06
1641751675
-1.999919E+02,-4.145554E-06
1641751679
-1.999919E+02,-4.154343E-06
1641751683
-1.999918E+02,-4.162254E-06
1641751687
-3.218802E-01,-1.049955E-05
1641751691
-1.999920E+02,-4.176089E-06
1641751695
-1.999919E+02,-4.183383E-06
1641751699
-1.999919E+02,-4.191977E-06
1641751703
+9.344157E-02,-1.049956E-05
1641751707
-1.999919E+02,-4.214246E-06
1641751711
-1.999919E+02,-4.225657E-06
1641751715
-1.999920E+02,-4.237382E-06
1641751719
-1.999918E+02,-4.249919E-06
1641751723
+1.401418E-01,-1.049955E-05
1641751727
-1.999919E+02,-4.269000E-06
1641751731
-1.999920E+02,-4.277716E-06
1641751735
-1.999920E+02,-4.286346E-06
1641751739
-1.999919E+02,-4.295461E-06
1641751743
-1.999922E+02,-4.588318E-06
1641751747
-1.999919E+02,-4.316504E-06
1641751751
-1.999920E+02,-4.327938E-06
1641751755
-1.999920E+02,-4.338640E-06
1641751759
+1.681332E-01,-1.049955E-05
1641751763
-1.999920E+02,-4.354787E-06
1641751767
-1.999920E+02,-4.363681E-06
1641751771
-1.999920E+02,-4.371930E-06
1641751775
-1.999920E+02,-4.379636E-06
1641751779
+8.094379E-02,-1.049956E-05
1641751783
-1.999918E+02,-4.395442E-06
1641751787
-1.999920E+02,-4.401354E-06
1641751791
-1.999920E+02,-4.404249E-06
1641751795
-1.906482E+02,-6.416028E-06
1641751799
-1.999921E+02,-4.422954E-06
1641751803
-1.999920E+02,-4.434191E-06
1641751807
-1.999920E+02,-4.442066E-06
1641751811
-1.999920E+02,-4.447091E-06
1641751815
+1.678969E-01,-1.049955E-05
1641751819
-1.999920E+02,-4.462242E-06
1641751823
-1.999919E+02,-4.471977E-06
1641751827
-1.999919E+02,-4.481943E-06
1641751831
-1.999921E+02,-4.486970E-06
1641751835
+4.258950E-02,-1.049956E-05
1641751839
-1.999921E+02,-4.504306E-06
1641751843
-1.999921E+02,-4.512521E-06
1641751847
-1.999921E+02,-4.522110E-06
1641751851
-3.614605E-01,-1.050276E-05
1641751855
-1.999921E+02,-4.535239E-06
1641751859
-1.999920E+02,-4.545005E-06
1641751863
-1.999921E+02,-4.553745E-06
1641751867
-1.999920E+02,-4.564452E-06
1641751871
+1.372387E-01,-1.049955E-05
1641751875
-1.999920E+02,-4.588941E-06
1641751879
-1.999919E+02,-4.597189E-06
1641751883
-1.999919E+02,-4.606719E-06
1641751887
-1.999920E+02,-4.616069E-06
1641751891
-5.009812E+01,-1.049760E-05
1641751895
-1.999921E+02,-4.639265E-06
1641751899
-1.999920E+02,-4.650453E-06
1641751903
-1.999920E+02,-4.662159E-06
1641751907
+1.752133E-01,-1.049956E-05
1641751911
-1.999921E+02,-4.683162E-06
1641751915
-1.999919E+02,-4.696369E-06
1641751919
-1.999921E+02,-4.706673E-06
1641751923
-1.999921E+02,-4.716790E-06
1641751927
+1.296186E-01,-1.049955E-05
1641751931
-1.999921E+02,-4.733610E-06
1641751935
-1.999921E+02,-4.740479E-06
1641751939
-1.999922E+02,-4.740508E-06
1641751943
-1.999921E+02,-4.741378E-06
1641751947
-1.999928E+02,-9.929483E-06
1641751951
-1.999921E+02,-4.761677E-06
1641751955
-1.999921E+02,-4.773669E-06
1641751959
-1.999921E+02,-4.787065E-06
1641751963
+1.896184E-01,-1.049955E-05
1641751967
-1.999922E+02,-4.814324E-06
1641751971
-1.999921E+02,-4.826980E-06
1641751976
-1.999922E+02,-4.837878E-06
1641751980
-1.999921E+02,-4.848543E-06
1641751984
+1.254414E-01,-1.049956E-05
1641751988
-1.999921E+02,-4.868649E-06
1641751992
-1.999921E+02,-4.878691E-06
1641751996
-1.999920E+02,-4.888142E-06
1641752000
-1.999920E+02,-5.058858E-06
1641752004
-1.999922E+02,-4.891070E-06
1641752008
-1.999921E+02,-4.905034E-06
1641752012
-1.999920E+02,-4.915673E-06
1641752016
-1.999921E+02,-4.927608E-06
1641752020
+1.536522E-01,-1.049954E-05
1641752024
-1.999921E+02,-4.949927E-06
1641752028
-1.999922E+02,-4.961225E-06
1641752032
-1.999921E+02,-4.972434E-06
1641752036
-1.999921E+02,-4.983752E-06
1641752040
-4.253470E-01,-1.049954E-05
1641752044
-1.999922E+02,-4.998961E-06
1641752048
-1.999921E+02,-5.005443E-06
1641752052
-1.999920E+02,-5.011681E-06
1641752056
-3.971590E-01,-1.049991E-05
1641752060
-1.999921E+02,-5.003082E-06
1641752064
-1.999921E+02,-4.999774E-06
1641752068
-1.999920E+02,-4.998477E-06
1641752072
-1.999922E+02,-4.998578E-06
1641752076
+1.302599E-01,-1.049955E-05
1641752080
-1.999920E+02,-5.018930E-06
1641752084
-1.999922E+02,-5.022648E-06
1641752088
-1.999921E+02,-5.038077E-06
1641752092
-1.999921E+02,-5.056369E-06
1641752096
-9.790178E+00,-1.049875E-05
1641752100
-1.999921E+02,-5.074170E-06
1641752104
-1.999920E+02,-5.076688E-06
1641752108
-1.999920E+02,-5.078734E-06
1641752112
+1.217453E-01,-1.049955E-05
1641752116
-1.999921E+02,-5.101116E-06
1641752120
-1.999922E+02,-5.111795E-06
1641752124
-1.999921E+02,-5.115452E-06
1641752128
-1.999922E+02,-5.116270E-06
1641752132
+5.494385E-02,-1.049956E-05
1641752136
-1.999922E+02,-5.130755E-06
1641752140
-1.999921E+02,-5.139800E-06
1641752144
-1.999923E+02,-5.149368E-06
1641752148
-1.555125E+02,-7.332407E-06
1641752152
-1.999922E+02,-5.169742E-06
1641752156
-1.999921E+02,-5.185811E-06
1641752160
-1.999922E+02,-5.195729E-06
1641752164
-1.999920E+02,-5.205732E-06
1641752168
+1.290110E-01,-1.049955E-05
1641752172
-1.999921E+02,-5.225283E-06
1641752176
-1.999920E+02,-5.236766E-06
1641752180
-1.999921E+02,-5.248693E-06
1641752184
-1.999920E+02,-5.260338E-06
1641752188
-1.956152E+02,-1.049042E-05
1641752192
-1.999922E+02,-5.278747E-06
1641752196
-1.999922E+02,-5.285776E-06
1641752200
-1.999921E+02,-5.292793E-06
1641752204
+1.669265E-01,-1.049955E-05
1641752208
-1.999921E+02,-5.298205E-06
1641752212
-1.999922E+02,-5.308841E-06
1641752216
-1.999922E+02,-5.319702E-06
1641752220
-1.999921E+02,-5.323940E-06
1641752224
+8.665676E-02,-1.049955E-05
1641752228
-1.999921E+02,-5.345836E-06
1641752232
-1.999922E+02,-5.350310E-06
1641752236
-1.999922E+02,-5.352391E-06
1641752240
-1.999926E+02,-5.812203E-06
1641752244
-1.999922E+02,-5.351865E-06
1641752248
-1.999921E+02,-5.362220E-06
1641752252
-1.999921E+02,-5.371053E-06
1641752257
-1.999921E+02,-5.380665E-06
1641752261
+1.552893E-01,-1.049955E-05
1641752265
-1.999922E+02,-5.406640E-06
1641752269
-1.999923E+02,-5.417624E-06
1641752273
-1.999921E+02,-5.429289E-06
1641752277
-1.999921E+02,-5.439503E-06
1641752281
+4.900295E-02,-1.049955E-05
1641752285
-1.999922E+02,-5.462447E-06
1641752289
-1.999921E+02,-5.472734E-06
1641752293
-1.999923E+02,-5.483719E-06
1641752297
-5.164580E-01,-1.051091E-05
1641752301
-1.999923E+02,-5.499460E-06
1641752305
-1.999922E+02,-5.515660E-06
1641752309
-1.999922E+02,-5.524229E-06
1641752313
-1.999923E+02,-5.532895E-06
1641752317
+1.258886E-01,-1.049955E-05
1641752321
-1.999921E+02,-5.546138E-06
1641752325
-1.999923E+02,-5.546696E-06
1641752329
-1.999921E+02,-5.554928E-06
1641752333
-1.999923E+02,-5.563980E-06
1641752337
-5.840977E+01,-1.049635E-05
1641752341
-1.999923E+02,-5.588645E-06
1641752345
-1.999922E+02,-5.600393E-06
1641752349
-1.999921E+02,-5.612736E-06
1641752353
+1.621586E-01,-1.049956E-05
1641752357
-1.999922E+02,-5.627345E-06
1641752361
-1.999924E+02,-5.642834E-06
1641752365
-1.999924E+02,-5.654343E-06
1641752369
-1.999923E+02,-5.663956E-06
1641752373
+1.162515E-01,-1.049955E-05
1641752377
-1.999924E+02,-5.679737E-06
1641752381
-1.999924E+02,-5.683386E-06
1641752385
-1.999923E+02,-5.683636E-06
1641752389
-1.999924E+02,-5.690015E-06
1641752393
-1.999928E+02,-8.214939E-06
1641752397
-1.999923E+02,-5.710308E-06
1641752401
-1.999925E+02,-5.712408E-06
1641752405
-1.999922E+02,-5.707622E-06
1641752409
+1.266819E-01,-1.049955E-05
1641752413
-1.999922E+02,-5.707425E-06
1641752417
-1.999922E+02,-5.716779E-06
1641752421
-1.999923E+02,-5.726674E-06
1641752425
-1.999923E+02,-5.738810E-06
1641752429
+8.104502E-02,-1.049954E-05
1641752433
-1.999921E+02,-5.775894E-06
1641752437
-1.999923E+02,-5.790518E-06
1641752441
-1.999922E+02,-5.803742E-06
1641752445
-2.352618E+00,-1.003111E-05
1641752449
-1.999922E+02,-5.814039E-06
1641752453
-1.999923E+02,-5.833048E-06
1641752457
-1.999923E+02,-5.840899E-06
1641752461
-1.999924E+02,-5.848977E-06
1641752465
+1.351376E-01,-1.049954E-05
1641752469
-1.999922E+02,-5.867269E-06
1641752473
-1.999923E+02,-5.877186E-06
1641752477
-1.999924E+02,-5.885698E-06
1641752481
-1.999923E+02,-5.893235E-06
1641752485
-6.243388E+01,-1.049620E-05
1641752489
-1.999923E+02,-5.906659E-06
1641752493
-1.999924E+02,-5.912718E-06
1641752497
-1.999924E+02,-5.921242E-06
1641752501
+1.649348E-01,-1.049955E-05
1641752505
-1.999923E+02,-5.937444E-06
1641752509
-1.999924E+02,-5.951163E-06
1641752513
-1.999924E+02,-5.959540E-06
1641752517
-1.999924E+02,-5.967120E-06
1641752521
+8.353445E-02,-1.049954E-05
1641752525
-1.999924E+02,-5.974354E-06
1641752529
-1.999925E+02,-5.974995E-06
1641752533
-1.999924E+02,-5.976769E-06
1641752537
-1.999923E+02,-5.983866E-06
1641752541
-1.941754E+02,-1.049118E-05
1641752545
-1.999925E+02,-5.989272E-06
1641752549
-1.999925E+02,-5.980566E-06
1641752553
-1.999924E+02,-5.971380E-06
1641752557
+1.114246E-01,-1.049955E-05
1641752561
-1.999924E+02,-5.975196E-06
1641752565
-1.999924E+02,-5.985515E-06
1641752570
-1.999923E+02,-5.996420E-06
1641752574
-1.999922E+02,-6.009994E-06
1641752578
+7.372013E-02,-1.049955E-05
1641752582
-1.999923E+02,-6.028705E-06
1641752586
-1.999925E+02,-6.026540E-06
1641752590
-1.999923E+02,-6.022759E-06
1641752594
-1.999890E+02,-6.517979E-06
1641752598
-1.999923E+02,-6.054688E-06
1641752602
-1.999923E+02,-6.077370E-06
1641752606
-1.999925E+02,-6.089215E-06
1641752610
-1.999925E+02,-6.097985E-06
1641752614
+1.156608E-01,-1.049955E-05
1641752618
-1.999925E+02,-6.124633E-06
1641752622
-1.999924E+02,-6.128747E-06
1641752626
-1.999924E+02,-6.136159E-06
1641752630
-1.999925E+02,-6.144317E-06
1641752634
-4.365166E+01,-1.049721E-05
1641752638
-1.999924E+02,-6.157463E-06
1641752642
-1.999925E+02,-6.161888E-06
1641752646
-1.999924E+02,-6.170539E-06
1641752650
+1.678547E-01,-1.049955E-05
1641752654
-1.999923E+02,-6.193075E-06
1641752658
-1.999923E+02,-6.208018E-06
1641752662
-1.999923E+02,-6.216105E-06
1641752666
-1.999924E+02,-6.223442E-06
1641752670
+1.123190E-01,-1.049954E-05
1641752674
-1.999924E+02,-6.239575E-06
1641752678
-1.999924E+02,-6.246766E-06
1641752682
-1.999923E+02,-6.254445E-06
1641752686
-1.999245E+02,-6.261614E-06
1641752690
-1.999923E+02,-6.258684E-06
1641752694
-1.999923E+02,-6.280309E-06
1641752698
-1.999923E+02,-6.278574E-06
1641752702
-1.999922E+02,-6.280418E-06
1641752706
+1.543104E-01,-1.049954E-05
1641752710
-1.999925E+02,-6.300460E-06
1641752714
-1.999924E+02,-6.312455E-06
1641752718
-1.999924E+02,-6.321911E-06
1641752722
-1.999924E+02,-6.330602E-06
1641752726
+4.339116E-02,-1.049955E-05
1641752730
-1.999925E+02,-6.352216E-06
1641752734
-1.999924E+02,-6.359126E-06
1641752738
-1.999925E+02,-6.367235E-06
1641752742
-1.328456E-01,-1.049966E-05
1641752746
-1.999925E+02,-6.374185E-06
1641752750
-1.999924E+02,-6.383818E-06
1641752754
-1.999922E+02,-6.386693E-06
1641752758
-1.999923E+02,-6.393247E-06
1641752762
+6.868216E-02,-1.049953E-05
1641752766
-1.999924E+02,-6.407658E-06
1641752770
-1.999924E+02,-6.418907E-06
1641752774
-1.999925E+02,-6.429900E-06
1641752778
-1.999924E+02,-6.440480E-06
1641752782
-1.959624E+02,-1.048958E-05
1641752786
-1.999924E+02,-6.463694E-06
1641752790
-1.999924E+02,-6.470575E-06
1641752794
-1.999925E+02,-6.478218E-06
1641752798
+1.630192E-01,-1.049954E-05
1641752802
-1.999924E+02,-6.497080E-06
1641752806
-1.999924E+02,-6.508602E-06
1641752810
-1.999924E+02,-6.517839E-06
1641752814
-1.999924E+02,-6.526904E-06
1641752818
+2.956002E-02,-1.049955E-05
1641752822
-1.999924E+02,-6.550357E-06
1641752827
-1.999924E+02,-6.559000E-06
1641752831
-1.999926E+02,-6.566630E-06
1641752835
-8.700270E-02,-1.049960E-05
1641752839
-1.999924E+02,-6.573169E-06
1641752843
-1.999926E+02,-6.589690E-06
1641752847
-1.999924E+02,-6.597870E-06
1641752851
-1.999924E+02,-6.605337E-06
1641752855
+1.220489E-01,-1.049954E-05
1641752859
-1.999926E+02,-6.627989E-06
1641752863
-1.999925E+02,-6.639381E-06
1641752867
-1.999926E+02,-6.649358E-06
1641752871
-1.999924E+02,-6.657409E-06
1641752875
-1.999926E+02,-7.019603E-06
1641752879
-1.999924E+02,-6.676221E-06
1641752883
-1.999926E+02,-6.685238E-06
1641752887
-1.999925E+02,-6.692906E-06
1641752891
+1.500235E-01,-1.049955E-05
1641752895
-1.999926E+02,-6.704520E-06
1641752899
-1.999927E+02,-6.714164E-06
1641752903
-1.999925E+02,-6.721534E-06
1641752907
-1.999925E+02,-6.728872E-06
1641752911
-3.077948E-02,-1.049954E-05
1641752915
-1.999927E+02,-6.750985E-06
1641752919
-1.999926E+02,-6.761842E-06
1641752923
-1.999926E+02,-6.770976E-06
1641752927
-4.044260E-02,-1.049956E-05
1641752931
-1.999925E+02,-6.777488E-06
1641752935
-1.999926E+02,-6.796720E-06
1641752939
-1.999927E+02,-6.803137E-06
1641752943
-1.999926E+02,-6.808912E-06
1641752947
+1.285890E-01,-1.049955E-05
1641752951
-1.999926E+02,-6.826171E-06
1641752955
-1.999926E+02,-6.834805E-06
1641752959
-1.999925E+02,-6.841241E-06
1641752963
-1.999925E+02,-6.847290E-06
1641752967
-4.016611E+01,-1.049809E-05
1641752971
-1.999925E+02,-6.863745E-06
1641752975
-1.999925E+02,-6.868445E-06
1641752979
-1.999927E+02,-6.873225E-06
1641752983
+1.396522E-01,-1.049955E-05
1641752987
-1.999925E+02,-6.882913E-06
1641752991
-1.999924E+02,-6.898158E-06
1641752995
-1.999925E+02,-6.903689E-06
1641752999
-1.999926E+02,-6.907795E-06
1641753003
+1.075089E-01,-1.049954E-05
1641753007
-1.999925E+02,-6.927243E-06
1641753011
-1.999924E+02,-6.938445E-06
1641753015
-1.999926E+02,-6.944437E-06
1641753019
-1.999926E+02,-6.949457E-06
1641753023
-1.999928E+02,-7.171824E-06
1641753027
-1.999926E+02,-6.972119E-06
1641753031
-1.999926E+02,-6.980568E-06
1641753035
-1.999926E+02,-6.988160E-06
1641753039
+1.560994E-01,-1.049954E-05
1641753043
-1.999926E+02,-7.004462E-06
1641753047
-1.999927E+02,-7.016412E-06
1641753051
-1.999926E+02,-7.023959E-06
1641753055
-1.999926E+02,-7.031853E-06
1641753059
+4.141648E-02,-1.049955E-05
1641753063
-1.999928E+02,-7.052884E-06
1641753067
-1.999927E+02,-7.060989E-06
1641753071
-1.999927E+02,-7.067456E-06
1641753075
-3.751826E-01,-1.051204E-05
1641753079
-1.999926E+02,-7.072867E-06
1641753083
-1.999927E+02,-7.096931E-06
1641753087
-1.999926E+02,-7.104050E-06
1641753091
-1.999927E+02,-7.113544E-06
1641753095
+1.401332E-01,-1.049955E-05
1641753099
-1.999927E+02,-7.135917E-06
1641753104
-1.999928E+02,-7.147846E-06
1641753108
-1.999927E+02,-7.155050E-06
1641753112
-1.999928E+02,-7.162225E-06
1641753116
-8.794865E-03,-1.049954E-05
1641753120
-1.999927E+02,-7.182105E-06
1641753124
-1.999927E+02,-7.192206E-06
1641753128
-1.999928E+02,-7.201137E-06
1641753132
-5.154883E-02,-1.049963E-05
1641753136
-1.999928E+02,-7.210705E-06
1641753140
-1.999927E+02,-7.231558E-06
1641753144
-1.999928E+02,-7.240963E-06
1641753148
-1.999926E+02,-7.244725E-06
1641753152
+1.282008E-01,-1.049954E-05
1641753156
-1.999927E+02,-7.255061E-06
1641753160
-1.999928E+02,-7.260553E-06
1641753164
-1.999926E+02,-7.264827E-06
1641753168
-1.999927E+02,-7.268517E-06
1641753172
-3.952995E+01,-1.049741E-05
1641753176
-1.999930E+02,-7.288771E-06
1641753180
-1.999928E+02,-7.294748E-06
1641753184
-1.999927E+02,-7.302396E-06
1641753188
+1.559474E-01,-1.049955E-05
1641753192
-1.999928E+02,-7.319539E-06
1641753196
-1.999928E+02,-7.339539E-06
1641753200
-1.999927E+02,-7.349183E-06
1641753204
-1.999928E+02,-7.358862E-06
1641753208
+1.156861E-01,-1.049954E-05
1641753212
-1.999928E+02,-7.379549E-06
1641753216
-1.999928E+02,-7.387394E-06
1641753220
-1.999929E+02,-7.396674E-06
1641753224
-1.999927E+02,-7.403756E-06
1641753228
-1.999883E+02,-9.454970E-06
1641753232
-1.999928E+02,-7.426660E-06
1641753236
-1.999927E+02,-7.434535E-06
1641753240
-1.999927E+02,-7.441451E-06
1641753244
+1.578631E-01,-1.049954E-05
1641753248
-1.999927E+02,-7.454845E-06
1641753252
-1.999928E+02,-7.465404E-06
1641753256
-1.999928E+02,-7.471847E-06
1641753260
-1.999930E+02,-7.476664E-06
1641753264
+4.746711E-02,-1.049955E-05
1641753268
-1.999928E+02,-7.495167E-06
1641753272
-1.999928E+02,-7.499374E-06
1641753276
-1.999928E+02,-7.503281E-06
1641753280
-6.368032E-01,-1.050647E-05
1641753284
-1.999928E+02,-7.492919E-06
1641753288
-1.999929E+02,-7.511175E-06
1641753292
-1.999929E+02,-7.517629E-06
1641753296
-1.999929E+02,-7.526580E-06
1641753300
+1.335172E-01,-1.049955E-05
1641753304
-1.999930E+02,-7.555215E-06
1641753308
-1.999930E+02,-7.562991E-06
1641753312
-1.999929E+02,-7.567673E-06
1641753316
-1.999928E+02,-7.572485E-06
1641753320
-5.302227E-01,-1.049955E-05
1641753324
-1.999928E+02,-7.583223E-06
1641753328
-1.999929E+02,-7.589983E-06
1641753332
-1.999929E+02,-7.600622E-06
1641753336
-5.900075E-02,-1.049958E-05
1641753340
-1.999930E+02,-7.620411E-06
1641753344
-1.999926E+02,-7.646990E-06
1641753348
-1.999928E+02,-7.656550E-06
1641753352
-1.999928E+02,-7.666358E-06
1641753356
+1.228590E-01,-1.049954E-05
1641753360
-1.999927E+02,-7.687928E-06
1641753364
-1.999926E+02,-7.696413E-06
1641753368
-1.999927E+02,-7.702278E-06
1641753372
-1.999927E+02,-7.706800E-06
1641753376
-4.422454E+01,-1.049713E-05
1641753380
-1.999926E+02,-7.729966E-06
1641753384
-1.999927E+02,-7.737804E-06
1641753388
-1.999928E+02,-7.747335E-06
1641753392
+1.648756E-01,-1.049955E-05
1641753396
-1.999927E+02,-7.755760E-06
1641753400
-1.999928E+02,-7.758606E-06
1641753404
-1.999926E+02,-7.750888E-06
1641753409
-1.999927E+02,-7.745301E-06
1641753413
+1.155510E-01,-1.049954E-05
1641753417
-1.999927E+02,-7.795873E-06
1641753421
-1.999927E+02,-7.804466E-06
1641753425
-1.999927E+02,-7.811223E-06
1641753429
-1.806155E+02,-8.657630E-06
1641753433
-1.999928E+02,-7.795103E-06
1641753437
-1.999926E+02,-7.817943E-06
1641753441
-1.999926E+02,-7.805355E-06
1641753445
-1.999927E+02,-7.810997E-06
1641753449
+1.436859E-01,-1.049954E-05
1641753453
-1.999927E+02,-7.838367E-06
1641753457
-1.999926E+02,-7.836263E-06
1641753461
-1.999928E+02,-7.842200E-06
1641753465
-1.999927E+02,-7.850150E-06
1641753469
+6.155134E-02,-1.049954E-05
1641753473
-1.999927E+02,-7.887488E-06
1641753477
-1.999927E+02,-7.897408E-06
1641753481
-1.999928E+02,-7.903725E-06
1641753485
-3.568351E+01,-1.050930E-05
1641753489
-1.999927E+02,-7.902189E-06
1641753493
-1.999927E+02,-7.926334E-06
1641753497
-1.999927E+02,-7.931911E-06
1641753501
-1.999927E+02,-7.940454E-06
1641753505
+1.392049E-01,-1.049954E-05
1641753509
-1.999927E+02,-7.977364E-06
1641753513
-1.999927E+02,-7.992307E-06
1641753517
-1.999927E+02,-8.000748E-06
1641753521
-1.999928E+02,-8.006572E-06
1641753525
-6.377153E-01,-1.049955E-05
1641753529
-1.999928E+02,-8.026303E-06
1641753533
-1.999927E+02,-8.030741E-06
1641753537
-1.999928E+02,-8.032441E-06
1641753541
+1.533221E-02,-1.049955E-05
1641753545
-1.999928E+02,-8.034602E-06
1641753549
-1.999928E+02,-8.050261E-06
1641753553
-1.999928E+02,-8.056660E-06
1641753557
-1.999926E+02,-8.060350E-06
1641753561
+1.185636E-01,-1.049954E-05
1641753565
-1.999928E+02,-8.090557E-06
1641753569
-1.999927E+02,-8.083995E-06
1641753573
-1.999927E+02,-8.089425E-06
1641753577
-1.999928E+02,-8.093259E-06
1641753581
-1.999936E+02,-1.040111E-05
1641753585
-1.999927E+02,-8.115138E-06
1641753589
-1.999928E+02,-8.120196E-06
1641753593
-1.999927E+02,-8.125638E-06
1641753597
+1.484285E-01,-1.049953E-05
1641753601
-1.999928E+02,-8.139270E-06
1641753605
-1.999929E+02,-8.134558E-06
1641753609
-1.999930E+02,-8.136803E-06
1641753613
-1.999930E+02,-8.144607E-06
1641753617
+9.208278E-02,-1.049954E-05
1641753621
-1.999927E+02,-8.179558E-06
1641753625
-1.999928E+02,-8.184425E-06
1641753629
-1.999928E+02,-8.189038E-06
1641753633
-1.763446E+02,-8.464444E-06
1641753637
-1.999928E+02,-8.174166E-06
1641753641
-1.999929E+02,-8.191420E-06
1641753645
-1.999928E+02,-8.177333E-06
1641753649
-1.999929E+02,-8.186956E-06
1641753653
+1.447999E-01,-1.049953E-05
1641753657
-1.999928E+02,-8.233687E-06
1641753661
-1.999927E+02,-8.244734E-06
1641753665
-1.999926E+02,-8.250546E-06
1641753669
-1.999927E+02,-8.257385E-06
1641753673
+2.036173E-02,-1.049953E-05
1641753677
-1.999927E+02,-8.284356E-06
1641753681
-1.999928E+02,-8.290037E-06
1641753685
-1.999927E+02,-8.294166E-06
1641753689
-1.286174E-01,-1.049966E-05
1641753693
-1.999926E+02,-8.308019E-06
1641753697
-1.999927E+02,-8.331524E-06
1641753702
-1.999926E+02,-8.340766E-06
1641753706
-1.999928E+02,-8.349102E-06
1641753710
+1.169856E-01,-1.049953E-05
1641753714
-1.999928E+02,-8.377784E-06
1641753718
-1.999927E+02,-8.389758E-06
1641753722
-1.999927E+02,-8.394745E-06
1641753726
-1.999927E+02,-8.398446E-06
1641753730
-1.999650E+02,-1.002677E-05
1641753734
-1.999929E+02,-8.423241E-06
1641753738
-1.999928E+02,-8.426176E-06
1641753742
-1.999928E+02,-8.428013E-06
1641753746
+1.480318E-01,-1.049954E-05
1641753750
-1.999928E+02,-8.438064E-06
1641753754
-1.999928E+02,-8.449493E-06
1641753758
-1.999929E+02,-8.456184E-06
1641753762
-1.999928E+02,-8.464215E-06
1641753766
+9.327266E-02,-1.049954E-05
1641753770
-1.999928E+02,-8.492982E-06
1641753774
-1.999928E+02,-8.499194E-06
1641753778
-1.999929E+02,-8.503123E-06
1641753782
-1.862627E+02,-8.733491E-06
1641753786
-1.999929E+02,-8.487596E-06
1641753790
-1.999928E+02,-8.520227E-06
1641753794
-1.999928E+02,-8.504295E-06
1641753798
-1.999928E+02,-8.503412E-06
1641753802
+1.324623E-01,-1.049954E-05
1641753806
-1.999928E+02,-8.531390E-06
1641753810
-1.999928E+02,-8.542826E-06
1641753814
-1.999927E+02,-8.550406E-06
1641753818
-1.999928E+02,-8.557245E-06
1641753822
-2.708301E-02,-1.049954E-05
1641753826
-1.999927E+02,-8.581564E-06
1641753830
-1.999929E+02,-8.583598E-06
1641753834
-1.999928E+02,-8.584929E-06
1641753838
-8.133981E-02,-1.049980E-05
1641753842
-1.999929E+02,-8.593593E-06
1641753846
-1.999928E+02,-8.614004E-06
1641753850
-1.999928E+02,-8.615761E-06
1641753854
-1.999928E+02,-8.615961E-06
1641753858
+1.043865E-01,-1.049953E-05
1641753862
-1.999928E+02,-8.635972E-06
1641753866
-1.999928E+02,-8.641494E-06
1641753870
-1.999928E+02,-8.626114E-06
1641753874
-1.999928E+02,-8.624034E-06
1641753878
-1.114994E+02,-1.049463E-05
1641753882
-1.999929E+02,-8.621485E-06
1641753886
-1.999927E+02,-8.604775E-06
1641753890
-1.999928E+02,-8.616864E-06
1641753894
+1.348252E-01,-1.049955E-05
1641753898
-1.999927E+02,-8.658697E-06
1641753902
-1.999928E+02,-8.658463E-06
1641753906
-1.999928E+02,-8.665763E-06
1641753910
-1.999929E+02,-8.670935E-06
1641753914
+4.734891E-02,-1.049955E-05
1641753918
-1.999927E+02,-8.701942E-06
1641753922
-1.999928E+02,-8.705373E-06
1641753926
-1.999928E+02,-8.709481E-06
1641753930
-1.999928E+02,-8.716516E-06
1641753934
-1.999931E+02,-9.648106E-06
1641753938
-1.999929E+02,-8.749419E-06
1641753942
-1.999928E+02,-8.760343E-06
1641753946
-1.999928E+02,-8.775101E-06
1641753950
+1.150362E-01,-1.049953E-05
1641753954
-1.999929E+02,-8.800502E-06
1641753958
-1.999928E+02,-8.815104E-06
1641753962
-1.999928E+02,-8.821105E-06
1641753966
-1.999929E+02,-8.824584E-06
1641753970
+1.145882E-02,-1.049954E-05
1641753974
-1.999929E+02,-8.833711E-06
1641753978
-1.999928E+02,-8.840765E-06
1641753982
-1.999928E+02,-8.850244E-06
1641753986
-6.146508E-02,-1.049959E-05
1641753990
-1.999930E+02,-8.866596E-06
1641753994
-1.999929E+02,-8.892590E-06
1641753998
-1.999928E+02,-8.894878E-06
1641754003
-1.999929E+02,-8.897001E-06
1641754007
+1.103527E-01,-1.049954E-05
1641754011
-1.999929E+02,-8.895929E-06
1641754015
-1.999929E+02,-8.899824E-06
1641754019
-1.999929E+02,-8.902847E-06
1641754023
-1.999929E+02,-8.904205E-06
1641754027
-7.410222E-01,-1.049952E-05
1641754031
-1.999930E+02,-8.936331E-06
1641754035
-1.999928E+02,-8.941923E-06
1641754039
-1.999929E+02,-8.948839E-06
1641754043
-1.028180E-01,-1.049954E-05
1641754047
-1.999928E+02,-8.954103E-06
1641754051
-1.999928E+02,-8.974917E-06
1641754055
-1.999927E+02,-8.956308E-06
1641754059
-1.999928E+02,-8.960806E-06
1641754063
+1.102852E-01,-1.049954E-05
1641754067
-1.999929E+02,-8.981151E-06
1641754071
-1.999929E+02,-8.990883E-06
1641754075
-1.999928E+02,-8.974075E-06
1641754079
-1.999930E+02,-8.981852E-06
1641754083
-6.836425E+01,-1.049690E-05
1641754087
-1.999929E+02,-9.030461E-06
1641754091
-1.999930E+02,-9.041433E-06
1641754095
-1.999930E+02,-9.051570E-06
1641754099
+1.486563E-01,-1.049954E-05
1641754103
-1.999928E+02,-9.078126E-06
1641754107
-1.999930E+02,-9.087996E-06
1641754111
-1.999929E+02,-9.088207E-06
1641754115
-1.999931E+02,-9.064955E-06
1641754119
+6.267372E-02,-1.049955E-05
1641754123
-1.999930E+02,-9.079202E-06
1641754127
-1.999928E+02,-9.087458E-06
1641754131
-1.999931E+02,-9.092683E-06
1641754135
-1.727174E+02,-9.537628E-06
1641754139
-1.999930E+02,-9.106738E-06
1641754143
-1.999929E+02,-9.139786E-06
1641754147
-1.999930E+02,-9.141178E-06
1641754151
-1.999930E+02,-9.131693E-06
1641754155
+1.311374E-01,-1.049954E-05
1641754159
-1.999930E+02,-9.165475E-06
1641754163
-1.999928E+02,-9.183159E-06
1641754167
-1.999929E+02,-9.192270E-06
1641754171
-1.999930E+02,-9.200666E-06
1641754175
+5.369486E-02,-1.049954E-05
1641754179
-1.999930E+02,-9.236633E-06
1641754183
-1.999930E+02,-9.238680E-06
1641754187
-1.999930E+02,-9.237536E-06
1641754191
-1.246813E+01,-1.050608E-05
1641754195
-1.999931E+02,-9.222180E-06
1641754199
-1.999931E+02,-9.246116E-06
1641754203
-1.999930E+02,-9.248572E-06
1641754207
-1.999930E+02,-9.224291E-06
1641754211
+1.173738E-01,-1.049954E-05
1641754215
-1.999930E+02,-9.263325E-06
1641754219
-1.999931E+02,-9.271947E-06
1641754223
-1.999930E+02,-9.274237E-06
1641754227
-1.999930E+02,-9.275319E-06
1641754231
-1.559554E+01,-1.049866E-05
1641754235
-1.999929E+02,-9.298038E-06
1641754239
-1.999930E+02,-9.302374E-06
1641754243
-1.999930E+02,-9.302415E-06
1641754247
+1.189940E-01,-1.049954E-05
1641754251
-1.999931E+02,-9.316511E-06
1641754255
-1.999932E+02,-9.330562E-06
1641754259
-1.999930E+02,-9.337071E-06
1641754263
-1.999932E+02,-9.343365E-06
1641754267
+9.272418E-02,-1.049954E-05
1641754271
-1.999929E+02,-9.382907E-06
1641754275
-1.999930E+02,-9.392059E-06
1641754279
-1.999930E+02,-9.396615E-06
1641754283
-1.998717E+02,-9.398771E-06
1641754287
-1.999930E+02,-9.916940E-06
1641754291
-1.999929E+02,-9.427918E-06
1641754295
-1.999930E+02,-9.429708E-06
1641754299
-1.999929E+02,-9.431902E-06
1641754303
+1.290193E-01,-1.049953E-05
1641754307
-1.999929E+02,-9.449142E-06
1641754312
-1.999929E+02,-9.459085E-06
1641754316
-1.999930E+02,-9.462980E-06
1641754320
-1.999930E+02,-9.464395E-06
1641754324
+2.551782E-02,-1.049954E-05
1641754328
-1.999930E+02,-9.491539E-06
1641754332
-1.999929E+02,-9.495184E-06
1641754336
-1.999930E+02,-9.497439E-06
1641754340
-7.666357E-01,-1.050535E-05
1641754344
-1.999930E+02,-9.494457E-06
1641754348
-1.999931E+02,-9.519687E-06
1641754352
-1.999931E+02,-9.498915E-06
1641754356
-1.999932E+02,-9.498175E-06
1641754360
+7.274119E-02,-1.049954E-05
1641754364
-1.999930E+02,-9.488038E-06
1641754368
-1.999932E+02,-9.469722E-06
1641754372
-1.999930E+02,-9.485944E-06
1641754376
-1.999932E+02,-9.471702E-06
1641754380
-2.574580E+01,-1.049867E-05
1641754384
-1.999933E+02,-9.522933E-06
1641754388
-1.999931E+02,-9.533253E-06
1641754392
-1.999930E+02,-9.545466E-06
1641754396
+1.325046E-01,-1.049955E-05
1641754400
-1.999931E+02,-9.567362E-06
1641754404
-1.999930E+02,-9.586395E-06
1641754408
-1.999931E+02,-9.591788E-06
1641754412
-1.999930E+02,-9.596833E-06
1641754416
+4.156836E-02,-1.049954E-05
1641754420
-1.999930E+02,-9.590693E-06
1641754424
-1.999931E+02,-9.594710E-06
1641754428
-1.999931E+02,-9.598451E-06
1641754432
-9.294056E+01,-1.050232E-05
1641754436
-1.999931E+02,-9.619849E-06
1641754440
-1.999932E+02,-9.651077E-06
1641754444
-1.999932E+02,-9.655245E-06
1641754448
-1.999931E+02,-9.655411E-06
1641754452
+1.075342E-01,-1.049954E-05
1641754456
-1.999930E+02,-9.683377E-06
1641754460
-1.999932E+02,-9.689888E-06
1641754464
-1.999931E+02,-9.692731E-06
1641754468
-1.999931E+02,-9.692393E-06
1641754472
-4.748945E-02,-1.049955E-05
1641754476
-1.999932E+02,-9.701635E-06
1641754480
-1.999931E+02,-9.707266E-06
1641754484
-1.999931E+02,-9.711029E-06
1641754488
-1.307609E-01,-1.049974E-05
1641754492
-1.999932E+02,-9.724920E-06
1641754496
-1.999931E+02,-9.752159E-06
1641754500
-1.999932E+02,-9.751893E-06
1641754504
-1.999932E+02,-9.724075E-06
1641754508
+9.779591E-02,-1.049955E-05
1641754512
-1.999931E+02,-9.770240E-06
1641754516
-1.999932E+02,-9.778402E-06
1641754520
-1.999932E+02,-9.780519E-06
1641754524
-1.999930E+02,-9.786192E-06
1641754528
-2.311108E+01,-1.049868E-05
1641754532
-1.999932E+02,-9.823219E-06
1641754536
-1.999930E+02,-9.827051E-06
1641754540
-1.999930E+02,-9.829560E-06
1641754544
+1.232472E-01,-1.049954E-05
1641754548
-1.999931E+02,-9.854773E-06
1641754552
-1.999931E+02,-9.871156E-06
1641754556
-1.999932E+02,-9.873602E-06
1641754560
-1.999931E+02,-9.878449E-06
1641754564
+8.911245E-02,-1.049954E-05
1641754568
-1.999930E+02,-9.916433E-06
1641754572
-1.999931E+02,-9.923779E-06
1641754576
-1.999931E+02,-9.927781E-06
1641754580
-7.031216E+01,-1.020850E-05
1641754584
-1.999933E+02,-9.916002E-06
1641754588
-1.999931E+02,-9.960709E-06
1641754592
-1.999932E+02,-9.964453E-06
1641754596
-1.999931E+02,-9.964137E-06
1641754600
+1.294834E-01,-1.049954E-05
1641754604
-1.999933E+02,-9.984035E-06
1641754608
-1.999932E+02,-9.992869E-06
1641754612
-1.999931E+02,-9.991909E-06
1641754616
-1.999932E+02,-9.989998E-06
1641754621
+4.177088E-02,-1.049954E-05
1641754625
-1.999933E+02,-1.001046E-05
1641754629
-1.999931E+02,-1.001407E-05
1641754633
-1.999932E+02,-1.001703E-05
1641754637
-7.938002E+01,-1.043794E-05
1641754641
-1.999933E+02,-1.001276E-05
1641754645
-1.999932E+02,-1.004886E-05
1641754649
-1.999932E+02,-1.004741E-05
1641754653
-1.999932E+02,-1.004237E-05
1641754657
+3.711268E-02,-1.049954E-05
1641754661
-1.999934E+02,-9.999259E-06
1641754665
-1.999932E+02,-1.000975E-05
1641754669
-1.999933E+02,-1.002544E-05
1641754673
-1.999930E+02,-1.003415E-05
1641754677
-1.672787E-02,-1.049953E-05
1641754681
-1.999933E+02,-1.008913E-05
1641754685
-1.999932E+02,-1.009823E-05
1641754689
-1.999931E+02,-1.010617E-05
1641754693
-1.399091E-01,-1.049959E-05
1641754697
-1.999932E+02,-1.013711E-05
1641754701
-1.999931E+02,-1.016463E-05
1641754705
-1.999931E+02,-1.016690E-05
1641754709
-1.999931E+02,-1.016816E-05
1641754713
+8.706171E-02,-1.049954E-05
1641754717
-1.999931E+02,-1.018584E-05
1641754721
-1.999931E+02,-1.019188E-05
1641754725
-1.999930E+02,-1.019561E-05
1641754729
-1.999932E+02,-1.019663E-05
1641754733
-1.222909E+02,-1.049503E-05
1641754737
-1.999932E+02,-1.022646E-05
1641754741
-1.999932E+02,-1.022999E-05
1641754745
-1.999931E+02,-1.023535E-05
1641754749
+1.399559E-01,-1.049953E-05
1641754753
-1.999929E+02,-1.026165E-05
1641754757
-1.999932E+02,-1.027831E-05
1641754761
-1.999930E+02,-1.028081E-05
1641754765
-1.999932E+02,-1.027829E-05
1641754769
+6.523060E-02,-1.049954E-05
1641754773
-1.999932E+02,-1.029311E-05
1641754777
-1.999934E+02,-1.029321E-05
1641754781
-1.999931E+02,-1.029607E-05
1641754785
-1.241351E+02,-1.043390E-05
1641754789
-1.999931E+02,-1.030958E-05
1641754793
-1.999932E+02,-1.034841E-05
1641754797
-1.999932E+02,-1.035169E-05
1641754801
-1.999931E+02,-1.035208E-05
1641754805
+1.037704E-01,-1.049953E-05
1641754809
-1.999932E+02,-1.036678E-05
1641754813
-1.999931E+02,-1.036828E-05
1641754817
-1.999931E+02,-1.036417E-05
1641754821
-1.999932E+02,-1.036458E-05
1641754825
-9.090163E-01,-1.049953E-05
1641754829
-1.999932E+02,-1.039120E-05
1641754833
-1.999933E+02,-1.037732E-05
1641754837
-1.999933E+02,-1.037469E-05
1641754841
-5.578526E-01,-1.049963E-05
1641754845
-1.999932E+02,-1.038977E-05
1641754849
-1.999931E+02,-1.041174E-05
1641754853
-1.999932E+02,-1.041078E-05
1641754857
-1.999931E+02,-1.040721E-05
1641754861
+8.923046E-02,-1.049953E-05
1641754865
-1.999931E+02,-1.044067E-05
1641754869
-1.999932E+02,-1.044850E-05
1641754873
-1.999932E+02,-1.044846E-05
1641754877
-1.999932E+02,-1.045096E-05
1641754881
-1.164139E-01,-1.049953E-05
1641754885
-1.999932E+02,-1.049399E-05
1641754889
-1.999932E+02,-1.049688E-05
1641754893
-1.999932E+02,-1.049925E-05
1641754897
-4.444444E-01,-1.049964E-05
1641754901
-1.999934E+02,-1.049067E-05
1641754905
-1.995488E+02,-1.049946E-05
1641754909
-1.994928E+02,-1.049946E-05
1641754913
-1.995213E+02,-1.049945E-05
1641754917
+8.983811E-02,-1.049954E-05
1641754921
-1.981892E+02,-1.049946E-05
1641754925
-1.979585E+02,-1.049945E-05
1641754929
-1.978494E+02,-1.049945E-05
1641754934
-1.977917E+02,-1.049945E-05
1641754938
-1.169673E+02,-1.049609E-05
1641754942
-1.968735E+02,-1.049945E-05
1641754946
-1.969105E+02,-1.049946E-05
1641754950
-1.968637E+02,-1.049945E-05
1641754954
+1.286311E-01,-1.049953E-05
1641754958
-1.957341E+02,-1.049947E-05
1641754962
-1.954944E+02,-1.049946E-05
1641754966
-1.955407E+02,-1.049945E-05
1641754970
-1.956228E+02,-1.049945E-05
1641754974
+8.370221E-03,-1.049953E-05
1641754978
-1.947256E+02,-1.049945E-05
1641754982
-1.948519E+02,-1.049946E-05
1641754986
-1.949995E+02,-1.049946E-05
1641754990
-1.630272E+00,-1.050069E-05
1641754994
-1.948917E+02,-1.049947E-05
1641754998
-1.952300E+02,-1.049947E-05
1641755002
-1.950918E+02,-1.049946E-05
1641755006
-1.950105E+02,-1.049945E-05
1641755010
+9.690987E-02,-1.049954E-05
1641755014
-1.930663E+02,-1.049945E-05
1641755018
-1.927795E+02,-1.049947E-05
1641755022
-1.926169E+02,-1.049946E-05
1641755026
-1.924468E+02,-1.049946E-05
1641755030
-3.823098E+00,-1.049951E-05
1641755034
-1.912338E+02,-1.049946E-05
1641755038
-1.912783E+02,-1.049945E-05
1641755042
-1.913813E+02,-1.049946E-05
1641755046
+3.333212E-02,-1.049956E-05
1641755050
-1.908078E+02,-1.049947E-05
