1641725536
-1.999953E+02,-3.467102E-09
1641725538
-1.999884E+02,-2.916524E-09
1641725543
-1.999914E+02,-1.900127E-09
1641725547
-1.999918E+02,-2.281274E-09
1641725551
-1.999891E+02,-1.688361E-09
1641725555
-1.999877E+02,-2.747098E-09
1641725559
-1.999935E+02,-2.789474E-09
1641725563
-1.999896E+02,-2.408317E-09
1641725567
-1.999899E+02,-2.408311E-09
1641725571
-1.999936E+02,-3.043596E-09
1641725575
-1.999931E+02,-3.297687E-09
1641725579
-1.999939E+02,-4.059993E-09
1641725583
-1.999943E+02,-1.561323E-09
1641725587
-1.999913E+02,-3.763510E-09
1641725591
-1.999933E+02,-2.196589E-09
1641725595
-1.999931E+02,-2.874184E-09
1641725599
-1.999909E+02,-3.340024E-09
1641725603
-1.999944E+02,-2.747142E-09
1641725607
-1.999943E+02,-2.916524E-09
1641725611
-1.999950E+02,-2.662449E-09
1641725615
-1.999857E+02,-2.069515E-09
1641725619
-1.999904E+02,-2.789465E-09
1641725623
-1.999918E+02,-3.297675E-09
1641725627
-1.999939E+02,-3.170636E-09
1641725631
-1.999899E+02,-3.636445E-09
1641725635
-1.999944E+02,-3.509453E-09
1641725639
-1.999946E+02,-3.467129E-09
1641725643
-1.999944E+02,-2.323636E-09
1641725647
-1.999916E+02,-3.085902E-09
1641725651
-1.999953E+02,-2.916544E-09
1641725655
-1.999896E+02,-3.085913E-09
1641725659
-1.999921E+02,-3.170613E-09
1641725663
-1.999958E+02,-3.509466E-09
1641725667
-1.999922E+02,-3.001235E-09
1641725671
-1.999896E+02,-3.170613E-09
1641725675
-1.999886E+02,-3.170589E-09
1641725679
-1.999918E+02,-3.170624E-09
1641725683
-1.999922E+02,-1.773076E-09
1641725687
-1.999939E+02,-2.620082E-09
1641725691
-1.999946E+02,-3.763510E-09
1641725695
-1.999840E+02,-2.408311E-09
1641725699
-1.999909E+02,-1.857773E-09
1641725703
-1.999944E+02,-2.958895E-09
1641725707
-1.999914E+02,-2.196579E-09
1641725711
-1.999922E+02,-1.900127E-09
1641725715
-1.999882E+02,-3.678795E-09
1641725719
-1.999951E+02,-2.493024E-09
1641725723
-1.999918E+02,-3.467075E-09
1641725727
-1.999897E+02,-2.662432E-09
1641725731
-1.999918E+02,-2.620074E-09
1641725735
-1.999941E+02,-1.942484E-09
1641725739
-1.999931E+02,-3.467088E-09
1641725743
-1.999901E+02,-3.212975E-09
1641725747
-1.999879E+02,-3.255312E-09
1641725751
-1.999966E+02,-3.297712E-09
1641725755
-1.999879E+02,-3.382362E-09
1641725759
-1.999913E+02,-3.932908E-09
1641725763
