1645767836
+9.019651E-03,+1.663827E-10
1645767844
-5.000465E+01,+1.767883E-11
1645767852
-1.000011E+02,-8.599121E-11
1645767860
-1.500090E+02,-1.774930E-10
1645767868
-1.999986E+02,-1.448611E-10
1645767876
-2.500097E+02,-1.066183E-10
1645767884
-2.999986E+02,-9.865623E-11
1645767892
-3.500045E+02,-2.501006E-10
1645767900
-4.000128E+02,-1.721711E-10
1645767908
-4.500014E+02,-2.054634E-10
1645767916
-5.000043E+02,-2.809176E-10
1645767924
-5.499933E+02,-3.628074E-10
1645767932
-5.999975E+02,-3.475842E-10
1645767940
-6.499838E+02,-3.694493E-10
1645767948
-6.999890E+02,-2.233266E-10
1645767957
-7.499788E+02,-2.511320E-10
1645767965
-7.999831E+02,-3.104966E-10
1645767973
-8.499854E+02,-3.390037E-10
1645767981
1645767989
-9.499789E+02,-4.586409E-10
1645767997
-9.999626E+02,-4.817431E-10
1645768005
-9.999649E+02,-3.078148E-10
1645768013
-9.499800E+02,-9.692355E-11
1645768021
-8.999778E+02,-1.989451E-10
1645768029
-8.499882E+02,-1.058345E-10
1645768037
-7.999889E+02,-8.925016E-11
1645768045
-7.499840E+02,+6.541538E-12
1645768053
-6.999942E+02,-1.775662E-11
1645768061
-6.499888E+02,+8.891641E-11
1645768069
-6.000056E+02,-8.236063E-11
1645768077
-5.499994E+02,-3.482658E-12
1645768085
-5.000119E+02,+4.114969E-11
1645768093
-4.500071E+02,+1.000950E-10
1645768101
-4.000182E+02,+1.572252E-10
1645768109
-3.500091E+02,+1.712090E-10
1645768117
-3.000018E+02,+9.493892E-11
1645768125
-2.500138E+02,+1.160173E-10
1645768133
-2.000024E+02,+1.926585E-10
1645768141
-1.500103E+02,+2.524702E-10
1645768149
-1.000029E+02,+1.592465E-10
1645768158
-5.000403E+01,+1.197711E-10
1645768166
+8.883579E-03,+2.353103E-10
