1641725332
+1.411763E-02,+4.324903E-09
1641725338
-9.885228E-01,-1.307233E-09
1641725344
-1.992022E+00,-1.815426E-09
1641725350
-2.993002E+00,-1.010799E-09
1641725356
-3.993071E+00,-2.196574E-09
1641725362
-4.986798E+00,-1.561333E-09
1641725368
-5.991724E+00,-1.646028E-09
1641725374
-6.993495E+00,-5.449766E-10
1641725380
-7.991193E+00,-2.908765E-10
1641725386
-8.995428E+00,-7.143665E-10
1641725392
-9.997239E+00,-1.307231E-09
1641725398
-1.999101E+01,-6.720139E-10
1641725404
-2.999572E+01,-3.128263E-09
1641725410
-3.999897E+01,-1.815426E-09
1641725416
-4.999423E+01,-2.831787E-09
1641725423
-5.999627E+01,-2.874164E-09
1641725429
-6.999786E+01,-3.848258E-09
1641725435
-7.999173E+01,-3.805939E-09
1641725441
-9.000093E+01,-2.535396E-09
1641725447
-9.999836E+01,-1.349579E-09
1641725453
-1.100005E+02,-3.213070E-09
1641725459
-1.199932E+02,-2.874164E-09
1641725465
-1.299967E+02,-2.238924E-09
1641725471
-1.399988E+02,-2.493031E-09
1641725477
-1.499944E+02,-3.212951E-09
1641725483
-1.599901E+02,-3.551789E-09
1641725489
-1.699870E+02,-2.704757E-09
1641725495
-1.799950E+02,-2.577732E-09
1641725501
-1.899890E+02,-3.467102E-09
1641725507
-1.999908E+02,-2.450660E-09
