1645684404
-5.721423E-03,+2.502769E-09
1645684410
-2.001363E+01,-8.833376E-09
1645684416
-4.001626E+01,-9.074871E-09
1645684422
-6.002060E+01,-9.307268E-09
1645684428
-8.000723E+01,-9.616288E-09
1645684434
-1.000151E+02,-9.598053E-09
1645684440
-1.200168E+02,-9.884705E-09
1645684446
-1.400210E+02,-1.005413E-08
1645684452
-1.600236E+02,-1.016557E-08
1645684458
-1.800101E+02,-1.018296E-08
1645684464
-2.000127E+02,-1.048452E-08
1645684470
-2.200144E+02,-1.061128E-08
1645684476
-2.400225E+02,-1.062577E-08
1645684482
-2.600228E+02,-1.085486E-08
1645684488
-2.800274E+02,-1.076537E-08
1645684494
-3.000134E+02,-1.089254E-08
1645684500
-3.200169E+02,-1.099984E-08
1645684506
-3.400185E+02,-1.104167E-08
1645684512
-3.600213E+02,-1.130224E-08
1645684518
-3.800229E+02,-1.143975E-08
1645684524
-4.000273E+02,-1.143892E-08
1645684530
-4.200088E+02,-1.165971E-08
1645684536
-4.400118E+02,-1.170196E-08
1645684542
-4.600152E+02,-1.178937E-08
1645684548
-4.800138E+02,-1.181588E-08
1645684554
-5.000188E+02,-1.193561E-08
1645684560
-5.200067E+02,-1.189044E-08
1645684566
-5.400097E+02,-1.186849E-08
1645684572
-5.600102E+02,-1.207353E-08
1645684578
-5.800139E+02,-1.213608E-08
1645684584
-6.000157E+02,-1.211702E-08
1645684590
-6.200175E+02,-1.222183E-08
1645684596
-6.400001E+02,-1.238089E-08
1645684602
-6.600027E+02,-1.232374E-08
1645684608
-6.800048E+02,-1.244717E-08
1645684614
-7.000040E+02,-1.267168E-08
1645684620
-7.200074E+02,-1.266465E-08
1645684627
-7.400122E+02,-1.273673E-08
1645684633
-7.599962E+02,-1.269199E-08
1645684639
-7.799966E+02,-1.280466E-08
1645684645
-8.000009E+02,-1.288585E-08
1645684651
-8.200058E+02,-1.306482E-08
1645684657
-8.400063E+02,-1.302255E-08
1645684663
-8.599879E+02,-1.309131E-08
1645684669
-8.799908E+02,-1.333861E-08
1645684675
-8.999937E+02,-1.333944E-08
1645684681
-9.199949E+02,-1.330629E-08
1645684687
-9.399968E+02,-1.335891E-08
1645684693
-9.600015E+02,-1.346123E-08
1645684699
-9.799833E+02,-1.367456E-08
1645684705
-9.999846E+02,-1.376858E-08
1645684711
-9.999844E+02,-1.370147E-08
1645684717
-9.799835E+02,-1.335517E-08
1645684723
-9.600024E+02,-1.320730E-08
1645684729
-9.399987E+02,-1.346330E-08
1645684735
-9.199976E+02,-1.316256E-08
1645684741
-8.999978E+02,-1.315594E-08
1645684747
-8.799971E+02,-1.308428E-08
1645684753
-8.599942E+02,-1.309545E-08
1645684759
-8.400132E+02,-1.285851E-08
1645684765
-8.200114E+02,-1.283324E-08
1645684771
-8.000078E+02,-1.272761E-08
1645684777
-7.800044E+02,-1.282164E-08
1645684783
-7.600031E+02,-1.271477E-08
1645684789
-7.400206E+02,-1.255280E-08
1645684795
-7.200161E+02,-1.249441E-08
1645684801
-7.000151E+02,-1.229307E-08
1645684807
-6.800142E+02,-1.240244E-08
1645684813
-6.600133E+02,-1.211660E-08
1645684819
-6.400090E+02,-1.220817E-08
1645684825
-6.200275E+02,-1.203956E-08
1645684831
-6.000236E+02,-1.187926E-08
1645684837
-5.800231E+02,-1.179599E-08
1645684843
-5.600195E+02,-1.173882E-08
1645684849
-5.400179E+02,-1.160296E-08
1645684855
-5.200153E+02,-1.165930E-08
1645684861
-5.000286E+02,-1.153876E-08
1645684867
-4.800254E+02,-1.162369E-08
1645684873
-4.600255E+02,-1.135442E-08
1645684879
-4.400216E+02,-1.131134E-08
1645684885
-4.200183E+02,-1.123595E-08
1645684892
-4.000353E+02,-1.127281E-08
1645684898
-3.800320E+02,-1.116552E-08
1645684904
-3.600298E+02,-1.088717E-08
1645684910
-3.400254E+02,-1.097207E-08
1645684916
-3.200238E+02,-1.087059E-08
1645684922
-3.000190E+02,-1.079106E-08
1645684928
-2.800353E+02,-1.059098E-08
1645684934
-2.600290E+02,-1.057441E-08
1645684940
-2.400283E+02,-1.053589E-08
1645684946
-2.200201E+02,-1.020202E-08
1645684952
-2.000165E+02,-1.001520E-08
1645684958
-1.800151E+02,-1.003632E-08
1645684964
-1.600279E+02,-9.985782E-09
1645684970
-1.400247E+02,-9.696645E-09
1645684976
-1.200190E+02,-9.594740E-09
1645684982
-1.000170E+02,-9.250505E-09
1645684988
DCL
-1.000170E+02,-9.355320E-09
1645684994
-6.002357E+01,-8.781591E-09
1645685000
-4.001664E+01,-8.761712E-09
1645685006
-2.001554E+01,-8.268770E-09
1645685012
-5.630700E-03,+1.686396E-09
