1645756727
+8.248587E-03,+1.383330E-10
1645756733
-1.999929E+01,-3.124674E-11
1645756739
-4.000222E+01,-2.732757E-11
1645756745
-6.000727E+01,-5.542169E-11
1645756751
-7.999319E+01,-1.198607E-10
1645756757
-9.999982E+01,-2.390348E-11
1645756763
-1.200023E+02,-2.060313E-11
1645756769
-1.400063E+02,-1.614037E-10
1645756775
-1.600098E+02,+1.941129E-11
1645756781
-1.799961E+02,-1.444068E-10
1645756787
-1.999984E+02,-3.771437E-12
1645756793
-2.200010E+02,-1.013789E-10
1645756799
-2.400087E+02,-1.522040E-10
1645756805
-2.600087E+02,-1.892089E-10
1645756811
-2.800150E+02,-5.071869E-11
1645756817
-2.999974E+02,-4.399427E-11
1645756823
-3.200016E+02,-1.471298E-10
1645756829
-3.400032E+02,-3.895190E-12
1645756835
-3.600071E+02,-2.480787E-10
1645756841
-3.800082E+02,-1.284001E-10
1645756847
-4.000124E+02,-1.298442E-10
1645756853
-4.199952E+02,-8.677484E-11
1645756859
-4.399971E+02,-2.340110E-10
1645756865
-4.600003E+02,-9.956361E-11
1645756871
-4.800002E+02,-2.616100E-10
1645756877
-5.000030E+02,-2.119814E-10
1645756883
-5.199915E+02,-2.173854E-10
1645756889
-5.399941E+02,-3.036895E-10
1645756895
-5.599948E+02,-9.341690E-11
1645756901
-5.599952E+02,-2.297210E-10
1645756907
-5.999989E+02,-2.474183E-10
1645756913
-6.200017E+02,-3.287302E-10
1645756919
DCL
-6.200010E+02,-7.840007E-11
1645756925
-6.599874E+02,-2.743985E-10
1645756931
-6.799873E+02,-3.120224E-10
1645756938
-6.999894E+02,-3.525749E-10
1645756944
-7.199923E+02,-2.566187E-10
1645756950
-7.399977E+02,-3.543084E-10
1645756956
-7.599791E+02,-2.166427E-10
1645756962
-7.799802E+02,-3.748528E-10
1645756968
-7.999850E+02,-3.371880E-10
1645756974
-8.199883E+02,-3.885482E-10
1645756980
-8.399914E+02,-4.322793E-10
1645756986
-8.599732E+02,-2.592174E-10
1645756992
-8.799747E+02,-4.755538E-10
1645756998
-8.999758E+02,-2.857844E-10
1645757004
-9.199778E+02,-4.180040E-10
1645757010
-9.399805E+02,-4.786487E-10
1645757016
-9.599832E+02,-3.555865E-10
1645757022
-9.799661E+02,-4.412308E-10
1645757028
-9.999675E+02,-5.143740E-10
1645757034
-9.999680E+02,-2.892091E-10
1645757040
-9.799667E+02,-3.196136E-10
1645757046
-9.599872E+02,-1.903231E-10
1645757052
-9.399826E+02,-3.430868E-10
1645757058
-9.199817E+02,-1.335980E-10
1645757064
-8.999799E+02,-3.377237E-10
1645757070
-8.799794E+02,-2.719235E-10
1645757076
-8.599769E+02,-1.696131E-10
1645757082
-8.399973E+02,-1.775339E-10
1645757088
-8.199963E+02,-2.918083E-10
1645757094
-7.999927E+02,-2.097948E-10
1645757100
-7.799894E+02,-2.092176E-10
1645757106
-7.599888E+02,-6.511634E-11
1645757112
DCL
-7.599899E+02,-1.498113E-10
1645757118
-7.200008E+02,-1.346614E-11
1645757124
-6.999984E+02,-1.593821E-10
1645757130
-6.799998E+02,-6.796289E-11
1645757136
-6.599975E+02,-7.357347E-11
1645757142
-6.399932E+02,+1.586385E-11
1645757148
-6.200107E+02,-2.538953E-10
1645757154
-6.000085E+02,-1.767914E-10
1645757160
-5.800064E+02,-1.682105E-10
1645757166
-5.600056E+02,-3.264941E-11
1645757172
-5.400019E+02,-4.193153E-11
1645757178
-5.199996E+02,+3.867473E-11
1645757184
-5.000133E+02,-1.276991E-10
1645757190
-4.800098E+02,+2.188623E-11
1645757196
-4.600089E+02,+7.138533E-11
1645757203
-4.400068E+02,+6.462045E-11
1645757209
-4.200027E+02,-4.106523E-11
1645757215
-4.000205E+02,+2.320624E-11
1645757221
-3.800144E+02,+2.679492E-11
1645757227
-3.600149E+02,+7.604652E-11
1645757233
-3.400099E+02,-5.265764E-11
1645757239
-3.200086E+02,+6.693042E-11
1645757245
-3.000037E+02,-2.006681E-11
1645757251
-2.800193E+02,+1.034360E-10
1645757257
-2.600137E+02,-1.338363E-11
1645757263
-2.400137E+02,+1.071897E-10
1645757269
-2.200049E+02,+4.989450E-11
1645757275
-2.000014E+02,+4.396566E-12
1645757281
-1.800011E+02,+1.139545E-10
1645757287
-1.600126E+02,+1.248857E-10
1645757293
-1.400108E+02,+1.692286E-10
1645757299
-1.200050E+02,+1.388279E-10
1645757305
-1.200053E+02,+1.218332E-10
1645757311
-7.999435E+01,+1.160997E-10
1645757317
-6.000901E+01,+2.324225E-10
1645757323
-4.000212E+01,+1.045085E-10
1645757329
-2.000217E+01,+1.691049E-10
1645757335
+8.747491E-03,+1.624637E-10
