1641804747
-1.439721E+00,-1.170582E-07
1641804749
-1.439823E+00,-1.159698E-07
1641804753
-1.439773E+00,-1.211210E-07
1641804757
-1.439705E+00,-1.314190E-07
1641804762
-1.439814E+00,-1.437505E-07
1641804766
-1.439806E+00,-1.383926E-07
1641804770
-1.439848E+00,-1.537532E-07
1641804774
-1.439764E+00,-1.448727E-07
1641804778
-1.439764E+00,-1.512895E-07
1641804782
-1.439746E+00,-1.495555E-07
1641804786
-1.439772E+00,-1.569384E-07
1641804790
-1.439847E+00,-1.538628E-07
1641804794
-1.439739E+00,-1.711473E-07
1641804798
-1.439814E+00,-1.665446E-07
1641804802
-1.439823E+00,-1.737123E-07
1641804806
-1.439688E+00,-1.726155E-07
1641804810
-1.439747E+00,-1.711178E-07
1641804814
-1.439789E+00,-1.707254E-07
1641804818
-1.439730E+00,-1.739866E-07
1641804822
-1.439713E+00,-1.895496E-07
1641804826
-1.439789E+00,-1.865164E-07
1641804830
-1.439814E+00,-1.850482E-07
1641804834
-1.439815E+00,-1.906044E-07
1641804838
-1.439806E+00,-1.916041E-07
1641804842
-1.439814E+00,-1.932790E-07
1641804846
-1.439789E+00,-1.934267E-07
1641804850
-1.439764E+00,-1.955615E-07
1641804854
-1.439807E+00,-1.997297E-07
1641804858
-1.439756E+00,-2.125294E-07
1641804862
-1.439697E+00,-2.022778E-07
1641804866
-1.439715E+00,-2.007675E-07
1641804870
-1.439757E+00,-1.978820E-07
1641804874
-1.439722E+00,-2.048259E-07
1641804878
-1.439857E+00,-2.016070E-07
1641804882
-1.439823E+00,-2.034126E-07
1641804886
-1.439806E+00,-2.092598E-07
1641804890
-1.439815E+00,-2.030372E-07
1641804894
-1.439848E+00,-2.065513E-07
1641804898
-1.439848E+00,-2.102217E-07
1641804902
-1.439865E+00,-2.163010E-07
1641804906
-1.439832E+00,-2.098506E-07
1641804910
-1.439815E+00,-2.231735E-07
1641804914
-1.439849E+00,-2.145460E-07
1641804918
-1.439756E+00,-2.161408E-07
1641804922
-1.439816E+00,-2.198365E-07
1641804926
-1.439790E+00,-2.148625E-07
1641804930
-1.439832E+00,-2.182586E-07
1641804934
-1.439748E+00,-2.238190E-07
1641804938
-1.439724E+00,-2.177694E-07
1641804942
-1.439824E+00,-2.263460E-07
1641804946
-1.439723E+00,-2.274513E-07
1641804950
-1.439731E+00,-2.350705E-07
1641804954
-1.439798E+00,-2.404830E-07
1641804958
-1.439773E+00,-2.313241E-07
1641804962
-1.439748E+00,-2.305100E-07
1641804966
-1.439832E+00,-2.276791E-07
1641804970
-1.439849E+00,-2.354080E-07
1641804974
-1.439774E+00,-2.360577E-07
1641804978
-1.439782E+00,-2.361421E-07
1641804982
-1.439849E+00,-2.467228E-07
1641804986
-1.439808E+00,-2.416900E-07
1641804990
-1.439891E+00,-2.448875E-07
1641804994
-1.439807E+00,-2.491317E-07
1641804998
-1.439756E+00,-2.468999E-07
1641805002
-1.439807E+00,-2.360745E-07
1641805006
-1.439798E+00,-2.403186E-07
1641805010
-1.439883E+00,-2.538019E-07
1641805014
-1.439715E+00,-2.441240E-07
1641805018
-1.439740E+00,-2.380321E-07
1641805022
-1.439849E+00,-2.474146E-07
1641805026
-1.439866E+00,-2.574005E-07
1641805030
-1.439883E+00,-2.471320E-07
1641805034
-1.439850E+00,-2.376103E-07
1641805038
-1.439874E+00,-2.417235E-07
1641805042
-1.439749E+00,-2.449173E-07
1641805046
-1.439715E+00,-2.535615E-07
1641805050
-1.439849E+00,-2.494312E-07
1641805054
-1.439865E+00,-2.517599E-07
1641805058
-1.439773E+00,-2.626867E-07
1641805062
-1.439663E+00,-2.691455E-07
1641805066
-1.439723E+00,-2.601217E-07
1641805070
-1.439698E+00,-2.711918E-07
1641805074
-1.439824E+00,-2.692342E-07
1641805079
-1.439833E+00,-2.622817E-07
1641805083
-1.439851E+00,-2.664796E-07
1641805087
-1.439842E+00,-2.700696E-07
1641805091
-1.439799E+00,-2.678336E-07
1641805095
-1.439832E+00,-2.632351E-07
1641805099
-1.439857E+00,-2.717233E-07
1641805103
-1.439774E+00,-2.719470E-07
1641805107
-1.439807E+00,-2.793213E-07
1641805111
-1.439823E+00,-2.758449E-07
1641805115
-1.439806E+00,-2.806501E-07
1641805119
-1.439782E+00,-2.738833E-07
1641805123
-1.439748E+00,-2.799625E-07
1641805127
-1.439740E+00,-2.796589E-07
1641805131
-1.439773E+00,-2.774566E-07
1641805135
-1.439807E+00,-2.751067E-07
1641805139
-1.439731E+00,-2.692173E-07
1641805143
-1.439723E+00,-2.662811E-07
1641805147
-1.439757E+00,-2.847510E-07
1641805151
-1.439663E+00,-2.796841E-07
1641805155
-1.439723E+00,-2.919651E-07
1641805159
-1.439790E+00,-2.800005E-07
1641805163
-1.439782E+00,-2.838903E-07
1641805167
-1.439663E+00,-2.733939E-07
1641805171
-1.439714E+00,-2.807979E-07
1641805175
-1.439722E+00,-2.852698E-07
1641805179
-1.439714E+00,-2.829705E-07
1641805183
-1.439739E+00,-2.879698E-07
1641805187
-1.439781E+00,-2.911464E-07
1641805191
-1.439714E+00,-2.872822E-07
1641805195
-1.439588E+00,-2.854977E-07
1641805199
-1.439807E+00,-2.804097E-07
1641805203
-1.439865E+00,-2.896909E-07
1641805207
-1.439748E+00,-2.889149E-07
1641805211
-1.439882E+00,-2.838901E-07
1641805215
-1.439781E+00,-2.820213E-07
1641805219
-1.439748E+00,-2.890162E-07
1641805223
-1.439824E+00,-2.876788E-07
1641805227
-1.439824E+00,-2.889317E-07
1641805231
-1.439832E+00,-2.801271E-07
1641805235
-1.439857E+00,-2.946524E-07
1641805239
-1.439874E+00,-2.866873E-07
1641805243
-1.439825E+00,-2.869912E-07
1641805247
-1.439774E+00,-2.881556E-07
1641805251
-1.439866E+00,-2.925345E-07
1641805255
-1.439850E+00,-2.846624E-07
1641805259
-1.439884E+00,-2.966312E-07
1641805263
-1.439808E+00,-2.863795E-07
1641805267
-1.439690E+00,-2.947623E-07
1641805271
-1.439749E+00,-2.981922E-07
1641805275
-1.439824E+00,-2.968378E-07
1641805279
-1.439849E+00,-2.964286E-07
1641805283
-1.439691E+00,-2.931762E-07
1641805287
-1.439623E+00,-2.988884E-07
1641805291
-1.439699E+00,-3.010274E-07
1641805295
-1.439826E+00,-3.080517E-07
1641805299
-1.439674E+00,-3.075707E-07
1641805303
-1.439775E+00,-3.058325E-07
1641805307
-1.439766E+00,-2.991457E-07
1641805311
-1.439750E+00,-3.089502E-07
1641805315
-1.439767E+00,-2.952814E-07
1641805319
-1.439716E+00,-3.060265E-07
1641805323
-1.439824E+00,-3.087052E-07
1641805327
-1.439834E+00,-3.007657E-07
1641805331
-1.439775E+00,-3.046640E-07
1641805335
-1.439708E+00,-3.011286E-07
1641805339
-1.439707E+00,-3.017359E-07
1641805343
-1.439765E+00,-3.033179E-07
1641805347
-1.439731E+00,-2.971880E-07
1641805351
-1.439681E+00,-3.134135E-07
1641805355
-1.439748E+00,-3.044527E-07
1641805359
-1.439825E+00,-3.039044E-07
1641805363
-1.439891E+00,-3.130463E-07
1641805367
-1.439792E+00,-3.168646E-07
1641805371
-1.439690E+00,-3.151644E-07
1641805375
-1.439833E+00,-3.046426E-07
1641805379
-1.439682E+00,-3.202987E-07
1641805383
-1.439849E+00,-3.153414E-07
1641805387
-1.439765E+00,-3.118103E-07
1641805391
-1.439757E+00,-3.202944E-07
1641805396
-1.439841E+00,-3.137297E-07
1641805400
-1.439707E+00,-3.190034E-07
1641805404
-1.439783E+00,-3.090894E-07
1641805408
-1.439791E+00,-3.264453E-07
1641805412
-1.439766E+00,-3.286181E-07
1641805416
-1.439876E+00,-3.340731E-07
1641805420
-1.439708E+00,-3.236190E-07
1641805424
-1.439724E+00,-3.259603E-07
1641805428
-1.439775E+00,-3.273147E-07
1641805432
-1.439691E+00,-3.217966E-07
1641805436
-1.439757E+00,-3.200329E-07
1641805440
-1.439791E+00,-3.273820E-07
1641805444
-1.439699E+00,-3.335711E-07
1641805448
-1.439783E+00,-3.221888E-07
1641805452
-1.439783E+00,-3.248592E-07
1641805456
-1.439808E+00,-3.191047E-07
1641805460
-1.439699E+00,-3.190458E-07
1641805464
-1.439733E+00,-3.444387E-07
1641805468
-1.439673E+00,-3.420634E-07
1641805472
-1.439606E+00,-3.312381E-07
1641805476
-1.439784E+00,-3.396842E-07
1641805480
-1.439784E+00,-3.413254E-07
1641805484
-1.439842E+00,-3.342207E-07
1641805488
-1.439750E+00,-3.514335E-07
1641805492
-1.439750E+00,-3.484044E-07
1641805496
-1.439749E+00,-3.338157E-07
1641805500
-1.439766E+00,-3.449533E-07
1641805504
-1.439742E+00,-3.447005E-07
1641805508
-1.439682E+00,-3.368069E-07
1641805512
-1.439708E+00,-3.412240E-07
1641805516
-1.439640E+00,-3.397516E-07
1641805520
-1.439496E+00,-3.456115E-07
1641805524
-1.439674E+00,-3.415194E-07
1641805528
-1.439792E+00,-3.381316E-07
1641805532
-1.439766E+00,-3.545343E-07
1641805536
-1.439741E+00,-3.348240E-07
1641805540
-1.439867E+00,-3.323728E-07
1641805544
-1.439767E+00,-3.358956E-07
1641805548
-1.439842E+00,-3.404519E-07
1641805552
-1.439801E+00,-3.414941E-07
1641805556
-1.439818E+00,-3.356384E-07
1641805560
-1.439748E+00,-3.392619E-07
1641805564
-1.439657E+00,-3.336344E-07
1641805568
-1.439742E+00,-3.347905E-07
1641805572
-1.439775E+00,-3.470121E-07
1641805576
-1.439800E+00,-3.514334E-07
1641805580
-1.439581E+00,-3.374650E-07
1641805584
-1.439733E+00,-3.312676E-07
1641805588
-1.439733E+00,-3.478517E-07
1641805592
-1.439732E+00,-3.515599E-07
1641805596
-1.439859E+00,-3.511253E-07
1641805600
-1.439715E+00,-3.387980E-07
1641805604
-1.439816E+00,-3.499482E-07
1641805608
-1.439716E+00,-3.479276E-07
1641805612
-1.439715E+00,-3.560823E-07
1641805616
-1.439715E+00,-3.536439E-07
1641805620
-1.439765E+00,-3.665955E-07
1641805624
-1.439665E+00,-3.453119E-07
1641805628
-1.439716E+00,-3.533866E-07
1641805632
-1.439665E+00,-3.594870E-07
1641805636
-1.439766E+00,-3.623009E-07
1641805640
-1.439732E+00,-3.725271E-07
1641805644
-1.439724E+00,-3.543485E-07
1641805648
-1.439615E+00,-3.427175E-07
1641805652
-1.439682E+00,-3.605629E-07
1641805656
-1.439665E+00,-3.711226E-07
1641805660
-1.439698E+00,-3.588584E-07
1641805664
-1.439758E+00,-3.490836E-07
1641805668
-1.439623E+00,-3.532940E-07
1641805672
-1.439724E+00,-3.525007E-07
1641805676
-1.439546E+00,-3.575084E-07
1641805680
-1.439606E+00,-3.590863E-07
1641805684
-1.439530E+00,-3.438438E-07
1641805688
-1.439850E+00,-3.493702E-07
1641805692
-1.439648E+00,-3.540406E-07
1641805697
-1.439741E+00,-3.660431E-07
1641805701
-1.439733E+00,-3.592930E-07
1641805705
-1.439834E+00,-3.569727E-07
1641805709
-1.439740E+00,-3.543906E-07
1641805713
-1.439750E+00,-3.600018E-07
1641805717
-1.439733E+00,-3.390218E-07
1641805721
-1.439732E+00,-3.449069E-07
1641805725
-1.439716E+00,-3.495645E-07
1641805729
-1.439665E+00,-3.481428E-07
1641805733
-1.439757E+00,-3.552259E-07
1641805737
-1.439631E+00,-3.496868E-07
1641805741
-1.439597E+00,-3.441855E-07
1641805745
-1.439674E+00,-3.428609E-07
1641805749
-1.439691E+00,-3.461221E-07
1641805753
-1.439665E+00,-3.495814E-07
1641805757
-1.439700E+00,-3.499192E-07
1641805761
-1.439717E+00,-3.534502E-07
1641805765
-1.439734E+00,-3.650013E-07
1641805769
-1.439674E+00,-3.563654E-07
1641805773
-1.439700E+00,-3.527583E-07
1641805777
-1.439716E+00,-3.567365E-07
1641805781
-1.439716E+00,-3.454344E-07
1641805785
-1.439741E+00,-3.495350E-07
1641805789
-1.439742E+00,-3.489571E-07
1641805793
-1.439876E+00,-3.488220E-07
1641805797
-1.439582E+00,-3.559478E-07
1641805801
-1.439700E+00,-3.519611E-07
1641805805
-1.439676E+00,-3.585469E-07
1641805809
-1.439742E+00,-3.578377E-07
1641805813
-1.439775E+00,-3.490963E-07
1641805817
-1.439675E+00,-3.506196E-07
1641805821
-1.439675E+00,-3.442449E-07
1641805825
-1.439726E+00,-3.540536E-07
1641805829
-1.439699E+00,-3.551503E-07
1641805833
-1.439649E+00,-3.418697E-07
1641805837
-1.439708E+00,-3.573146E-07
1641805841
-1.439816E+00,-3.604024E-07
1641805845
-1.439808E+00,-3.591749E-07
1641805849
-1.439716E+00,-3.720675E-07
1641805853
-1.439809E+00,-3.566902E-07
1641805857
-1.439801E+00,-3.667858E-07
1641805861
-1.439693E+00,-3.628247E-07
1641805865
-1.439650E+00,-3.706209E-07
1641805869
-1.439810E+00,-3.622297E-07
1641805873
-1.439767E+00,-3.604366E-07
1641805877
-1.439902E+00,-3.610102E-07
1641805881
-1.439735E+00,-3.632212E-07
1641805885
-1.439717E+00,-3.721522E-07
1641805889
-1.439734E+00,-3.583020E-07
1641805893
-1.439767E+00,-3.692494E-07
1641805897
-1.439725E+00,-3.690976E-07
1641805901
-1.439667E+00,-3.687519E-07
1641805905
-1.439707E+00,-3.689414E-07
1641805909
-1.439733E+00,-3.666591E-07
1641805913
-1.439767E+00,-3.653682E-07
1641805917
-1.439759E+00,-3.684818E-07
1641805921
-1.439742E+00,-3.688784E-07
1641805925
-1.439708E+00,-3.729200E-07
1641805929
-1.439667E+00,-3.855765E-07
1641805933
-1.439709E+00,-3.807840E-07
1641805937
-1.439760E+00,-3.749283E-07
1641805941
-1.439819E+00,-3.761011E-07
1641805945
-1.439718E+00,-3.812101E-07
1641805949
-1.439760E+00,-3.804635E-07
1641805953
-1.439735E+00,-3.891163E-07
1641805957
-1.439618E+00,-3.800124E-07
1641805961
-1.439784E+00,-3.855258E-07
1641805965
-1.439726E+00,-3.835306E-07
1641805969
-1.439793E+00,-3.933348E-07
1641805973
-1.439768E+00,-3.871628E-07
1641805977
-1.439710E+00,-3.836320E-07
1641805981
-1.439736E+00,-3.950946E-07
1641805985
-1.439837E+00,-3.678368E-07
1641805989
-1.439836E+00,-3.767002E-07
1641805994
-1.439701E+00,-3.709206E-07
1641805998
-1.439718E+00,-3.757342E-07
1641806002
-1.439751E+00,-3.706336E-07
1641806006
-1.439692E+00,-3.704817E-07
1641806010
-1.439650E+00,-3.716418E-07
1641806014
-1.439894E+00,-3.780711E-07
1641806018
-1.439736E+00,-3.827882E-07
1641806022
-1.439718E+00,-3.868170E-07
1641806026
-1.439727E+00,-3.762110E-07
1641806030
-1.439675E+00,-3.762784E-07
1641806034
-1.439700E+00,-3.844923E-07
1641806038
-1.439683E+00,-3.713887E-07
1641806042
-1.439658E+00,-3.747301E-07
1641806046
-1.439708E+00,-3.843192E-07
1641806050
-1.439708E+00,-3.784002E-07
1641806054
-1.439666E+00,-3.800919E-07
1641806058
-1.439716E+00,-3.816865E-07
1641806062
-1.439556E+00,-3.741645E-07
1641806066
-1.439674E+00,-3.862554E-07
1641806070
-1.439683E+00,-3.875296E-07
1641806074
-1.439657E+00,-3.890610E-07
1641806078
-1.439590E+00,-3.842937E-07
1641806082
-1.439590E+00,-3.899554E-07
1641806086
-1.439776E+00,-3.848844E-07
1641806090
-1.439733E+00,-3.812352E-07
1641806094
-1.439624E+00,-3.797587E-07
1641806098
-1.439666E+00,-3.944231E-07
1641806102
-1.439599E+00,-3.853106E-07
1641806106
-1.439674E+00,-3.888626E-07
1641806110
-1.439633E+00,-3.824208E-07
1641806114
-1.439674E+00,-3.825177E-07
1641806118
-1.439716E+00,-3.950516E-07
1641806122
-1.439759E+00,-3.869729E-07
1641806126
-1.439717E+00,-3.764005E-07
1641806130
-1.439767E+00,-3.698697E-07
1641806134
-1.439700E+00,-3.770333E-07
1641806138
-1.439700E+00,-3.817458E-07
1641806142
-1.439708E+00,-3.923096E-07
1641806146
-1.439666E+00,-3.897784E-07
1641806150
-1.439716E+00,-3.861543E-07
1641806154
-1.439776E+00,-3.967901E-07
1641806158
-1.439709E+00,-3.791175E-07
1641806162
-1.439725E+00,-3.770797E-07
1641806166
-1.439624E+00,-3.795013E-07
1641806170
-1.439743E+00,-3.826782E-07
1641806174
-1.439776E+00,-3.793874E-07
1641806178
-1.439624E+00,-3.893396E-07
1641806182
-1.439692E+00,-3.890907E-07
1641806186
-1.439750E+00,-3.841040E-07
1641806190
-1.439827E+00,-3.886773E-07
1641806194
-1.439649E+00,-3.910861E-07
1641806198
-1.439691E+00,-3.946508E-07
1641806202
-1.439624E+00,-3.884157E-07
1641806206
-1.439692E+00,-3.883609E-07
1641806210
-1.439768E+00,-3.899935E-07
1641806214
-1.439759E+00,-3.874284E-07
1641806218
-1.439675E+00,-3.905547E-07
1641806222
-1.439717E+00,-3.826445E-07
1641806226
-1.439742E+00,-3.991566E-07
1641806230
-1.439751E+00,-3.977182E-07
1641806234
-1.439650E+00,-3.854416E-07
1641806238
-1.439751E+00,-3.816742E-07
1641806242
-1.439600E+00,-3.954444E-07
1641806246
-1.439633E+00,-3.862261E-07
1641806250
-1.439767E+00,-3.973256E-07
1641806254
-1.439810E+00,-3.886014E-07
1641806258
-1.439785E+00,-3.844249E-07
1641806262
-1.439726E+00,-3.914323E-07
1641806266
-1.439734E+00,-3.882047E-07
1641806270
-1.439692E+00,-4.021859E-07
1641806274
-1.439734E+00,-3.968871E-07
1641806278
-1.439819E+00,-3.884792E-07
1641806282
-1.439861E+00,-4.005069E-07
1641806286
-1.439828E+00,-3.918036E-07
1641806290
-1.439768E+00,-4.053541E-07
1641806294
-1.439802E+00,-3.950478E-07
1641806298
-1.439760E+00,-3.911243E-07
1641806302
-1.439862E+00,-3.948539E-07
1641806306
-1.439727E+00,-3.881587E-07
1641806311
-1.439675E+00,-3.985282E-07
1641806315
-1.439735E+00,-3.885424E-07
1641806319
-1.439810E+00,-3.852010E-07
1641806323
-1.439819E+00,-4.034516E-07
1641806327
-1.439852E+00,-3.967730E-07
1641806331
-1.439827E+00,-3.945204E-07
1641806335
-1.439776E+00,-3.992833E-07
1641806339
-1.439658E+00,-4.044135E-07
1641806343
-1.439700E+00,-4.081512E-07
1641806347
-1.439760E+00,-4.099950E-07
1641806351
-1.439718E+00,-3.993088E-07
1641806355
-1.439785E+00,-4.048355E-07
1641806359
-1.439718E+00,-4.018697E-07
1641806363
-1.439718E+00,-3.956766E-07
1641806367
-1.439802E+00,-3.832351E-07
1641806371
-1.439844E+00,-3.755949E-07
1641806375
-1.439870E+00,-3.880784E-07
1641806379
-1.439844E+00,-3.933561E-07
1641806383
-1.439634E+00,-3.950691E-07
1641806387
-1.439718E+00,-3.855388E-07
1641806391
-1.439761E+00,-3.887452E-07
1641806395
-1.439769E+00,-3.807210E-07
1641806399
-1.439727E+00,-3.848343E-07
1641806403
-1.439829E+00,-3.914961E-07
1641806407
-1.439803E+00,-3.959804E-07
1641806411
-1.439744E+00,-4.010346E-07
1641806415
-1.439777E+00,-3.973979E-07
1641806419
-1.439811E+00,-3.915760E-07
1641806423
-1.439778E+00,-3.966852E-07
1641806427
-1.439745E+00,-3.987651E-07
1641806431
-1.439803E+00,-3.989209E-07
1641806435
1641806439
1641806443
1641806447
1641806451
1641806455
1641806459
