1645783650
+6.026193E-03,-1.722041E-11
1645783658
-4.999514E+01,-1.291849E-10
1645783666
-9.999216E+01,-1.816606E-10
1645783674
-1.500001E+02,-9.820286E-11
1645783682
-1.999905E+02,-9.255095E-11
1645783690
-2.500030E+02,-2.163141E-10
1645783698
-2.999912E+02,-9.036449E-11
1645783706
-3.499959E+02,-2.343013E-10
1645783714
-4.000056E+02,-7.427525E-11
1645783722
-4.499937E+02,-1.559589E-10
1645783730
-4.999981E+02,-2.826102E-10
1645783738
-5.499880E+02,-2.741528E-10
1645783746
-5.999935E+02,-2.351265E-10
1645783754
-6.499790E+02,-2.406545E-10
1645783762
-6.999832E+02,-2.267931E-10
1645783770
-7.499712E+02,-1.789375E-10
1645783778
-7.999774E+02,-1.980385E-10
1645783786
-8.499781E+02,-2.503490E-10
1645783794
-8.999698E+02,-2.749782E-10
1645783802
-9.499727E+02,-4.251849E-10
1645783810
-9.999587E+02,-3.887574E-10
1645783818
1645783826
-9.499766E+02,-6.515808E-11
1645783834
-8.999727E+02,-1.944495E-10
1645783842
-8.499819E+02,-1.274108E-10
1645783850
-7.999817E+02,-5.571067E-11
1645783858
-7.499780E+02,-1.132606E-10
1645783866
-6.999913E+02,-1.637148E-10
1645783874
-6.499862E+02,+2.918754E-11
1645783883
-6.000018E+02,-9.581005E-11
1645783891
-5.499968E+02,+1.023228E-10
1645783899
-5.000059E+02,-5.669155E-12
1645783907
-4.500036E+02,-3.871400E-11
1645783915
-4.000154E+02,+2.914625E-11
1645783923
-3.500062E+02,+1.362300E-10
1645783931
-2.999994E+02,+1.813267E-11
1645783939
-2.500109E+02,+5.571098E-11
1645783947
-1.999988E+02,+8.140941E-11
1645783955
-1.500080E+02,+2.010328E-10
1645783963
-9.999988E+01,+1.205552E-10
1645783971
-5.000227E+01,+2.055703E-10
1645783979
+1.047108E-02,+1.698481E-10
