1645759796
+9.291765E-03,+1.854506E-11
1645759802
-2.000039E+01,-6.957181E-11
1645759808
-4.000053E+01,-1.315356E-10
1645759814
-6.000859E+01,-1.414365E-10
1645759820
-7.999446E+01,-1.406527E-10
1645759826
-1.000011E+02,+3.091983E-11
1645759832
-1.200034E+02,-4.985231E-11
1645759838
-1.400070E+02,+1.668885E-11
1645759844
-1.600093E+02,-1.606198E-10
1645759850
-1.799962E+02,-4.390239E-12
1645759856
-1.999987E+02,-2.080940E-11
1645759862
-2.199999E+02,-1.273277E-10
1645759868
-2.400074E+02,-2.278958E-11
1645759875
-2.600079E+02,-1.779879E-10
1645759881
-2.800136E+02,-8.582601E-11
1645759887
-2.999971E+02,-2.035655E-10
1645759893
-3.200028E+02,-1.324844E-10
1645759899
-3.400030E+02,-1.152402E-10
1645759905
-3.600074E+02,-4.090017E-11
1645759911
-3.800072E+02,-2.162305E-10
1645759917
-4.000128E+02,-5.777316E-11
1645759923
-4.199951E+02,-1.699847E-10
1645759929
-4.399976E+02,-1.084332E-10
1645759935
-4.600006E+02,-1.368161E-10
1645759941
-4.800005E+02,-2.598364E-10
1645759947
-5.000039E+02,-9.766608E-11
1645759953
-5.199892E+02,-2.500178E-10
1645759959
-5.399934E+02,-2.864034E-10
1645759965
-5.599944E+02,-2.822785E-10
1645759971
-5.799990E+02,-1.352486E-10
1645759977
-5.999995E+02,-1.290190E-10
1645759983
-6.199998E+02,-3.220883E-10
1645759989
-6.399835E+02,-3.304221E-10
1645759995
-6.599870E+02,-2.961816E-10
1645760001
-6.799891E+02,-2.780706E-10
1645760007
-6.999896E+02,-2.393328E-10
1645760013
-7.199910E+02,-2.958092E-10
1645760019
-7.399951E+02,-3.318248E-10
1645760025
-7.599789E+02,-1.923029E-10
1645760031
-7.799802E+02,-3.741927E-10
1645760037
-7.999843E+02,-2.189944E-10
1645760043
-8.199883E+02,-3.187466E-10
1645760049
-8.399909E+02,-2.880954E-10
1645760055
-8.599716E+02,-4.436645E-10
1645760061
-8.799745E+02,-3.365278E-10
1645760067
-8.999760E+02,-4.703560E-10
1645760073
-9.199785E+02,-3.725019E-10
1645760079
-9.399808E+02,-3.640032E-10
1645760085
-9.599839E+02,-3.433341E-10
1645760091
-9.799668E+02,-5.303397E-10
1645760097
-9.999682E+02,-3.934995E-10
1645760103
-9.999666E+02,-4.416835E-10
1645760109
-9.799675E+02,-3.932928E-10
1645760115
-9.599850E+02,-2.841350E-10
1645760121
-9.399813E+02,-2.642498E-10
1645760127
-9.399819E+02,-3.697364E-10
1645760134
-8.999818E+02,-2.548446E-10
1645760140
-8.799801E+02,-2.854137E-10
1645760146
-8.599783E+02,-1.029465E-10
1645760152
-8.399962E+02,-2.765853E-10
1645760158
-8.199963E+02,-2.315357E-10
1645760164
-7.999919E+02,-1.123935E-10
1645760170
-7.799880E+02,-3.175916E-10
1645760176
-7.599877E+02,-8.450585E-11
1645760182
-7.400048E+02,-1.137137E-10
1645760188
-7.199998E+02,-1.508838E-10
1645760194
-6.999976E+02,-2.305043E-10
1645760200
-6.799984E+02,-1.104546E-10
1645760206
-6.599970E+02,-6.895293E-11
1645760212
-6.399932E+02,-1.267914E-10
1645760218
-6.200114E+02,-3.491829E-11
1645760224
-6.000090E+02,-3.797108E-11
1645760230
-5.800086E+02,-1.705528E-11
1645760236
-5.600040E+02,-1.170141E-10
1645760242
-5.400029E+02,+3.984074E-12
1645760248
-5.199988E+02,-1.188706E-10
1645760254
-5.000108E+02,-1.645802E-10
1645760260
-4.800097E+02,-9.094154E-11
1645760266
-4.600085E+02,+2.155624E-11
1645760272
-4.400058E+02,-9.481928E-11
1645760278
-4.200028E+02,+1.499762E-11
1645760284
-4.000189E+02,-6.870550E-11
1645760290
-3.800154E+02,-7.419230E-11
1645760296
-3.600153E+02,+2.687744E-11
1645760302
1645760306
-3.200089E+02,+2.395718E-14
1645760312
-3.000048E+02,+5.463818E-11
1645760318
-2.800186E+02,+1.223282E-10
1645760324
-2.600145E+02,+1.142433E-10
1645760330
-2.400134E+02,+9.753746E-11
1645760336
-2.200045E+02,+1.645676E-10
1645760342
-2.000020E+02,+1.710133E-11
1645760348
-1.799999E+02,+3.830348E-11
1645760354
-1.600127E+02,+1.114797E-10
1645760360
-1.400104E+02,+1.016623E-10
1645760366
-1.200047E+02,+1.482741E-10
1645760372
-1.000025E+02,+1.705899E-10
1645760378
-7.999625E+01,+1.897706E-10
1645760384
-6.000920E+01,+1.183683E-10
1645760390
-4.000129E+01,+1.060348E-10
1645760397
-2.000030E+01,-2.856517E-11
1645760403
-1.999940E+01,+4.779078E-11
