1645683175
-2.300405E-02,-3.692368E-08
1645683181
-2.001294E+01,-5.432491E-08
1645683188
-4.001283E+01,-5.703577E-08
1645683194
-6.001942E+01,-5.905889E-08
1645683200
-8.000463E+01,-6.088202E-08
1645683206
-1.000126E+02,-6.218396E-08
1645683212
-1.200148E+02,-6.371407E-08
1645683218
-1.400193E+02,-6.513451E-08
1645683224
-1.600213E+02,-6.638919E-08
1645683230
-1.800091E+02,-6.760126E-08
1645683236
-2.000103E+02,-6.915179E-08
1645683242
-2.200140E+02,-7.045202E-08
1645683248
-2.400217E+02,-7.188448E-08
1645683254
-2.600226E+02,-7.259491E-08
1645683260
-2.800274E+02,-7.276890E-08
1645683266
-3.000106E+02,-7.328055E-08
1645683272
-3.200160E+02,-7.395950E-08
1645683278
-3.400173E+02,-7.472364E-08
1645683284
-3.600227E+02,-7.539639E-08
1645683290
-3.800227E+02,-7.601193E-08
1645683296
-4.000272E+02,-7.664747E-08
1645683302
-4.200092E+02,-7.724309E-08
1645683308
-4.400123E+02,-7.787063E-08
1645683314
-4.600141E+02,-7.850848E-08
1645683320
-4.800150E+02,-7.924147E-08
1645683326
-5.000181E+02,-7.867381E-08
1645683332
-5.200056E+02,-7.929102E-08
1645683338
-5.400088E+02,-8.079647E-08
1645683344
-5.600098E+02,-8.136929E-08
1645683350
-5.800149E+02,-8.177741E-08
1645683356
-6.000143E+02,-8.233780E-08
1645683362
-6.200156E+02,-8.285758E-08
1645683368
-6.399994E+02,-8.300972E-08
1645683374
-6.600032E+02,-8.352327E-08
1645683380
-6.800056E+02,-8.450381E-08
1645683386
-7.000043E+02,-8.530657E-08
1645683392
-7.200076E+02,-8.603850E-08
1645683398
-7.400124E+02,-8.654598E-08
1645683404
-7.599950E+02,-8.720833E-08
1645683410
-7.799967E+02,-8.780778E-08
1645683416
-7.999994E+02,-8.803392E-08
1645683422
-8.200048E+02,-8.850122E-08
1645683428
-8.400050E+02,-8.931021E-08
1645683434
-8.599872E+02,-8.989679E-08
1645683440
-8.799911E+02,-9.047668E-08
1645683446
-8.999916E+02,-9.099326E-08
1645683452
-9.199938E+02,-9.174504E-08
1645683458
-9.399959E+02,-9.220114E-08
1645683464
-9.600005E+02,-9.297239E-08
1645683470
-9.799833E+02,-9.380966E-08
1645683476
-9.999848E+02,-9.454212E-08
1645683482
-9.999832E+02,-9.438209E-08
1645683488
-9.799833E+02,-9.357725E-08
1645683494
-9.600024E+02,-9.264518E-08
1645683500
-9.399985E+02,-9.193401E-08
1645683506
-9.199986E+02,-9.102264E-08
1645683512
-8.999976E+02,-9.028327E-08
1645683518
-8.799948E+02,-8.975633E-08
1645683524
-8.599931E+02,-8.913338E-08
1645683530
-8.400120E+02,-8.846063E-08
1645683536
-8.200119E+02,-8.764331E-08
1645683543
-8.000081E+02,-8.723444E-08
1645683549
-7.800053E+02,-8.628879E-08
1645683555
-7.600041E+02,-8.574320E-08
1645683561
-7.400204E+02,-8.521711E-08
1645683567
-7.200174E+02,-8.448567E-08
1645683573
-7.000143E+02,-8.376888E-08
1645683579
-6.800133E+02,-8.323003E-08
1645683585
-6.600121E+02,-8.250475E-08
1645683591
-6.400081E+02,-8.168240E-08
1645683597
-6.200259E+02,-8.102512E-08
1645683603
-6.000234E+02,-8.071063E-08
1645683609
-5.800217E+02,-8.007356E-08
1645683615
-5.600186E+02,-8.019871E-08
1645683621
-5.400179E+02,-8.074042E-08
1645683627
-5.200151E+02,-8.186311E-08
1645683633
-5.000295E+02,-8.256355E-08
1645683639
-4.800244E+02,-8.269065E-08
1645683645
-4.600242E+02,-8.206849E-08
1645683651
-4.400210E+02,-8.115094E-08
1645683657
-4.200170E+02,-8.034073E-08
1645683663
-4.000337E+02,-7.920213E-08
1645683669
-3.800299E+02,-7.809111E-08
1645683675
-3.600297E+02,-7.716188E-08
1645683681
-3.400236E+02,-7.652024E-08
1645683687
-3.200241E+02,-7.562588E-08
1645683693
-3.000180E+02,-7.463508E-08
1645683699
-2.800331E+02,-7.372576E-08
1645683705
-2.600282E+02,-7.275901E-08
1645683711
-2.600281E+02,-7.283646E-08
1645683717
-2.200192E+02,-6.986258E-08
1645683723
-2.000163E+02,-6.861412E-08
1645683729
-1.800145E+02,-6.752750E-08
1645683735
-1.600273E+02,-6.634990E-08
1645683741
-1.400233E+02,-6.492371E-08
1645683747
-1.200192E+02,-6.341122E-08
1645683753
-1.000162E+02,-6.169927E-08
1645683759
-8.000944E+01,-6.003232E-08
1645683765
-6.002264E+01,-5.823367E-08
1645683771
-4.001533E+01,-5.584940E-08
1645683777
-2.001435E+01,-5.318701E-08
1645683783
-4.950289E-03,-3.656870E-08
