1641719806
+0.000000E+00,-1.196776E-10,+9.910000E+37,+4.050195E+01,+2.150800E+04
1641719808
+0.000000E+00,-1.196754E-10,+9.910000E+37,+4.449316E+01,+2.150800E+04
1641719812
+0.000000E+00,-3.096481E-10,+9.910000E+37,+4.850000E+01,+2.150800E+04
1641719816
+0.000000E+00,+5.340202E-11,+9.910000E+37,+5.250684E+01,+2.150800E+04
1641719820
+0.000000E+00,-2.632139E-10,+9.910000E+37,+5.651172E+01,+2.150800E+04
1641719824
+0.000000E+00,-1.998855E-10,+9.910000E+37,+6.051953E+01,+2.150800E+04
1641719828
+0.000000E+00,-2.252162E-10,+9.910000E+37,+6.452246E+01,+2.150800E+04
1641719832
+0.000000E+00,-1.661120E-10,+9.910000E+37,+6.853027E+01,+2.150800E+04
