1664153797
+9.284336E-04,-1.288860E-10
1664153799
+9.584582E-04,-1.254539E-10
1664153801
+1.002658E-03,-1.234029E-10
1664153804
+9.534516E-04,-1.236123E-10
1664153806
+9.934827E-04,-1.218962E-10
1664153808
+9.359367E-04,-1.220636E-10
1664153811
+8.984056E-04,-1.229845E-10
1664153813
+9.676258E-04,-1.193012E-10
1664153815
+1.021835E-03,-1.239052E-10
1664153817
+9.993176E-04,-1.281744E-10
1664153820
+1.029345E-03,-1.212265E-10
1664153822
+9.742974E-04,-1.237378E-10
1664153824
+9.534453E-04,-1.241982E-10
1664153827
+9.976483E-04,-1.215195E-10
1664153829
+9.884745E-04,-1.262492E-10
1664153831
+9.609530E-04,-1.202220E-10
1664153833
+8.592019E-04,-1.198872E-10
1664153836
+9.375993E-04,-1.235285E-10
1664153838
+9.592835E-04,-1.229007E-10
1664153840
+9.526078E-04,-1.240308E-10
1664153843
+1.000982E-03,-1.235704E-10
1664153845
+9.617796E-04,-1.275466E-10
1664153847
+9.609481E-04,-1.213521E-10
1664153850
+9.617827E-04,-1.200546E-10
1664153852
+1.041012E-03,-1.218125E-10
1664153854
+1.009317E-03,-1.221892E-10
1664153856
+1.017658E-03,-1.232774E-10
1664153859
+1.055188E-03,-1.216451E-10
1664153861
+1.057687E-03,-1.209336E-10
1664153863
+1.053518E-03,-1.228589E-10
1664153866
+1.039339E-03,-1.230263E-10
1664153868
+9.817941E-04,-1.229007E-10
1664153870
+1.036002E-03,-1.253283E-10
1664153873
+1.032667E-03,-1.201383E-10
1664153875
+9.884671E-04,-1.241982E-10
1664153877
+9.409259E-04,-1.200965E-10
1664153879
+9.359213E-04,-1.244075E-10
1664153882
+9.876310E-04,-1.203058E-10
1664153884
+9.642764E-04,-1.254957E-10
1664153886
+9.175742E-04,-1.228589E-10
1664153889
+9.734505E-04,-1.240308E-10
1664153891
+1.010147E-03,-1.233611E-10
1664153893
+9.892967E-04,-1.226915E-10
1664153895
+1.000138E-03,-1.207661E-10
1664153898
+9.993017E-04,-1.237797E-10
1664153900
+9.767844E-04,-1.245330E-10
1664153902
+9.192385E-04,-1.269608E-10
1664153905
+9.450923E-04,-1.235285E-10
1664153907
+9.000559E-04,-1.216032E-10
1664153909
+9.500959E-04,-1.246167E-10
1664153912
+9.692761E-04,-1.220218E-10
1664153914
+1.023487E-03,-1.242400E-10
1664153916
+1.002636E-03,-1.241145E-10
1664153918
+9.734466E-04,-1.222729E-10
1664153921
+9.634387E-04,-1.209754E-10
1664153923
+1.012642E-03,-1.219800E-10
1664153925
+9.826209E-04,-1.255376E-10
1664153928
+9.792825E-04,-1.206824E-10
1664153930
+1.008472E-03,-1.216451E-10
1664153932
+1.005138E-03,-1.211428E-10
1664153935
+9.984648E-04,-1.239052E-10
1664153937
+1.020148E-03,-1.246167E-10
1664153939
+9.859527E-04,-1.237796E-10
1664153941
+9.951273E-04,-1.217706E-10
1664153944
+1.015975E-03,-1.235285E-10
1664153946
+9.842842E-04,-1.241145E-10
1664153948
+9.876186E-04,-1.228170E-10
1664153951
+1.003466E-03,-1.227333E-10
1664153953
+1.027649E-03,-1.249935E-10
1664153955
+9.976261E-04,-1.236959E-10
1664153957
+1.037658E-03,-1.231100E-10
1664153960
+1.019308E-03,-1.242819E-10
1664153962
+1.069350E-03,-1.218544E-10
1664153964
+1.010968E-03,-1.230263E-10
1664153967
+9.967880E-04,-1.239052E-10
1664153969
+1.038490E-03,-1.244075E-10
1664153971
+1.037656E-03,-1.201802E-10
1664153974
+1.040156E-03,-1.231937E-10
1664153976
+1.070181E-03,-1.223148E-10
1664153978
+1.076854E-03,-1.222729E-10
1664153980
+1.047661E-03,-1.234448E-10
1664153983
+1.041823E-03,-1.228589E-10
1664153985
+1.044326E-03,-1.225659E-10
1664153987
+1.036818E-03,-1.230681E-10
1664153990
+1.015133E-03,-1.225659E-10
1664153992
+1.033482E-03,-1.218544E-10
1664153994
+1.014300E-03,-1.228171E-10
1664153997
+1.035983E-03,-1.211847E-10
1664153999
+1.057665E-03,-1.245749E-10
1664154001
+1.031812E-03,-1.206825E-10
1664154003
+1.009294E-03,-1.175853E-10
1664154006
+1.062669E-03,-1.215195E-10
1664154008
+1.071008E-03,-1.243238E-10
1664154010
+1.105202E-03,-1.203476E-10
1664154013
+1.112708E-03,-1.205150E-10
1664154015
+1.041816E-03,-1.219799E-10
1664154017
+1.063501E-03,-1.232774E-10
1664154020
+1.091022E-03,-1.221473E-10
1664154022
+1.105202E-03,-1.220218E-10
1664154024
+1.105198E-03,-1.229007E-10
1664154026
+1.091854E-03,-1.200546E-10
1664154029
+1.113536E-03,-1.259979E-10
1664154031
+1.114371E-03,-1.211010E-10
1664154033
+1.087683E-03,-1.214778E-10
1664154036
+1.114370E-03,-1.209754E-10
1664154038
+1.103527E-03,-1.216033E-10
1664154040
+1.146895E-03,-1.191757E-10
1664154043
+1.164410E-03,-1.200547E-10
1664154045
+1.163573E-03,-1.213940E-10
1664154047
+1.078507E-03,-1.201384E-10
