1645778706
+1.218437E-03,+1.549268E-11
1645778714
-5.000016E+01,-1.088462E-10
1645778722
-9.999656E+01,-2.386324E-10
1645778730
-1.500031E+02,-1.384257E-10
1645778738
-1.999941E+02,-1.652821E-10
1645778746
-2.500072E+02,-2.520812E-10
1645778754
-2.999946E+02,-1.574438E-10
1645778762
-3.500005E+02,-3.019579E-10
1645778770
-4.000096E+02,-1.651585E-10
1645778778
-4.499966E+02,-3.234925E-10
1645778786
-5.000008E+02,-3.325688E-10
1645778794
-5.499904E+02,-3.178405E-10
1645778802
-5.999956E+02,-3.698626E-10
1645778810
-6.499810E+02,-3.411085E-10
1645778818
-6.999858E+02,-4.338479E-10
1645778826
-7.499755E+02,-4.659437E-10
1645778834
-7.999790E+02,-4.036080E-10
1645778842
-8.499803E+02,-5.105799E-10
1645778850
-8.999708E+02,-5.349212E-10
1645778858
-9.499764E+02,-4.573630E-10
1645778866
-9.999609E+02,-5.891702E-10
1645778874
-9.999634E+02,-4.890468E-10
1645778882
-9.499783E+02,-1.860329E-10
1645778891
-8.999753E+02,-2.100432E-10
1645778899
-8.499839E+02,-2.488217E-10
1645778907
-7.999860E+02,-1.155708E-10
1645778915
-7.499802E+02,-1.967179E-10
1645778923
-6.999936E+02,-3.269073E-11
1645778931
-6.499880E+02,-1.104552E-10
1645778939
-6.000020E+02,-9.440723E-11
1645778947
-5.499977E+02,-6.660184E-11
1645778955
-5.000076E+02,-2.542997E-11
1645778963
-4.500052E+02,+1.361885E-10
1645778971
-4.000166E+02,+8.454420E-11
1645778979
-3.500065E+02,+1.497596E-10
1645778987
-3.000007E+02,+9.279412E-11
1645778995
-2.500128E+02,+2.166660E-10
1645779003
-1.999993E+02,+6.639438E-11
1645779011
-1.500079E+02,+1.288873E-10
1645779019
-1.000020E+02,+2.625765E-10
1645779027
-5.000264E+01,+2.175736E-10
1645779035
+9.881435E-03,+2.005375E-10
