1645789036
+.316-2-.930-14.954+1-.425E1
9993E0,2225E1
1500E0,6091E1
1991E0,1598E1
2503E0,2039E1
2991E0,2147E1
-.990+2-.201-14006E0,2542E1
4494E0,3085E1
4998E0,2888E1
-.984+2-.643-0-.999+2-.404-06499E0,1936E1
6993E0,-.712-07.977+2-.005-07997E0,3953E1
8499E02,-.18E1
8998E0,3188E1
-.979+2-.678-0-.953+2-.389-09998E0,4053E1
-.972+2-.258-0-.9968+2-.283E1
-.982+2-.480-07991E0,1833E1
7.971+2-.522-1.980+2-.650-16494E0,5790E1
-.006+2+.581-15.996+2+.791-15.009+2+.781-1-.005+2+.243-04004E0,1629E1
-.001+2+.292-02999E0,1020E1
-.012+2+.805-1-.991+2+.733-0.000+2+.677-11001E0,2192E1
5.022+1+.252-01112E0,1800E1
1521E0,1525E1
499399E0,6.596E-1
9991E0,1633E1
1499E0,1086E1
1990E0,1952E1
-.004+2-.283-0-.991+2-.771-03.993+2-.662-0-.000+0,2713E1
4495E0,1859E1
4997E0,2938E1
5498E0,3299E1
-5992E0,1982E1
6497E0,3467E1
.980+2-.881-07491E0,2494E1
7.973+2-211E1
8977+2-.360-08.996E0,34610-0-9491E0,3911E1
-.958+2-.448-0-.958+2-.230-0-.975+2-.314-08.968+2-.397-08499E0,2012E1
7990E0,1691E1
-.977+2-.452-1.980+2+.528-26493E0,34438-1.990+2-.824-154994E0,4876E1
5004E0,5716E1
-4501E0,9974E1
-.012,+.102-13503E0,9748E1
2998E0,.085-12500E0,2002E1
1997E0,6443E1
-1507E0,2152E1
9999E0,1346E1
-.008+1+.859-01141E0,3136E1
+.558-2+.178-04991E0,4558E1
9998E0,6046E1
1500E0,1254E1
-1992E0,5140E1
2.002+2-.348-02992E0,1302E1
3497E0,2132E1
4007+2-.771-0-.991+2-.449E1
-.991+2-.318-05498E0,2448E1
-.994+2-.458-
-.978+2-.343-0-.980+2-.323-07492E0,35694-07996E0,3304E1
.497E0-.3918-1
8998E0,4755E1
-.973+2-.076E1
9997E0,4013E1
9997E0,5500E1
-9492E0,2464E1
8990E0,1597E1
-.983E0,21810E1
7992E0,6549E1
.979+2-.039-0-.983+2-.380-06493E0,7763E1
5998E0,5613E1
5492E0,1123E1
5004E0,5917E1
4501E0,5257E1
-003E0,1492E1
3503E0,2270E1
2998E0,3152E1
2.013+2+.540-1-.992+2+.283-11506E0,2019E1
-.997+1+.245-0-.000+1+.964-0+.902-02+.853-0.254-2+.450-14976+1,8185E1
-.956+1-.114-11501E0,6002E1
-992E0,1623E1
2505E0,9723E1
2992E0,1390E-0-.997+2-.762-0007E0,2989E1
4.999+2-.829-04999E0,1571E1
.989+2-.942-05993E0,2121E1
-.970+2-.868-0.987+2-.485-07492E0,4381E1
7997E0,2921E1
-.974+2-.217-0-.969+2-.826-09.972+2-.780-0998E0,4182E1
9997E0,5215E1
9494E0,1513E1
8999E0,2199E1
-.988+2-.505-0-.976+2-.591-1-.976+2-.491-16998E0,1399E1
6493E0,1329E1
6000E0,4840E1
.995E0,1077E1-.000+2+.645-1
4.02E0,9529E1
4004E0,6044E1
-.008+2+.204-12999E0,1842E1
2501E0,1719E1
-.997+2+.070-01505E0,1107E1
1000E0,2237E1
5000E0,2758E1
1.466-2+.3741
1341-2-.265-24.989+1+.739-19997E0,5429E1
1503E2-.362-1-.999+2-.5311
2.005+2-.229-1-2993E0,1027E1
3.998+2-.631-0.7E0-.067-0-.997E0,1328E1
4998E0,3098E1
5.981+2-.635-05993E0,39252-06499E0,3970E1
6993E0,3663E1
7492E0,3151E-07998E0,2833E1
8499E0,4227E1
89987+2-.555-09491E0,4253E1
9998E0,5408E1
9999E0,3516E1
.972+2-.397-08998E0,2528E1
8491E0,1470E1
7992E0,1238E1
7497E0,1098E-06999E0,1283E1
-.987+2+.433-15999E0,9643-15494E0,7693E1
-.003+2+.680-14502E0,8885E1
4003E0,16753-13503E0,3967E1
2999E0,1136E1
.001E0,15271E10-.998+2+.973-01508E0,2178E1
9999E0,2790E1
-.013+1+.410-1+1.564E0,2895E1
+.013-2+.138-2-.976+1-.098-0-9999E0,1013E1
1502E0,5307E1
-.991+2-.718-0-.505E0,2451E1
2993E0,2447E1
-3499E0,8678E1
4.008+2-.379-04496E0,2467E1
5000E0,2680E1
5499E0,2508E1
5994E0,3598E1
6498E0,2681E1
6993E0,3635E1
-.976+2-.618-0-.99E0,2635E1
-8490E0,4350E1
-9981+2-.493-09494E0,4425E1
9.954+2-.344-09990E0,4057E1
9495E0,2923E1
8991E0,2086E1
8494E0,77504-1-.984+0,9430E1
7497E0,1968E1
6990E0,3878E1
6495E0,8903-16000E0,3731E1
5496E0,8259E1
.002+2+.108-0-.004+2+.603-14004E0,1362E1
3.000+2+.404-0.998+2+.673-12500E0,5773E1
-.997+2+.261-01506E0,4252E1
1000E0,1494E1
5009E0,1123E1
9703E0,2447E1
1788E0,3462E-14990E0,8458E1
9994E0,1375E1
-.994+2-.872-01.987+2-.035-0-.001+2-.660-0-.984+2-.473-1-3496E0,24663-0.005+2-.192E1
-.995+2-.046-04997E0,1042E1
-5496E0,2886E1
5992E0,1938E1
6496E0,2736E1
-6992E0,2351-0-.978+2-.396-07995E0,3955E1
-.977+2-.997-08996E0,4850E1
9490E0,4911E1
-9.952+2-.509E1
9999E0,3426E1
9.972+2-.562-08999E0,1597E1
8491E0,2055E1
7991E0,5687E1
775+,15371E1
-.985+2-.071-06492E0,1027E1
5998E0,2020E1
-5493E0,1027E1
-.007+2+.590-14501E0,2540E1
4001E0,7860E1
350E+0,1674-02997E0,1357E1
25005+2+.879-11996E0,5714E1
1506E0,1359E1
-.975+1+.597-0-4994E0,1167E1
+.624-2+.050-01944E0,3290E1
4994E0,2279E1
-.933+1-.913-11.998+2-.738-
1999E0,1692E1
-.008+2-.803-02.993+2-.440-03.998+2-.269-04004E0,2502E1
4492E0,2910E1
4997E0,2557E1
-.981+2-.3091
5992E0,3496E1
6.977+2-.774-0-.983+23015E1
-.966+2-.767-07996E0,2754E-
8496E0,4051E-0-.961+2-.768-0-.978+2-.304-09996E0,5299E1
-.958+2-.887-09492E0,3257E1
8.963+2-.947-0-.982+2-.4191
7.998E0,2818E1
-.97E0,92113-16995E0,1328E1
.988+2-.177-15997E0,1013E1
-5493E0,1182E1
-.04E+2,8445-14.500E0,3677E1
4000E0,4421E1
-.005+2+.005-02.995+2+.089-02.508E0,4913E1
1996E0,1046E1
-.004+2+.279-19992E0,1909E1
-4991E0,1267E1
1296E0,2668E1
1550E0,1448E1
-994E0,1574E1
9990E0,2026E1
1502E0,6672E1
1992E0,6264E1
-.008+2-.849-12.992+2-.641-0-.992+2-.369-0-.004+2-.592-04.992+2-.417-0-.997+2-.350-05497E0,3332E1
-.992+2-.673-0-6498E0,1728E1
6992E0,2239E-07.972+2-.095-0-.971+2-.331-08498E0,3497E1
8.967+2-.351-09492E0,4559E1
9998E0,3755E1
9998E0,4642E1
9492E0,3270E1
-.965+2-.301E1
8499E0,22375-07.987+2-.206-0-.976+2-.195-06998E0,4504E1
-493E0,4223E1
5999E0,3999E-15493E0,3849E1
5.002+2+.93E1
4500E0,1184E1
4003E0,1488E1
3.008+2+.709-12997E0,8611E1
2509E+2+.323-019998+2+.513-11.505E0,1538E1
9.993+1+.098-05.006+1+.946-0.125E0,2721E1
1435E0,1628E1
4998E0,1874E1
9998E0,10708-01501E0,1815E1
-1992E0,2019E1
-.003+2-.604-0-.999+2-.252-03498E0,2441E1
4.001+2-.220-14494E0,1677E1
4.995+2-.148E1
5499E0,3557E1
-.997+2-.014-06497E0,3610E1
-6.981+2-.375-0-.974+2-.340-0-.971+2-.100-0-498E0,3298E1
8999E0,3514E1
94927+2-.777-09997E0,5140E1
-.954+2-.442-09492E0,2118E1
8990E0,1873E1
8.985+2-.027-07990E0,24073-0-.972+2-.771-0-998E0,1163E1
6493E0,1465E1
.993+2-.611-05493E0,8657E1
5004E0,2239E1
-.008+2+.844-1-4002E0,1417E1
3504E0,1603E1
-.999+2+.499-1-.015+2+.671-01997E0,+.801-1.003+2+.307-09999E+1+.877-05.013+1+.072-11068E0,3361E1
1564E0,6460E1
.968+1-.669-19994E0,2942E1
.006+2-.352-1-.995+2-.693-0-.001+2-.508-12.993+2-.622-03499E0,1.285-0-.006E0,3043E1
4494E0,2665E1
-.992+2-.637-0-.981+2-.435-0-.998+2-.055-06498E0,2681E1
6993E0,4272E1
7494E0,3709E1
-.977+2-.135-0-.977+2-4.304-0.963+2-.021-09491E0,5818E1
9997E0,5527E1
9997E0,4599E1
9492E0,4151E1
8.966+2-.581-08490E0,1633E1
-.986+2-.685-07.971+2-.647-16999E0,2745E-36495E0,1299E1
5999E0,7431E1
5494E0,3712E1
-5006E0,1180E1
4.007+2-.599-24003E0,5274E1
3.003+2+.083-2-.994+2+.272-02501E0,6682E1
-.996+2+.016-11506E0,2299E1
-.000+0,1881E1
5003E0,5974E1
+.788-2+.496-0