1645753074
-3.498725E-03,-1.782989E-10
1645753080
-2.000216E+01,+1.186774E-10
1645753086
-4.000145E+01,-6.853791E-11
1645753092
-6.000740E+01,-1.111998E-10
1645753098
-7.999359E+01,-4.410058E-11
1645753104
-1.000015E+02,-3.095496E-12
1645753110
-1.200032E+02,+5.779069E-11
1645753116
-1.400075E+02,-8.510564E-11
1645753122
-1.600091E+02,-1.464061E-10
1645753128
-1.799969E+02,-1.252823E-10
1645753134
-1.999991E+02,+2.962555E-11
1645753140
-2.200017E+02,-7.102312E-11
1645753146
-2.400089E+02,-1.256964E-10
1645753152
-2.600083E+02,-4.617144E-11
1645753158
-2.800146E+02,-1.314951E-10
1645753164
-2.999980E+02,-4.865672E-11
1645753170
-3.200037E+02,-6.823125E-12
1645753176
-3.400033E+02,+5.240638E-11
1645753182
-3.600071E+02,-1.480628E-10
1645753188
-3.800102E+02,-1.013681E-11
1645753194
-4.000129E+02,-2.877547E-11
1645753200
-4.199955E+02,+1.181552E-11
1645753206
-4.399986E+02,+2.424104E-11
1645753212
-4.600023E+02,-1.617311E-10
1645753218
-4.800020E+02,-7.651657E-12
1645753224
-5.000062E+02,-1.078862E-10
1645753230
-5.199925E+02,-5.528368E-11
1645753237
-5.399951E+02,-5.072742E-11
1645753243
-5.599960E+02,-7.806426E-11
1645753249
-5.800002E+02,-2.271763E-10
1645753255
-5.999996E+02,-5.528368E-11
1645753261
-6.200016E+02,-2.238624E-10
1645753267
-6.399844E+02,-5.901135E-11
1645753273
-6.599874E+02,-2.255194E-10
1645753279
-6.799893E+02,-4.989929E-11
1645753285
-6.999892E+02,-2.222055E-10
1645753291
-7.199915E+02,-8.841914E-11
1645753297
-7.399968E+02,-2.743994E-10
1645753303
-7.599794E+02,-2.760563E-10
1645753309
-7.799809E+02,-1.323235E-10
1645753315
-7.999865E+02,-2.797846E-10
1645753321
-8.199896E+02,-3.547615E-10
1645753327
-8.399904E+02,-1.314951E-10
1645753333
-8.599721E+02,-2.445743E-10
1645753339
-8.799734E+02,-1.973517E-10
1645753345
-8.999765E+02,-3.236937E-10
1645753351
-9.199771E+02,-3.299070E-10
1645753357
-9.399776E+02,-2.060502E-10
1645753363
-9.599854E+02,-2.541018E-10
1645753369
-9.799674E+02,-4.123405E-10
1645753375
-9.999683E+02,-2.226197E-10
1645753381
-9.999700E+02,-1.725001E-10
1645753387
-9.799677E+02,-2.810272E-10
1645753393
-9.599864E+02,-1.252822E-10
1645753399
-9.399836E+02,-2.516163E-10
1645753405
-9.199814E+02,-7.972116E-11
1645753411
-8.999825E+02,-2.441601E-10
1645753417
-8.799792E+02,-1.588319E-10
1645753423
-8.599792E+02,-2.557587E-10
1645753429
-8.399968E+02,-1.966322E-11
1645753435
-8.199977E+02,-1.256963E-10
1645753441
-7.999930E+02,-1.256962E-10
1645753447
-7.799893E+02,-5.114144E-11
1645753453
-7.599877E+02,-1.642163E-10
1645753459
-7.400067E+02,-2.918923E-11
1645753465
-7.200005E+02,-1.443350E-10
1645753471
-6.999986E+02,+2.382698E-11
1645753477
-6.799999E+02,-1.759203E-11
1645753483
-6.599985E+02,-1.426783E-10
1645753489
-6.399933E+02,-1.132706E-10
1645753495
-6.200127E+02,-1.459918E-10
1645753501
-6.000109E+02,+8.595663E-11
1645753507
-5.800085E+02,-4.741409E-11
1645753513
-5.600062E+02,+2.879762E-11
1645753519
-5.600043E+02,+6.322304E-13
1645753525
-5.199996E+02,-2.214784E-11
1645753531
-5.000130E+02,-7.102284E-11
1645753537
-4.800100E+02,-4.782819E-11
1645753544
-4.600099E+02,+1.087368E-10
1645753550
-4.400067E+02,+1.352448E-10
1645753556
-4.200027E+02,+1.033523E-10
1645753562
-4.000196E+02,-7.350799E-11
1645753568
-3.800171E+02,-2.670414E-11
1645753574
-3.600154E+02,+4.577919E-11
1645753580
-3.400110E+02,+1.298604E-10
1645753586
-3.200103E+02,+9.330564E-12
1645753592
-3.000036E+02,+2.382755E-11
1645753598
-2.800209E+02,+1.244761E-10
1645753604
-2.600149E+02,-2.681008E-12
1645753610
-2.400145E+02,+1.625818E-10
1645753616
-2.200049E+02,+3.211115E-11
1645753622
-2.000023E+02,+1.512940E-11
1645753628
-1.800005E+02,+8.885567E-11
1645753634
-1.600136E+02,+1.654811E-10
1645753640
-1.400106E+02,+1.248904E-10
1645753646
-1.200052E+02,+1.340027E-10
1645753652
-1.000035E+02,+1.770788E-10
1645753658
-7.999531E+01,+2.056583E-10
1645753664
-6.000973E+01,+6.938844E-11
1645753670
-4.000237E+01,+8.222845E-11
1645753676
-2.000376E+01,+4.080877E-11
1645753682
+8.883555E-03,+1.890902E-10
