1664155255
+5.875436E-03,-1.128938E-10
1664155257
1664155259
1664155262
1664155264
+5.914628E-03,-1.117931E-10
1664155266
1664155268
1664155271
1664155273
+5.897779E-03,-1.135718E-10
1664155275
1664155278
1664155280
+5.864754E-03,-1.121991E-10
1664155282
1664155284
1664155287
1664155289
+5.818464E-03,-1.122619E-10
1664155291
1664155294
1664155296
1664155298
+5.806368E-03,-1.124293E-10
1664155300
1664155303
1664155305
1664155307
+5.785017E-03,-1.120317E-10
1664155310
1664155312
1664155314
+5.786516E-03,-1.115838E-10
1664155317
1664155319
1664155321
1664155323
+5.744147E-03,-1.114499E-10
1664155326
1664155328
1664155330
1664155333
+5.689352E-03,-1.124795E-10
1664155335
