1645685018
-5.993585E-03,+2.397975E-09
1645685024
-2.001562E+01,-8.763780E-09
1645685030
-4.001518E+01,-9.110082E-09
1645685036
-6.002259E+01,-9.391345E-09
1645685042
-8.000871E+01,-9.579407E-09
1645685048
-1.000152E+02,-9.836659E-09
1645685054
-1.200169E+02,-9.996971E-09
1645685060
-1.400214E+02,-9.991583E-09
1645685066
-1.600249E+02,-1.012910E-08
1645685072
-1.800114E+02,-1.026455E-08
1645685078
-2.000129E+02,-1.055204E-08
1645685084
-2.200158E+02,-1.066844E-08
1645685090
-2.400232E+02,-1.069330E-08
1645685096
-2.600239E+02,-1.073431E-08
1645685102
-2.800281E+02,-1.095468E-08
1645685108
-3.000117E+02,-1.108350E-08
1645685114
-3.200171E+02,-1.101351E-08
1645685120
-3.400166E+02,-1.127240E-08
1645685126
-3.600230E+02,-1.127986E-08
1645685132
-3.800238E+02,-1.142816E-08
1645685138
-4.000276E+02,-1.138465E-08
1645685144
DCL
-4.000277E+02,-1.145591E-08
1645685150
-4.400129E+02,-1.173675E-08
1645685157
-4.600154E+02,-1.183618E-08
1645685163
-4.800164E+02,-1.167173E-08
1645685169
-5.000198E+02,-1.191737E-08
1645685175
-5.200057E+02,-1.199193E-08
1645685181
-5.400090E+02,-1.213318E-08
1645685187
-5.600102E+02,-1.192647E-08
1645685193
-5.800131E+02,-1.214313E-08
1645685199
-6.000143E+02,-1.229473E-08
1645685205
-6.200172E+02,-1.215473E-08
1645685211
-6.399996E+02,-1.224337E-08
1645685217
-6.600037E+02,-1.236225E-08
1645685223
-6.800052E+02,-1.259630E-08
1645685229
-7.000057E+02,-1.262653E-08
1645685235
-7.200075E+02,-1.258594E-08
1645685241
-7.400118E+02,-1.291982E-08
1645685247
-7.599950E+02,-1.273010E-08
1645685253
-7.799970E+02,-1.292023E-08
1645685259
-8.000008E+02,-1.299811E-08
1645685265
-8.200035E+02,-1.307929E-08
1645685271
-8.400060E+02,-1.328227E-08
1645685277
-8.599882E+02,-1.330340E-08
1645685283
-8.799930E+02,-1.318782E-08
1645685289
-8.999936E+02,-1.330050E-08
1645685295
-9.199943E+02,-1.342353E-08
1645685301
-9.399974E+02,-1.333571E-08
1645685307
-9.600012E+02,-1.358342E-08
1645685313
-9.799837E+02,-1.383074E-08
1645685319
-9.999842E+02,-1.377729E-08
1645685325
-9.999844E+02,-1.367496E-08
1645685331
-9.799848E+02,-1.348608E-08
1645685337
-9.600024E+02,-1.338667E-08
1645685343
-9.399988E+02,-1.329719E-08
1645685349
-9.199977E+02,-1.310167E-08
1645685355
-8.999976E+02,-1.305486E-08
1645685361
-8.799949E+02,-1.327151E-08
1645685367
-8.599942E+02,-1.296828E-08
1645685373
-8.400135E+02,-1.298402E-08
1645685379
-8.200122E+02,-1.278560E-08
1645685385
-8.000078E+02,-1.284112E-08
1645685391
-7.800051E+02,-1.282578E-08
1645685397
-7.600043E+02,-1.254701E-08
1645685403
-7.400222E+02,-1.262944E-08
1645685409
-7.200176E+02,-1.256648E-08
1645685416
-7.000157E+02,-1.229225E-08
1645685422
-6.800142E+02,-1.237467E-08
1645685428
-6.600121E+02,-1.235355E-08
1645685434
-6.400085E+02,-1.222846E-08
1645685440
-6.200266E+02,-1.207975E-08
1645685446
-6.000239E+02,-1.182500E-08
1645685452
-5.800236E+02,-1.199400E-08
1645685458
-5.600200E+02,-1.169824E-08
1645685464
-5.400176E+02,-1.178730E-08
1645685470
-5.200145E+02,-1.174794E-08
1645685476
-5.000278E+02,-1.163113E-08
1645685482
-4.800250E+02,-1.138299E-08
1645685488
-4.600248E+02,-1.159509E-08
1645685494
-4.400218E+02,-1.145466E-08
1645685500
-4.200181E+02,-1.139584E-08
1645685506
-4.000351E+02,-1.124673E-08
1645685512
-3.800304E+02,-1.106197E-08
1645685518
-3.600295E+02,-1.103257E-08
1645685524
-3.400251E+02,-1.086480E-08
1645685530
-3.200237E+02,-1.066720E-08
1645685536
-3.000184E+02,-1.065394E-08
1645685542
-2.800346E+02,-1.050731E-08
1645685548
-2.600284E+02,-1.057483E-08
1645685554
-2.400285E+02,-1.043896E-08
1645685560
-2.200200E+02,-1.015147E-08
1645685566
-2.000171E+02,-1.017798E-08
1645685572
-1.800135E+02,-1.004874E-08
1645685578
-1.600278E+02,-9.908738E-09
1645685584
-1.400238E+02,-9.795230E-09
1645685590
-1.200197E+02,-9.645686E-09
1645685596
-1.000173E+02,-9.284474E-09
1645685602
-8.001009E+01,-9.107604E-09
1645685608
-6.002321E+01,-8.807695E-09
1645685614
-4.001635E+01,-8.782005E-09
1645685620
-2.001555E+01,-8.401332E-09
1645685626
-5.585340E-03,+2.122127E-09
