1645780232
+1.354505E-03,+8.850420E-11
1645780241
-4.999822E+01,-7.501766E-11
1645780249
-9.999806E+01,-1.232026E-10
1645780257
-1.500028E+02,-2.274522E-10
1645780265
-1.999934E+02,-2.425102E-10
1645780273
-2.500062E+02,-1.043494E-10
1645780281
-2.999932E+02,-2.991112E-10
1645780289
-3.500007E+02,-2.635911E-10
1645780297
-4.000092E+02,-1.570312E-10
1645780305
-4.499960E+02,-3.056295E-10
1645780313
-4.999990E+02,-3.163550E-10
1645780321
-5.499902E+02,-3.563723E-10
1645780329
-5.999944E+02,-4.039383E-10
1645780337
-6.499796E+02,-4.366529E-10
1645780345
-6.999849E+02,-2.793087E-10
1645780353
-7.499740E+02,-4.648706E-10
1645780361
-7.999809E+02,-3.720901E-10
1645780369
-8.499819E+02,-3.631381E-10
1645780377
-8.999689E+02,-5.508442E-10
1645780385
-9.499734E+02,-4.713059E-10
1645780393
-9.999589E+02,-5.902011E-10
1645780401
-9.999609E+02,-5.353333E-10
1645780409
-9.499771E+02,-1.937063E-10
1645780417
-8.999751E+02,-1.440362E-10
1645780425
-8.499835E+02,-2.468005E-10
1645780433
-7.999828E+02,-1.885906E-10
1645780441
-7.499821E+02,-1.185730E-11
1645780450
-6.999911E+02,-1.575262E-10
1645780458
-6.499872E+02,+2.493874E-11
1645780466
-6.000022E+02,-6.024851E-11
1645780474
-5.499981E+02,+4.015980E-11
1645780482
-5.000088E+02,-5.356537E-11
1645780490
-4.500031E+02,-5.538057E-11
1645780498
-4.000174E+02,+1.208023E-10
1645780506
-3.500065E+02,+1.722512E-11
1645780514
-3.000005E+02,+8.949399E-11
1645780522
-2.500124E+02,+1.795826E-10
1645780530
-2.000000E+02,+9.712520E-11
1645780538
-1.500074E+02,+1.237723E-10
1645780546
-1.000008E+02,+1.258348E-10
1645780554
-5.000183E+01,+1.686927E-10
1645780562
+1.033499E-02,+1.665891E-10
