1645794471
+.885-2+.175-11645794477
-4990E0,2714E1
1645794483
-.937+1-.845-11645794489
-1501E0,4468E1
1645794495
1992E0,1818E1
1645794501
2504E0,6666E1
1645794507
-991E0,2677E1
1645794513
-.990+2-689E1
1645794520
4003+2-.434-01645794526
-.997+2-.594-01645794532
4997E0,2192E1
1645794538
5498E0,2725E1
1645794544
5992E0,2399E1
1645794550
-.973+2-.831-01645794556
-.980+2-.292-01645794562
-.971+2-.338-01645794568
7997E0,4995E1
1645794574
8497E0,224E1
1645794580
-8997E0,4526E1
1645794586
-.974+2-.342-01645794592
-.953+2-.338-01645794598
-.959+2-.198-01645794604
-.970+2-.804-01645794610
-998E0,1057E1
1645794616
-.988+2-.615-01645794622
7992E0,1892E1
1645794628
-499E0,4273E1
1645794634
-.986+2+.1761
1645794640
-.986+2+.838-11645794646
-.994+2+.487-11645794652
-.996+2-.317-11645794658
.003+2+.112-01645794664
-501E0,3835E1
1645794670
-.019+2-.558-11645794676
-505E0,4622E1
1645794682
2999E0,1597E1
1645794688
-.013+2+.188-11645794694
1997E0,8898E1
1645794700
-.005+2+.941-01645794706
1001E2+.517-01645794712
-.012+1-.590-21645794718
1085E0,2272E1
