1645756112
+7.931079E-03,+1.980204E-10
1645756118
-2.000065E+01,+8.363647E-11
1645756124
-4.000101E+01,-1.057106E-10
1645756130
-6.000703E+01,-3.644475E-11
1645756136
-7.999379E+01,-7.724520E-11
1645756143
-1.000013E+02,-1.309489E-11
1645756149
-1.200024E+02,-5.971214E-11
1645756155
-1.400071E+02,-7.551256E-11
1645756161
-1.600080E+02,-1.376003E-10
1645756167
-1.799954E+02,-8.145300E-11
1645756173
-1.999975E+02,-8.553731E-11
1645756179
-2.199998E+02,-1.816595E-10
1645756185
-2.400081E+02,-1.900342E-10
1645756191
-2.600088E+02,-3.149427E-11
1645756197
-2.800139E+02,-3.834247E-11
1645756203
-2.999977E+02,-5.455538E-11
1645756209
DCL
-2.999972E+02,-7.369734E-11
1645756215
-3.400024E+02,-2.779053E-10
1645756221
-3.600062E+02,-1.853725E-10
1645756227
-3.800080E+02,-9.576851E-11
1645756233
-4.000111E+02,-8.491833E-11
1645756239
-4.199931E+02,-1.048442E-10
1645756245
-4.399962E+02,-1.829387E-10
1645756251
-4.600000E+02,-1.583096E-10
1645756257
-4.800007E+02,-5.216266E-11
1645756263
-5.000027E+02,-2.590933E-10
1645756269
-5.199900E+02,-2.028640E-10
1645756275
-5.399931E+02,-2.410655E-10
1645756281
-5.599944E+02,-3.252651E-10
1645756287
-5.799979E+02,-3.280708E-10
1645756293
-5.999989E+02,-2.647046E-10
1645756299
-6.200019E+02,-1.607024E-10
1645756305
-6.399840E+02,-2.194071E-10
1645756311
-6.599874E+02,-1.609086E-10
1645756317
-6.799880E+02,-1.798030E-10
1645756323
-6.999899E+02,-1.722951E-10
1645756329
-7.199917E+02,-2.385902E-10
1645756335
-7.399951E+02,-3.574844E-10
1645756341
-7.599774E+02,-3.368575E-10
1645756347
-7.799803E+02,-3.014615E-10
1645756353
-7.999850E+02,-2.413540E-10
1645756359
-8.199869E+02,-4.590111E-10
1645756365
-8.399893E+02,-3.861563E-10
1645756371
-8.599709E+02,-2.676328E-10
1645756377
-8.799743E+02,-2.741924E-10
1645756383
-8.999756E+02,-3.660239E-10
1645756389
-9.199771E+02,-3.359090E-10
1645756395
-9.399783E+02,-4.594232E-10
1645756401
-9.599830E+02,-3.953144E-10
1645756408
-9.799670E+02,-4.321555E-10
1645756414
-9.999670E+02,-3.754712E-10
1645756420
-9.999658E+02,-3.095879E-10
1645756426
-9.799661E+02,-4.333507E-10
1645756432
-9.599860E+02,-3.995234E-10
1645756438
-9.399836E+02,-2.331449E-10
1645756444
-9.199810E+02,-3.832270E-10
1645756450
-8.999801E+02,-1.093408E-10
1645756456
-8.799791E+02,-2.960981E-10
1645756462
-8.599760E+02,-2.633430E-10
1645756468
-8.399953E+02,-1.976247E-10
1645756474
-8.199945E+02,-2.171379E-10
1645756480
-7.999933E+02,-2.030707E-10
1645756486
-7.799890E+02,-1.068659E-10
1645756492
-7.599889E+02,-2.394569E-10
1645756498
-7.400048E+02,-9.420047E-11
1645756504
-7.200010E+02,-1.244400E-10
1645756510
-6.999990E+02,-1.716348E-10
1645756516
-6.799985E+02,-1.831037E-10
1645756522
-6.599969E+02,-1.914366E-10
1645756528
-6.399940E+02,-9.415935E-11
1645756534
-6.200132E+02,-1.358993E-11
1645756540
-6.000078E+02,-1.315770E-10
1645756546
-5.800067E+02,-1.546790E-10
1645756552
-5.600048E+02,-1.266265E-10
1645756558
-5.400036E+02,+3.817970E-11
1645756564
-5.200005E+02,-1.020390E-10
1645756570
-5.000132E+02,-1.350421E-10
1645756576
-4.800096E+02,-1.783908E-11
1645756582
-4.600086E+02,-8.958017E-11
1645756588
-4.400065E+02,+5.884558E-11
1645756594
-4.200031E+02,-5.612292E-11
1645756600
-4.000191E+02,-5.736059E-11
1645756606
-3.800166E+02,+7.249917E-11
1645756612
-3.600145E+02,-1.408498E-11
1645756618
-3.400109E+02,+5.719558E-11
1645756624
DCL
-3.400096E+02,-1.151164E-10
1645756630
-3.000030E+02,+4.964702E-11
1645756636
-2.800196E+02,-1.524009E-11
1645756642
-2.600146E+02,+1.212556E-10
1645756648
-2.400146E+02,+1.370954E-10
1645756654
-2.200051E+02,-3.038043E-11
1645756660
-2.000029E+02,+1.315682E-10
1645756666
-1.800002E+02,+9.926990E-11
1645756673
-1.600131E+02,+1.685688E-10
1645756679
-1.400101E+02,+1.894410E-10
1645756685
-1.200055E+02,+1.264532E-10
1645756691
-1.000032E+02,+2.054868E-10
1645756697
-7.999613E+01,+9.646494E-11
1645756703
-6.000853E+01,+2.042081E-10
1645756709
-4.000139E+01,+1.295470E-10
1645756715
-2.000141E+01,+1.721574E-10
1645756721
+7.613605E-03,+2.180267E-10
