1645770875
+8.974301E-03,+1.149036E-10
1645770883
-5.000347E+01,-1.237800E-10
1645770891
-1.000000E+02,-5.125506E-11
1645770899
-1.500063E+02,-2.006780E-10
1645770907
-1.999984E+02,-1.318660E-10
1645770915
-2.500097E+02,-2.234091E-10
1645770923
1645770931
-3.500037E+02,-3.109918E-10
1645770939
-4.000121E+02,-1.168904E-10
1645770947
-4.500005E+02,-2.416435E-10
1645770955
-5.000037E+02,-2.165605E-10
1645770963
-5.499921E+02,-2.473777E-10
1645770971
-5.999989E+02,-2.267093E-10
1645770979
-6.499829E+02,-3.639210E-10
1645770987
-6.999875E+02,-2.975427E-10
1645770995
-7.499771E+02,-3.211812E-10
1645771003
-7.999810E+02,-3.298032E-10
1645771011
-8.499833E+02,-5.089707E-10
1645771019
-8.999739E+02,-3.390861E-10
1645771028
-9.499756E+02,-4.969237E-10
1645771036
-9.999632E+02,-3.816602E-10
1645771044
-9.999637E+02,-3.630547E-10
1645771052
-9.499785E+02,-2.851666E-10
1645771060
-8.999758E+02,-2.072787E-10
1645771068
-8.499868E+02,-1.732439E-10
1645771076
-7.999864E+02,-1.819487E-10
1645771084
-7.499827E+02,-1.327322E-10
1645771092
-6.999933E+02,-1.281942E-10
1645771100
-6.499896E+02,-5.496796E-11
1645771108
-6.000046E+02,+6.453801E-11
1645771116
-5.500002E+02,-4.725337E-11
1645771124
-5.000107E+02,+4.564592E-11
1645771132
-4.500063E+02,+2.522748E-11
1645771140
-4.000175E+02,+1.714152E-10
1645771148
-3.500089E+02,+1.673313E-10
1645771156
-3.000025E+02,+1.066124E-10
1645771164
-2.500137E+02,+1.163060E-10
1645771172
-2.000019E+02,+1.424167E-10
1645771180
-1.500097E+02,+2.211207E-10
1645771188
-1.000024E+02,+8.887521E-11
1645771196
-5.000304E+01,+2.972668E-10
1645771204
+7.432193E-03,+2.595238E-10
