1645769524
+7.704325E-03,+4.737837E-11
1645769532
-5.000404E+01,+1.091397E-11
1645769540
-1.000006E+02,-8.962160E-11
1645769548
-1.500081E+02,-2.101252E-10
1645769556
-1.999978E+02,-2.603313E-10
1645769564
-2.500092E+02,-1.421380E-10
1645769572
-2.999972E+02,-2.421795E-10
1645769580
-3.500026E+02,-2.485327E-10
1645769589
-4.000119E+02,-1.712637E-10
1645769597
-4.500013E+02,-2.247292E-10
1645769605
-5.000039E+02,-2.666436E-10
1645769613
-5.499938E+02,-1.439533E-10
1645769621
-5.999979E+02,-4.029888E-10
1645769629
-6.499827E+02,-4.128899E-10
1645769637
-6.999864E+02,-4.081042E-10
1645769645
-7.499761E+02,-2.552571E-10
1645769653
-7.999815E+02,-4.588048E-10
1645769661
-8.499817E+02,-4.680873E-10
1645769669
-8.999729E+02,-4.869414E-10
1645769677
-9.499775E+02,-4.575683E-10
1645769685
-9.999635E+02,-5.652412E-10
1645769693
-9.999637E+02,-4.137151E-10
1645769701
-9.499796E+02,-2.010904E-10
1645769709
-8.999763E+02,-2.116516E-10
1645769717
-8.499877E+02,-1.976663E-10
1645769725
-7.999875E+02,-1.749353E-10
1645769733
-7.499825E+02,-2.782268E-11
1645769741
-6.999942E+02,+2.489746E-11
1645769749
-6.499888E+02,-4.580947E-11
1645769757
-6.000057E+02,+6.264065E-11
1645769765
-5.500012E+02,+1.284333E-10
1645769773
-5.000091E+02,-3.693981E-11
1645769781
-4.500064E+02,+4.329469E-11
1645769790
-4.000170E+02,+5.653577E-11
1645769798
-3.500082E+02,+8.701897E-11
1645769806
-3.000029E+02,+3.860329E-12
1645769814
-2.500136E+02,+5.195708E-11
1645769822
-2.000012E+02,+1.368070E-10
1645769830
-1.500103E+02,+1.905547E-10
1645769838
-1.000023E+02,+1.168010E-10
1645769846
-5.000450E+01,+1.282269E-10
1645769854
+7.795029E-03,+1.502953E-10
