1645780996
+8.555814E-04,-3.075174E-11
1645781004
-4.999981E+01,-1.198197E-10
1645781012
-9.999737E+01,-2.378895E-10
1645781020
-1.500031E+02,-2.447375E-10
1645781028
1645781036
-2.500066E+02,-1.746469E-10
1645781044
-2.999954E+02,-2.222954E-10
1645781052
-3.500018E+02,-1.331037E-10
1645781060
-4.000088E+02,-3.113632E-10
1645781068
-4.499988E+02,-1.987391E-10
1645781076
-5.000011E+02,-1.898281E-10
1645781084
-5.499911E+02,-3.875598E-10
1645781092
-5.999954E+02,-3.773289E-10
1645781100
-6.499800E+02,-3.656952E-10
1645781108
-6.999860E+02,-3.552580E-10
1645781116
-7.499753E+02,-2.904059E-10
1645781125
-7.999805E+02,-3.255548E-10
1645781133
-8.499802E+02,-4.880966E-10
1645781141
-8.999703E+02,-4.061653E-10
1645781149
-9.499751E+02,-5.037734E-10
1645781157
-9.999606E+02,-6.086415E-10
1645781165
-9.999606E+02,-5.349202E-10
1645781173
-9.499766E+02,-2.306286E-10
1645781181
-8.999736E+02,-3.005133E-10
1645781189
-8.499850E+02,-2.310826E-10
1645781197
-7.999841E+02,-7.596642E-11
1645781205
-7.499797E+02,-2.181700E-10
1645781213
-6.999918E+02,-1.787307E-10
1645781221
-6.499883E+02,-1.594145E-11
1645781229
-6.000017E+02,-8.326849E-11
1645781237
-5.499973E+02,+8.871018E-11
1645781245
-5.000077E+02,-3.236066E-11
1645781253
-4.500039E+02,-1.198103E-11
1645781261
-4.000164E+02,-1.020712E-11
1645781269
-3.500060E+02,+3.393117E-11
1645781277
-3.000018E+02,+1.721989E-10
1645781285
-2.500112E+02,+5.055458E-11
1645781293
-1.999999E+02,+6.371313E-11
1645781301
-1.500077E+02,+1.928648E-10
1645781309
-1.000008E+02,+1.831713E-10
1645781317
-5.000256E+01,+2.141908E-10
1645781325
+9.065012E-03,+3.013095E-10
