1645759184
+8.384642E-03,+1.407253E-10
1645759190
-2.000081E+01,-1.998432E-11
1645759196
-4.000055E+01,+2.254623E-11
1645759202
-6.000788E+01,-1.928299E-11
1645759208
-7.999280E+01,-1.429217E-10
1645759214
-1.000000E+02,-1.326082E-10
1645759220
-1.200037E+02,+4.602811E-12
1645759226
-1.400071E+02,-1.489861E-10
1645759232
-1.600084E+02,+2.893990E-11
1645759238
-1.799959E+02,-2.551236E-11
1645759244
-1.999973E+02,-1.767088E-10
1645759250
-2.200002E+02,-1.323195E-10
1645759256
-2.400087E+02,-1.614037E-10
1645759262
-2.600095E+02,-8.883749E-11
1645759268
-2.800132E+02,-9.052895E-11
1645759274
-2.999978E+02,-1.017500E-10
1645759280
-3.200023E+02,-2.318244E-10
1645759286
-3.400026E+02,-2.039780E-10
1645759292
-3.600078E+02,-8.194799E-11
1645759298
-3.800085E+02,-3.359819E-11
1645759304
-4.000121E+02,-2.277815E-10
1645759310
-4.199933E+02,-2.340522E-10
1645759316
-4.399972E+02,-8.434084E-11
1645759322
-4.600014E+02,-2.183756E-10
1645759328
-4.800007E+02,-7.097454E-11
1645759334
-5.000038E+02,-2.330204E-10
1645759340
-5.199918E+02,-2.375586E-10
1645759347
-5.399932E+02,-2.536891E-10
1645759353
-5.599939E+02,-1.876826E-10
1645759359
-5.799987E+02,-2.058344E-10
1645759365
-5.999981E+02,-3.327735E-10
1645759371
-6.200020E+02,-2.214696E-10
1645759377
-6.399841E+02,-3.133839E-10
1645759383
-6.599868E+02,-1.889613E-10
1645759389
-6.799881E+02,-3.519980E-10
1645759395
-6.999884E+02,-2.532770E-10
1645759401
-7.199914E+02,-3.506367E-10
1645759407
-7.399968E+02,-2.854554E-10
1645759413
-7.599797E+02,-1.806282E-10
1645759419
-7.799799E+02,-3.021630E-10
1645759425
-7.999848E+02,-3.798441E-10
1645759431
-8.199875E+02,-4.150749E-10
1645759437
-8.399905E+02,-2.430457E-10
1645759443
-8.599713E+02,-3.983257E-10
1645759449
-8.799756E+02,-2.917669E-10
1645759455
-8.999772E+02,-2.748932E-10
1645759461
-9.199785E+02,-4.776590E-10
1645759467
-9.399792E+02,-4.479140E-10
1645759473
-9.599836E+02,-3.720891E-10
1645759479
-9.799659E+02,-3.761308E-10
1645759485
-9.999680E+02,-5.423860E-10
1645759491
-9.999676E+02,-4.752652E-10
1645759497
-9.799681E+02,-2.654879E-10
1645759503
-9.599850E+02,-3.666845E-10
1645759509
-9.399824E+02,-2.208922E-10
1645759515
-9.199814E+02,-2.133840E-10
1645759521
-9.199838E+02,-2.302985E-10
1645759527
-8.799801E+02,-2.770803E-10
1645759533
-8.599771E+02,-2.763789E-10
1645759539
-8.399950E+02,-2.949432E-10
1645759545
-8.199957E+02,-1.823194E-10
1645759551
-7.999932E+02,-1.003887E-10
1645759557
-7.799874E+02,-2.447371E-10
1645759563
-7.599858E+02,-2.641677E-10
1645759569
-7.400044E+02,-2.015027E-10
1645759575
-7.200000E+02,-1.192420E-10
1645759581
-6.999988E+02,-6.524006E-11
1645759587
-6.799985E+02,-5.826807E-11
1645759593
-6.599958E+02,-1.852075E-10
1645759599
-6.399935E+02,-4.374669E-11
1645759606
-6.200107E+02,+2.341247E-11
1645759612
-6.000087E+02,-3.285563E-11
1645759618
-5.800071E+02,-1.387549E-10
1645759624
-5.800085E+02,-1.296379E-10
1645759630
-5.400037E+02,-5.913450E-11
1645759636
-5.199996E+02,-3.434082E-11
1645759642
-5.000132E+02,+1.714259E-11
1645759648
-4.800087E+02,-1.131773E-10
1645759654
-4.600090E+02,+6.379549E-11
1645759660
-4.400066E+02,+4.535708E-11
1645759666
-4.200034E+02,-2.567740E-11
1645759672
-4.000194E+02,+9.526867E-11
1645759678
-3.800159E+02,-3.710479E-11
1645759684
-3.600144E+02,+8.582257E-11
1645759690
-3.400094E+02,-6.668394E-11
1645759696
-3.200094E+02,+5.587563E-11
1645759702
-3.000032E+02,-1.420873E-11
1645759708
-2.800194E+02,-4.407674E-11
1645759714
-2.600136E+02,-2.868895E-11
1645759720
-2.400126E+02,+1.117684E-10
1645759726
-2.200044E+02,+2.581598E-12
1645759732
-2.000017E+02,+3.306479E-11
1645759738
-1.799995E+02,-1.957178E-11
1645759744
-1.600135E+02,+1.691046E-10
1645759750
-1.400094E+02,+2.667117E-11
1645759756
-1.200056E+02,+6.998285E-11
1645759762
-1.000021E+02,+1.274008E-09
1645759766
-7.999445E+01,+3.236357E-11
1645759772
-6.000887E+01,+7.497406E-11
1645759778
-4.000190E+01,+5.509192E-11
1645759784
-2.000177E+01,+1.635362E-10
1645759790
+9.246413E-03,+7.650031E-11
