1645784413
+1.173090E-03,+9.910557E-11
1645784421
-4.999969E+01,-3.528980E-11
1645784429
-9.999832E+01,-9.490235E-11
1645784437
-1.500042E+02,-2.316099E-11
1645784445
-1.999943E+02,-2.305469E-10
1645784453
-2.500062E+02,-2.292267E-10
1645784461
-2.999956E+02,-1.750593E-10
1645784469
-3.500001E+02,-2.300101E-10
1645784477
-4.000097E+02,-2.647052E-10
1645784485
-4.499968E+02,-2.928820E-10
1645784493
-5.000016E+02,-2.692842E-10
1645784501
-5.499894E+02,-3.176345E-10
1645784509
-5.999944E+02,-3.567437E-10
1645784517
-6.499815E+02,-1.171797E-10
1645784525
-6.999857E+02,-1.232438E-10
1645784533
-7.499724E+02,-3.890461E-10
1645784541
-7.999805E+02,-2.309181E-10
1645784550
-8.499822E+02,-3.244005E-10
1645784558
-8.999715E+02,-4.982461E-10
1645784566
-9.499749E+02,-3.906552E-10
1645784574
-9.999618E+02,-2.395398E-10
1645784582
-9.999598E+02,-3.620650E-10
1645784590
-9.499757E+02,-1.818665E-10
1645784598
-8.999747E+02,-6.392039E-11
1645784606
-8.499854E+02,-7.823557E-11
1645784614
-7.999846E+02,-8.174218E-11
1645784622
-7.499796E+02,-1.718003E-10
1645784630
-6.999926E+02,-1.719657E-10
1645784638
-6.499875E+02,-1.503387E-11
1645784646
-6.000019E+02,-1.023693E-10
1645784654
-5.499974E+02,+1.301772E-11
1645784662
-5.000066E+02,-1.940685E-11
1645784670
-4.500040E+02,+1.184513E-10
1645784678
-4.000157E+02,+7.299444E-11
1645784686
-3.500072E+02,+1.552045E-10
1645784694
-3.000008E+02,+1.706318E-10
1645784702
-2.500115E+02,+1.491409E-10
1645784710
-1.999988E+02,+1.575971E-10
1645784718
-1.500083E+02,+1.667544E-10
1645784726
-1.000004E+02,+1.239374E-10
1645784734
-5.000251E+01,+2.373733E-10
1645784742
+9.790723E-03,+2.980924E-10
