1645761295
-5.131732E-03,-4.972859E-11
1645761301
-2.000167E+01,-3.227806E-11
1645761307
-4.000367E+01,+6.742538E-11
1645761313
-6.000976E+01,-4.712960E-11
1645761319
-7.999524E+01,-1.538128E-10
1645761325
-1.000021E+02,+5.690690E-11
1645761331
-1.200032E+02,-6.617967E-12
1645761337
-1.400082E+02,+3.182730E-11
1645761343
-1.600109E+02,-8.061866E-12
1645761349
-1.799957E+02,-1.359499E-10
1645761355
-1.999981E+02,-1.664368E-10
1645761361
-2.200014E+02,-1.802980E-10
1645761367
-2.400094E+02,-1.625998E-10
1645761373
-2.600096E+02,+1.953505E-11
1645761380
DCL
-2.600093E+02,-9.824353E-11
1645761386
-2.999982E+02,-5.698927E-11
1645761392
-3.200021E+02,-4.457177E-11
1645761398
-3.400028E+02,-1.765439E-10
1645761404
-3.600076E+02,-1.430869E-10
1645761410
-3.800085E+02,-1.633837E-10
1645761416
-4.000129E+02,-8.174186E-11
1645761422
-4.199950E+02,-1.680869E-10
1645761428
-4.399978E+02,-1.692005E-10
1645761434
-4.600000E+02,-2.044316E-10
1645761440
-4.800012E+02,-2.681694E-10
1645761446
-5.000048E+02,-8.182430E-11
1645761452
-5.199904E+02,-2.842171E-10
1645761458
-5.399941E+02,-1.339283E-10
1645761464
-5.599955E+02,-1.325670E-10
1645761470
-5.599947E+02,-1.558754E-10
1645761476
-5.999990E+02,-2.295141E-10
1645761482
-6.200007E+02,-2.697369E-10
1645761488
-6.399841E+02,-2.136314E-10
1645761494
-6.599878E+02,-1.925916E-10
1645761500
-6.799885E+02,-1.825257E-10
1645761506
-6.999902E+02,-2.418908E-10
1645761512
-7.199915E+02,-3.457271E-10
1645761518
-7.399951E+02,-3.414778E-10
1645761524
-7.599791E+02,-3.515854E-10
1645761530
-7.799810E+02,-2.946130E-10
1645761536
-7.999849E+02,-3.523284E-10
1645761542
-8.199892E+02,-4.430462E-10
1645761548
-8.399899E+02,-4.635086E-10
1645761554
-8.599713E+02,-4.480373E-10
1645761560
-8.799748E+02,-3.828148E-10
1645761566
-8.999774E+02,-2.371053E-10
1645761572
-9.199778E+02,-5.310000E-10
1645761578
-9.399780E+02,-3.111146E-10
1645761584
-9.599832E+02,-4.239041E-10
1645761590
-9.799670E+02,-2.681696E-10
1645761596
-9.999681E+02,-5.778238E-10
1645761602
-9.999683E+02,-4.450262E-10
1645761608
-9.799687E+02,-2.922624E-10
1645761614
-9.599857E+02,-2.380950E-10
1645761620
-9.399817E+02,-3.297201E-10
1645761626
-9.199807E+02,-1.160241E-10
1645761632
-8.999790E+02,-3.012144E-10
1645761638
-8.799791E+02,-4.317005E-10
1645761644
-8.599764E+02,-3.154469E-10
1645761650
-8.399958E+02,-3.142507E-10
1645761656
-8.199943E+02,-1.962224E-10
1645761662
-7.999902E+02,-2.978311E-10
1645761668
-7.799878E+02,-1.592170E-10
1645761674
-7.599872E+02,-6.565265E-11
1645761680
-7.400045E+02,-2.121050E-10
1645761686
-7.199991E+02,-1.690356E-10
1645761692
-6.999991E+02,-1.083920E-10
1645761698
-6.799976E+02,-1.332268E-10
1645761705
-6.799986E+02,-2.212635E-10
1645761711
-6.399931E+02,+1.524511E-11
1645761717
-6.200104E+02,-2.003475E-10
1645761723
-6.000083E+02,+2.395751E-14
1645761729
-5.800079E+02,-5.179136E-11
1645761735
-5.600039E+02,+3.937595E-11
1645761741
-5.400030E+02,+6.763174E-11
1645761747
-5.199984E+02,+4.634712E-11
1645761753
-5.000125E+02,-1.144562E-10
1645761759
-4.800086E+02,-1.383743E-11
1645761765
-4.600088E+02,+8.017132E-11
1645761771
-4.400064E+02,+3.949966E-11
1645761777
-4.200038E+02,+3.974715E-11
1645761783
-4.000195E+02,-5.187379E-11
1645761789
-3.800158E+02,+3.698346E-11
1645761795
-3.600128E+02,-8.681617E-11
1645761801
-3.400092E+02,-3.599095E-11
1645761807
-3.200081E+02,-4.271538E-11
1645761813
-3.000031E+02,+3.952445E-13
1645761819
-2.800183E+02,+1.175433E-10
1645761825
-2.600142E+02,+9.353612E-11
1645761831
-2.400127E+02,-5.888700E-11
1645761837
-2.200050E+02,+1.013736E-10
1645761843
-2.000016E+02,-1.986056E-11
1645761849
-1.799982E+02,-4.514010E-12
1645761855
-1.600124E+02,+9.040136E-11
1645761861
-1.400108E+02,+9.741367E-11
1645761867
-1.200043E+02,-1.956244E-12
1645761873
-1.000031E+02,+1.710848E-10
1645761879
-7.999550E+01,+1.861821E-10
1645761885
-6.000882E+01,+4.230464E-11
1645761891
-4.000232E+01,+2.670308E-10
1645761897
-2.000063E+01,+9.593973E-12
1645761903
+8.928916E-03,+1.955044E-10
