1645686247
-4.542034E-03,+2.496972E-09
1645686253
-2.001530E+01,-8.491626E-09
1645686259
-4.001591E+01,-9.052919E-09
1645686265
-6.002260E+01,-9.189204E-09
1645686271
-8.000790E+01,-9.482074E-09
1645686277
-1.000149E+02,-9.566575E-09
1645686283
-1.200171E+02,-9.868554E-09
1645686289
-1.400213E+02,-1.005703E-08
1645686295
-1.600245E+02,-9.977502E-09
1645686301
-1.800106E+02,-1.026498E-08
1645686307
DCL
-1.800096E+02,-9.990351E-09
1645686313
-2.200140E+02,-1.036524E-08
1645686319
-2.400231E+02,-1.048371E-08
1645686325
-2.600237E+02,-1.075047E-08
1645686331
-2.800300E+02,-1.073142E-08
1645686337
-3.000130E+02,-1.092860E-08
1645686343
-3.200176E+02,-1.086189E-08
1645686349
-3.400191E+02,-1.109635E-08
1645686355
-3.600230E+02,-1.105660E-08
1645686361
-3.800240E+02,-1.107026E-08
1645686367
-4.000281E+02,-1.122269E-08
1645686373
-4.200097E+02,-1.152219E-08
1645686379
-4.400133E+02,-1.138011E-08
1645686385
-4.600168E+02,-1.151432E-08
1645686391
-4.800160E+02,-1.177488E-08
1645686397
-5.000182E+02,-1.174380E-08
1645686403
-5.200073E+02,-1.173594E-08
1645686409
-5.400099E+02,-1.178896E-08
1645686415
-5.600101E+02,-1.180511E-08
1645686421
-5.800136E+02,-1.182335E-08
1645686427
-6.000143E+02,-1.192732E-08
1645686433
-6.200167E+02,-1.197535E-08
1645686439
-6.400002E+02,-1.215763E-08
1645686445
-6.600031E+02,-1.235356E-08
1645686451
-6.800045E+02,-1.238712E-08
1645686457
-7.000048E+02,-1.258926E-08
1645686463
-7.200073E+02,-1.247907E-08
1645686469
-7.400112E+02,-1.245962E-08
1645686475
-7.599952E+02,-1.261577E-08
1645686481
-7.799974E+02,-1.270027E-08
1645686488
-8.000007E+02,-1.287466E-08
1645686494
-8.200041E+02,-1.301635E-08
1645686500
-8.400067E+02,-1.290988E-08
1645686506
-8.599881E+02,-1.308718E-08
1645686512
-8.799924E+02,-1.300599E-08
1645686518
-8.999935E+02,-1.316961E-08
1645686524
-9.199952E+02,-1.335435E-08
1645686530
-9.399963E+02,-1.332701E-08
1645686536
-9.599999E+02,-1.343969E-08
1645686542
-9.799827E+02,-1.351798E-08
1645686548
-9.999843E+02,-1.355112E-08
1645686554
-9.999841E+02,-1.375161E-08
1645686560
-9.799838E+02,-1.338294E-08
1645686566
-9.600032E+02,-1.316422E-08
1645686572
-9.399976E+02,-1.329014E-08
1645686578
-9.199975E+02,-1.311244E-08
1645686584
-8.999974E+02,-1.298610E-08
1645686590
-8.799954E+02,-1.298900E-08
1645686596
-8.599935E+02,-1.296332E-08
1645686602
-8.400120E+02,-1.288006E-08
1645686608
-8.200113E+02,-1.254080E-08
1645686614
-8.000080E+02,-1.272927E-08
1645686620
-7.800050E+02,-1.265265E-08
1645686626
-7.600032E+02,-1.235813E-08
1645686632
-7.400212E+02,-1.234030E-08
1645686638
-7.200164E+02,-1.237924E-08
1645686644
-7.000165E+02,-1.228855E-08
1645686650
-6.800141E+02,-1.201016E-08
1645686656
-6.600119E+02,-1.212076E-08
1645686662
-6.400084E+02,-1.199526E-08
1645686668
-6.200259E+02,-1.191613E-08
1645686674
-6.000225E+02,-1.173055E-08
1645686680
-5.800223E+02,-1.176991E-08
1645686686
-5.600182E+02,-1.171190E-08
1645686692
-5.400178E+02,-1.147083E-08
1645686698
-5.200151E+02,-1.141490E-08
1645686704
-5.000280E+02,-1.130554E-08
1645686710
-4.800254E+02,-1.128317E-08
1645686716
-4.600247E+02,-1.120198E-08
1645686722
-4.400223E+02,-1.124507E-08
1645686728
-4.200190E+02,-1.102884E-08
1645686734
-4.000352E+02,-1.091616E-08
1645686740
-3.800320E+02,-1.080639E-08
1645686746
-3.600291E+02,-1.085652E-08
1645686753
-3.400258E+02,-1.078733E-08
1645686759
-3.200238E+02,-1.061335E-08
1645686765
-3.000179E+02,-1.036026E-08
1645686771
-2.800342E+02,-1.049944E-08
1645686777
-2.600302E+02,-1.047956E-08
1645686783
-2.400294E+02,-1.031054E-08
1645686789
-2.200200E+02,-1.017302E-08
1645686795
-2.000172E+02,-9.876426E-09
1645686801
-1.800155E+02,-9.841630E-09
1645686807
-1.600264E+02,-9.825476E-09
1645686813
-1.400239E+02,-9.476686E-09
1645686819
-1.200192E+02,-9.272054E-09
1645686825
-1.000171E+02,-9.031383E-09
1645686831
-8.001055E+01,-8.943561E-09
1645686837
-6.002308E+01,-8.737276E-09
1645686843
-4.001627E+01,-8.482514E-09
1645686849
-2.001640E+01,-8.282855E-09
1645686855
-5.902875E-03,+1.341791E-09
