1645757955
+9.110339E-03,+5.892808E-11
1645757961
-2.000086E+01,-6.858174E-11
1645757967
-4.000171E+01,-9.824350E-11
1645757973
-6.000863E+01,-1.706033E-10
1645757979
-7.999384E+01,-3.586720E-11
1645757985
-1.000010E+02,-1.040602E-10
1645757991
-1.200030E+02,-1.488211E-10
1645757997
-1.400069E+02,-1.603724E-10
1645758003
-1.600106E+02,-4.387045E-11
1645758009
-1.799971E+02,-5.554546E-11
1645758016
-1.999963E+02,-1.194896E-10
1645758022
-2.200009E+02,-4.283910E-11
1645758028
-2.400076E+02,-7.649326E-12
1645758034
-2.600087E+02,-1.085571E-10
1645758040
-2.800144E+02,-7.844145E-11
1645758046
-2.999957E+02,-1.443657E-10
1645758052
-3.200024E+02,-4.720273E-12
1645758058
-3.400036E+02,-2.253475E-10
1645758064
-3.600080E+02,-7.873016E-11
1645758070
-3.800074E+02,-2.175916E-10
1645758076
-4.000125E+02,-1.962634E-10
1645758082
-4.199937E+02,-1.097946E-10
1645758088
-4.399963E+02,-1.024926E-10
1645758094
-4.600009E+02,-1.882191E-10
1645758100
-4.800010E+02,-1.663128E-10
1645758106
-5.000038E+02,-2.600010E-10
1645758112
-5.199915E+02,-1.225834E-10
1645758118
-5.399945E+02,-9.217911E-11
1645758124
-5.599943E+02,-3.268736E-10
1645758130
-5.799981E+02,-2.319893E-10
1645758136
-5.999995E+02,-2.483675E-10
1645758142
-6.200022E+02,-2.409001E-10
1645758148
-6.399843E+02,-3.644157E-10
1645758154
-6.599873E+02,-2.464283E-10
1645758160
-6.799882E+02,-2.892497E-10
1645758166
-6.999904E+02,-3.674271E-10
1645758172
-7.199928E+02,-3.527409E-10
1645758178
-7.399971E+02,-2.061643E-10
1645758184
-7.599788E+02,-3.416842E-10
1645758190
-7.799811E+02,-4.423860E-10
1645758196
-7.999844E+02,-2.950669E-10
1645758202
-8.199885E+02,-4.074850E-10
1645758208
-8.399905E+02,-2.646214E-10
1645758214
-8.599719E+02,-2.607435E-10
1645758220
-8.799743E+02,-5.039369E-10
1645758226
-8.999768E+02,-3.256780E-10
1645758232
-9.199777E+02,-3.678395E-10
1645758238
-9.399788E+02,-4.994821E-10
1645758244
-9.599846E+02,-4.385904E-10
1645758250
-9.799666E+02,-1.150143E-09
1645758256
-9.999666E+02,-3.824847E-10
1645758262
-9.999682E+02,-4.846303E-10
1645758268
-9.799688E+02,-2.897868E-10
1645758274
-9.599846E+02,-3.535652E-10
1645758281
-9.399824E+02,-2.193249E-10
1645758287
-9.199799E+02,-2.670961E-10
1645758293
-8.999806E+02,-1.419315E-10
1645758299
-8.799799E+02,-2.060815E-10
1645758305
-8.599761E+02,-3.307107E-10
1645758311
-8.399949E+02,-2.959336E-10
1645758317
-8.199951E+02,-1.507186E-10
1645758323
-7.999927E+02,-1.476659E-10
1645758329
-7.799879E+02,-2.829385E-10
1645758335
-7.599864E+02,-6.759168E-11
1645758341
-7.400028E+02,-2.691594E-10
1645758347
-7.199993E+02,-3.252557E-11
1645758353
-6.999985E+02,-1.659826E-10
1645758359
-6.999990E+02,-2.892915E-10
1645758365
-6.599974E+02,+9.841474E-12
1645758371
-6.399925E+02,-1.083920E-10
1645758377
-6.200095E+02,-1.666018E-10
1645758383
-6.000086E+02,-4.312788E-11
1645758389
-5.800068E+02,-1.940358E-10
1645758395
-5.600046E+02,-1.259982E-11
1645758401
-5.400038E+02,-2.864772E-11
1645758407
-5.199995E+02,-1.359497E-10
1645758413
-5.000133E+02,-5.352389E-11
1645758419
-4.800087E+02,-9.539693E-11
1645758425
-4.600101E+02,+7.080786E-11
1645758431
-4.400062E+02,-4.498436E-11
1645758437
-4.200025E+02,-6.742664E-11
1645758443
-4.000185E+02,+3.186858E-11
1645758449
-3.800148E+02,+4.671832E-11
1645758455
-3.600137E+02,-6.024842E-11
1645758461
-3.400098E+02,-9.890349E-11
1645758467
-3.200080E+02,+1.049210E-10
1645758473
-3.000039E+02,+8.281144E-11
1645758479
-2.800192E+02,+8.194529E-11
1645758485
-2.600135E+02,-3.219555E-11
1645758491
-2.400135E+02,-4.316915E-11
1645758497
-2.200042E+02,+5.517442E-11
1645758503
-2.000020E+02,+1.259993E-10
1645758509
-2.000014E+02,+1.090460E-10
1645758515
-1.600128E+02,+1.343729E-10
1645758521
-1.400101E+02,+2.349498E-11
1645758527
-1.200047E+02,+3.970599E-11
1645758533
-1.000037E+02,-3.441393E-12
1645758539
-1.000028E+02,+1.994754E-11
1645758546
-6.000948E+01,+2.241313E-10
1645758552
-4.000362E+01,+1.374667E-10
1645758558
-2.000298E+01,+1.885332E-10
1645758564
+8.475354E-03,+2.230588E-10
