1645761909
+8.792857E-03,-2.782263E-11
1645761915
-1.999935E+01,-1.052154E-10
1645761921
-4.000062E+01,-4.307732E-12
1645761927
-6.000673E+01,-1.248938E-10
1645761933
-7.999341E+01,-7.675009E-11
1645761939
-9.999941E+01,-1.515026E-10
1645761945
-1.200024E+02,-3.306187E-11
1645761951
-1.400061E+02,+1.019923E-10
1645761957
-1.600087E+02,-1.554218E-10
1645761964
-1.799952E+02,-1.214283E-10
1645761970
-1.999991E+02,-5.274007E-11
1645761976
-2.199989E+02,-1.492749E-10
1645761982
-2.400077E+02,-1.997700E-10
1645761988
-2.600069E+02,-1.877652E-10
1645761994
-2.800144E+02,-3.632096E-11
1645762000
-2.999973E+02,-2.050091E-10
1645762006
-3.200029E+02,-7.934908E-11
1645762012
-3.400021E+02,-2.637964E-10
1645762018
-3.600063E+02,-6.920056E-11
1645762024
-3.800070E+02,-2.210983E-10
1645762030
-4.000112E+02,-2.361973E-10
1645762036
-4.199942E+02,-1.618573E-10
1645762042
-4.399970E+02,-1.958919E-10
1645762048
-4.600004E+02,-2.096297E-10
1645762054
-4.800002E+02,-1.784417E-10
1645762060
-5.000048E+02,-3.085983E-10
1645762066
-5.199907E+02,-1.377651E-10
1645762072
-5.399940E+02,-2.821543E-10
1645762078
-5.599960E+02,-1.722947E-10
1645762084
-5.799984E+02,-1.842170E-10
1645762090
-5.999987E+02,-6.837636E-10
1645762096
-6.200020E+02,-1.287715E-10
1645762102
-6.399845E+02,-1.555869E-10
1645762108
-6.599869E+02,-3.460162E-10
1645762114
-6.799896E+02,-3.163132E-10
1645762120
-6.999890E+02,-3.958926E-10
1645762126
-7.199916E+02,-2.241512E-10
