1641531623
-1.000124E+01,-6.536703E-10
1641531625
-1.000121E+01,-6.191130E-10
1641531629
-1.000120E+01,-6.739991E-10
1641531633
-1.000125E+01,-6.496055E-10
1641531637
-1.000129E+01,-6.902618E-10
1641531641
-1.000127E+01,-5.688014E-10
1641531645
-1.000123E+01,-6.821311E-10
1641531649
-1.000133E+01,-5.672772E-10
1641531653
-1.000126E+01,-6.511309E-10
1641531657
-1.000140E+01,-5.982780E-10
1641531661
-1.000138E+01,-6.216560E-10
1641531665
-1.000132E+01,-6.790830E-10
1641531669
-1.000123E+01,-6.384266E-10
1641531673
-1.000135E+01,-5.494915E-10
