1645778324
+3.350173E-03,-2.386233E-11
1645778332
-4.999939E+01,+9.717754E-12
1645778340
-9.999688E+01,-1.750596E-10
1645778348
-1.500025E+02,-2.210169E-10
1645778356
1645778364
-2.500063E+02,-2.601671E-10
1645778372
-2.999948E+02,-1.301335E-10
1645778380
-3.499992E+02,-2.420565E-10
1645778388
-4.000093E+02,-2.276175E-10
1645778396
-4.499968E+02,-1.460989E-10
1645778404
-5.000003E+02,-3.225031E-10
1645778412
-5.499905E+02,-2.814540E-10
1645778420
-5.999961E+02,-3.145820E-10
1645778428
-6.499800E+02,-3.748122E-10
1645778436
-6.999851E+02,-3.956881E-10
1645778444
-7.499742E+02,-3.194499E-10
1645778453
-7.999790E+02,-4.449862E-10
1645778461
-8.499817E+02,-4.197388E-10
1645778469
-8.999706E+02,-4.232451E-10
1645778477
-9.499762E+02,-4.265873E-10
1645778485
-9.999632E+02,-4.636751E-10
1645778493
1645778501
-9.499764E+02,-3.604566E-10
1645778509
-8.999742E+02,-2.449446E-10
1645778517
-8.499848E+02,-1.886321E-10
1645778525
-7.999836E+02,-4.890361E-11
1645778533
-7.499799E+02,-1.415609E-10
1645778541
-6.999927E+02,-1.218734E-11
1645778549
-6.499877E+02,+1.112024E-11
1645778557
-6.000018E+02,-1.667480E-12
1645778565
-5.499974E+02,-2.708016E-11
1645778573
-5.000086E+02,+4.436725E-11
1645778581
-4.500050E+02,+1.475732E-10
1645778589
-4.000161E+02,+1.471197E-10
1645778597
-3.500052E+02,+4.642975E-11
1645778605
-3.000000E+02,+2.217509E-11
1645778613
-2.500128E+02,+1.945564E-10
1645778621
-1.999997E+02,+6.767321E-11
1645778629
-1.500077E+02,+2.434784E-10
1645778637
-1.000014E+02,+2.803966E-10
1645778645
-5.000291E+01,+1.102838E-10
1645778654
+9.382532E-03,+3.401259E-10
