1641734202
-1.999903E+02,-3.960375E-09
1641734204
-1.999904E+02,-2.811372E-07
1641734208
-1.999904E+02,-3.896853E-09
1641734212
-1.999904E+02,-3.977317E-09
1641734216
-1.999905E+02,-3.987056E-09
1641734220
-1.999904E+02,-3.981973E-09
1641734224
-1.999906E+02,-2.808958E-07
1641734228
-1.999905E+02,-3.971388E-09
1641734232
-1.999904E+02,-3.998913E-09
1641734236
-1.999905E+02,-3.997219E-09
1641734240
-1.999904E+02,-4.012040E-09
1641734244
-1.999905E+02,-3.917180E-09
1641734248
-1.999905E+02,-4.006959E-09
1641734252
-1.999906E+02,-4.017970E-09
1641734256
-1.999905E+02,-4.015429E-09
1641734260
-1.999905E+02,-2.986842E-07
1641734264
-1.999906E+02,-3.974351E-09
1641734268
-1.999905E+02,-4.032792E-09
1641734272
-1.999905E+02,-4.043379E-09
1641734276
-1.999907E+02,-4.053545E-09
1641734280
-1.999907E+02,-2.496986E-07
1641734284
-1.999904E+02,-4.047612E-09
1641734288
-1.999903E+02,-4.076833E-09
1641734292
-1.999905E+02,-4.081069E-09
1641734296
-1.999906E+02,-6.278545E-09
1641734300
-1.999906E+02,-4.005688E-09
1641734304
-1.999905E+02,-4.090808E-09
1641734308
-1.999905E+02,-4.101396E-09
1641734312
-1.999906E+02,-4.108594E-09
1641734316
-1.999908E+02,-2.711470E-07
1641734320
-1.999906E+02,-4.082763E-09
1641734324
-1.999906E+02,-4.105631E-09
1641734328
-1.999905E+02,-4.112406E-09
1641734332
-1.999906E+02,-4.102243E-09
1641734336
-1.999905E+02,-2.074501E-07
1641734340
-1.999906E+02,-4.122993E-09
1641734344
-1.999906E+02,-4.138236E-09
1641734348
-1.999905E+02,-4.116638E-09
1641734352
-1.999905E+02,-3.094453E-08
1641734356
-1.999907E+02,-4.081914E-09
1641734360
-1.999906E+02,-4.162799E-09
1641734364
-1.999906E+02,-4.160257E-09
1641734368
-1.999907E+02,-4.164493E-09
1641734372
-1.999904E+02,-3.741306E-07
1641734376
-1.999907E+02,-4.144587E-09
1641734380
-1.999906E+02,-4.185665E-09
1641734384
-1.999906E+02,-4.196254E-09
1641734388
-1.999905E+02,-4.205992E-09
1641734392
-1.999907E+02,-2.003645E-07
1641734396
-1.999907E+02,-4.215733E-09
1641734400
-1.999907E+02,-4.212770E-09
1641734404
-1.999907E+02,-4.217851E-09
1641734408
-1.999905E+02,-3.892553E-08
1641734412
-1.999906E+02,-4.183127E-09
1641734416
-1.999905E+02,-4.257658E-09
1641734420
-1.999906E+02,-4.255963E-09
1641734424
-1.999908E+02,-4.239448E-09
1641734428
-1.999909E+02,-3.138564E-07
1641734432
-1.999906E+02,-4.244954E-09
1641734436
-1.999907E+02,-4.277139E-09
1641734440
-1.999906E+02,-4.286455E-09
1641734444
-1.999906E+02,-4.287302E-09
1641734448
-1.999907E+02,-2.199153E-07
1641734452
-1.999907E+02,-4.280106E-09
1641734456
-1.999905E+02,-4.296618E-09
1641734460
-1.999905E+02,-4.301701E-09
1641734464
-1.999906E+02,-1.206252E-08
1641734468
-1.999906E+02,-4.264432E-09
1641734472
-1.999906E+02,-4.324568E-09
1641734477
-1.999906E+02,-4.329226E-09
1641734481
-1.999907E+02,-4.333884E-09
1641734485
-1.999906E+02,-4.593615E-07
1641734489
-1.999906E+02,-4.327533E-09
1641734493
-1.999907E+02,-4.356753E-09
1641734497
-1.999906E+02,-4.369882E-09
1641734501
-1.999906E+02,-4.358023E-09
1641734505
-1.999907E+02,-2.969394E-08
1641734509
-1.999906E+02,-4.390207E-09
1641734513
-1.999906E+02,-4.379197E-09
1641734517
-1.999906E+02,-4.374962E-09
1641734521
-1.999905E+02,-4.346147E-08
1641734525
-1.999906E+02,-4.360139E-09
1641734529
-1.999906E+02,-4.414348E-09
1641734533
-1.999906E+02,-4.413499E-09
1641734537
-1.999906E+02,-4.415614E-09
1641734541
-1.999904E+02,-4.044391E-07
1641734545
-1.999905E+02,-4.400794E-09
1641734549
-1.999903E+02,-4.437213E-09
1641734553
-1.999907E+02,-4.438061E-09
1641734557
-1.999907E+02,-4.443567E-09
1641734561
-1.999906E+02,-1.678884E-07
1641734565
-1.999906E+02,-4.443143E-09
1641734569
-1.999906E+02,-4.462199E-09
1641734573
-1.999905E+02,-4.468551E-09
1641734577
-1.999904E+02,-1.611653E-08
1641734581
-1.999906E+02,-4.415616E-09
1641734585
-1.999906E+02,-4.479138E-09
1641734589
-1.999906E+02,-4.473209E-09
1641734593
-1.999907E+02,-4.476175E-09
1641734597
-1.999906E+02,-3.482986E-07
1641734601
-1.999906E+02,-4.488031E-09
1641734605
-1.999906E+02,-4.493113E-09
1641734609
-1.999908E+02,-4.490996E-09
1641734613
-1.999906E+02,-4.495230E-09
1641734617
-1.999908E+02,-4.733172E-08
1641734621
-1.999906E+02,-4.510476E-09
1641734625
-1.999905E+02,-4.510476E-09
1641734629
-1.999905E+02,-4.505393E-09
1641734633
-1.999906E+02,-3.557996E-08
1641734637
-1.999907E+02,-4.478717E-09
1641734641
-1.999906E+02,-4.535885E-09
1641734645
-1.999906E+02,-4.559598E-09
1641734649
-1.999906E+02,-4.540543E-09
1641734653
-1.999908E+02,-3.234950E-07
1641734657
-1.999906E+02,-4.538424E-09
1641734661
-1.999907E+02,-4.551553E-09
1641734665
-1.999906E+02,-4.554094E-09
1641734669
-1.999907E+02,-4.557057E-09
1641734673
-1.999907E+02,-5.561143E-09
1641734677
-1.999906E+02,-4.565526E-09
1641734681
-1.999906E+02,-4.578231E-09
1641734685
-1.999906E+02,-4.581195E-09
1641734689
-1.999906E+02,-8.694577E-08
1641734693
-1.999906E+02,-4.567640E-09
1641734697
-1.999906E+02,-4.581195E-09
1641734701
-1.999908E+02,-4.583737E-09
1641734705
-1.999906E+02,-4.607450E-09
1641734709
-1.999908E+02,-3.291127E-07
1641734713
-1.999906E+02,-4.623118E-09
1641734717
-1.999907E+02,-4.622696E-09
1641734721
-1.999907E+02,-4.615497E-09
1641734725
-1.999906E+02,-4.618464E-09
1641734729
-1.999907E+02,-4.554095E-09
1641734733
-1.999906E+02,-4.643026E-09
1641734737
-1.999907E+02,-4.649378E-09
1641734741
-1.999906E+02,-4.631592E-09
1641734745
-1.999906E+02,-2.062373E-07
1641734749
-1.999906E+02,-4.633708E-09
1641734753
-1.999908E+02,-4.659965E-09
1641734757
-1.999907E+02,-4.675632E-09
1641734761
-1.999907E+02,-4.686221E-09
1641734765
-1.999908E+02,-4.840773E-07
1641734769
-1.999909E+02,-4.678599E-09
1641734773
-1.999908E+02,-4.688340E-09
1641734777
-1.999908E+02,-4.697656E-09
1641734781
-1.999908E+02,-4.713748E-09
1641734785
-1.999907E+02,-4.634133E-09
1641734789
-1.999907E+02,-4.727722E-09
1641734793
-1.999908E+02,-4.712900E-09
1641734797
-1.999909E+02,-4.733228E-09
1641734801
-1.999908E+02,-2.873274E-07
1641734805
-1.999908E+02,-4.738308E-09
1641734809
-1.999908E+02,-4.731107E-09
1641734813
-1.999908E+02,-4.741272E-09
1641734817
-1.999908E+02,-4.745507E-09
1641734821
-1.999906E+02,-3.336544E-07
1641734825
-1.999908E+02,-4.764988E-09
1641734829
-1.999908E+02,-4.756943E-09
1641734833
-1.999908E+02,-4.759062E-09
1641734837
-1.999908E+02,-4.773458E-09
1641734841
-1.999908E+02,-4.732381E-09
1641734845
-1.999908E+02,-4.783623E-09
1641734849
-1.999909E+02,-4.794635E-09
1641734853
-1.999907E+02,-4.788704E-09
1641734857
-1.999907E+02,-2.796903E-07
1641734861
-1.999907E+02,-4.803951E-09
1641734865
-1.999907E+02,-4.791246E-09
1641734869
-1.999907E+02,-4.815807E-09
1641734873
-1.999906E+02,-4.808607E-09
1641734877
-1.999910E+02,-3.068331E-07
1641734881
-1.999907E+02,-4.828512E-09
1641734885
-1.999908E+02,-4.830631E-09
1641734889
-1.999907E+02,-4.842910E-09
1641734893
-1.999907E+02,-7.068328E-09
1641734897
-1.999908E+02,-4.820464E-09
1641734901
-1.999908E+02,-4.851803E-09
1641734905
-1.999909E+02,-4.850110E-09
1641734909
-1.999907E+02,-4.860272E-09
1641734913
-1.999907E+02,-3.195483E-07
1641734917
-1.999907E+02,-4.875941E-09
1641734921
-1.999908E+02,-4.898386E-09
1641734925
-1.999908E+02,-4.883564E-09
1641734929
-1.999907E+02,-4.889493E-09
1641734933
-1.999908E+02,-8.307553E-08
1641734937
-1.999907E+02,-4.896691E-09
1641734941
-1.999909E+02,-4.896268E-09
1641734946
-1.999907E+02,-4.893728E-09
1641734950
-1.999907E+02,-5.043454E-08
1641734954
-1.999908E+02,-4.881872E-09
1641734958
-1.999907E+02,-4.927180E-09
1641734962
-1.999908E+02,-4.937348E-09
1641734966
-1.999907E+02,-4.921678E-09
1641734970
-1.999910E+02,-3.756070E-07
1641734974
-1.999909E+02,-4.941159E-09
1641734978
-1.999908E+02,-4.958099E-09
1641734982
-1.999908E+02,-4.965297E-09
1641734986
-1.999908E+02,-4.961062E-09
1641734990
-1.999908E+02,-3.259307E-08
1641734994
-1.999909E+02,-4.975884E-09
1641734998
-1.999909E+02,-4.970802E-09
1641735002
-1.999909E+02,-4.985201E-09
1641735006
-1.999909E+02,-4.116780E-08
1641735010
-1.999909E+02,-4.965720E-09
1641735014
-1.999910E+02,-5.006799E-09
1641735018
-1.999908E+02,-5.018230E-09
1641735022
-1.999909E+02,-5.044063E-09
1641735026
-1.999909E+02,-3.961265E-07
1641735030
-1.999909E+02,-5.034321E-09
1641735034
-1.999909E+02,-5.033474E-09
1641735038
-1.999910E+02,-5.052956E-09
1641735042
-1.999909E+02,-5.051260E-09
1641735046
-1.999909E+02,-8.345974E-09
1641735050
-1.999908E+02,-5.062695E-09
1641735054
-1.999908E+02,-5.071585E-09
1641735058
-1.999908E+02,-5.066504E-09
1641735062
-1.999907E+02,-6.644980E-08
1641735066
-1.999908E+02,-5.057611E-09
1641735070
-1.999908E+02,-5.072434E-09
1641735074
-1.999910E+02,-5.085139E-09
1641735078
-1.999909E+02,-5.100807E-09
1641735082
-1.999909E+02,-2.852291E-07
1641735086
-1.999909E+02,-5.103775E-09
1641735090
-1.999910E+02,-5.111821E-09
1641735094
-1.999908E+02,-5.096149E-09
1641735098
-1.999907E+02,-5.102502E-09
1641735102
-1.999908E+02,-5.069894E-09
1641735106
-1.999909E+02,-5.124101E-09
1641735110
-1.999908E+02,-5.111819E-09
1641735114
-1.999909E+02,-5.134264E-09
1641735118
-1.999908E+02,-3.128374E-07
1641735122
-1.999909E+02,-5.139347E-09
1641735126
-1.999907E+02,-5.134263E-09
1641735130
-1.999906E+02,-5.145271E-09
1641735134
-1.999909E+02,-5.136383E-09
1641735138
-1.999911E+02,-2.780939E-07
1641735142
-1.999908E+02,-5.157556E-09
1641735146
-1.999909E+02,-5.150358E-09
1641735150
-1.999908E+02,-5.153321E-09
1641735154
-1.999908E+02,-5.155014E-09
1641735158
-1.999907E+02,-5.137651E-09
1641735162
-1.999907E+02,-5.185927E-09
1641735166
-1.999909E+02,-5.172802E-09
1641735170
-1.999909E+02,-5.163908E-09
1641735174
-1.999911E+02,-4.006014E-07
1641735178
-1.999908E+02,-5.176612E-09
1641735182
-1.999908E+02,-5.198634E-09
1641735186
-1.999908E+02,-5.198633E-09
1641735190
-1.999908E+02,-5.193127E-09
1641735194
-1.999910E+02,-9.335601E-08
1641735198
-1.999909E+02,-5.213880E-09
1641735202
-1.999908E+02,-5.208797E-09
1641735206
-1.999908E+02,-5.215150E-09
1641735210
-1.999909E+02,-4.384673E-08
1641735214
-1.999908E+02,-5.219809E-09
1641735218
-1.999909E+02,-5.229970E-09
1641735222
-1.999908E+02,-5.249027E-09
1641735226
-1.999908E+02,-5.246911E-09
1641735230
-1.999909E+02,-3.258799E-07
1641735234
-1.999909E+02,-5.276978E-09
1641735238
-1.999909E+02,-5.279096E-09
1641735242
-1.999909E+02,-5.266392E-09
1641735246
-1.999908E+02,-5.274011E-09
1641735250
-1.999907E+02,-1.966446E-08
1641735254
-1.999909E+02,-5.285872E-09
1641735258
-1.999909E+02,-5.293495E-09
1641735262
-1.999909E+02,-5.294767E-09
1641735266
-1.999908E+02,-4.990686E-08
1641735270
-1.999909E+02,-5.276130E-09
1641735274
-1.999908E+02,-5.322291E-09
1641735278
-1.999910E+02,-5.305778E-09
1641735282
-1.999910E+02,-5.304081E-09
1641735286
-1.999910E+02,-2.887601E-07
1641735290
-1.999910E+02,-5.312976E-09
1641735294
-1.999909E+02,-5.315940E-09
1641735298
-1.999909E+02,-5.339230E-09
1641735302
-1.999908E+02,-5.343466E-09
1641735306
-1.999907E+02,-6.480079E-08
1641735310
-1.999909E+02,-5.339654E-09
1641735314
-1.999909E+02,-5.362097E-09
1641735318
-1.999909E+02,-5.359556E-09
1641735322
-1.999911E+02,-4.444726E-08
1641735326
-1.999909E+02,-5.359555E-09
1641735330
-1.999910E+02,-5.367181E-09
1641735334
-1.999909E+02,-5.350240E-09
1641735338
-1.999909E+02,-5.355322E-09
1641735342
-1.999910E+02,-5.358713E-09
1641735346
-1.999910E+02,-5.362099E-09
1641735350
-1.999911E+02,-5.349396E-09
1641735354
-1.999909E+02,-5.343042E-09
1641735358
-1.999909E+02,-5.346854E-09
1641735362
-1.999909E+02,-5.351936E-09
1641735366
-1.999908E+02,-5.345582E-09
1641735370
-1.999909E+02,-5.329914E-09
1641735374
-1.999908E+02,-5.432821E-09
1641735378
-1.999908E+02,-5.453146E-09
1641735382
-1.999910E+02,-5.455693E-09
1641735386
-1.999910E+02,-5.444257E-09
1641735390
-1.999910E+02,-5.447220E-09
1641735395
-1.999908E+02,-5.440018E-09
1641735399
-1.999910E+02,-5.444256E-09
1641735403
-1.999910E+02,-5.449336E-09
