1645764252
-1.412219E-03,+3.904593E-11
1645764258
-1.999916E+01,-5.525659E-11
1645764264
-4.000037E+01,+1.693633E-11
1645764270
-6.000616E+01,-1.347118E-10
1645764276
-7.999216E+01,-1.492750E-10
1645764282
-9.999866E+01,-1.274514E-10
1645764288
-1.000002E+02,+7.254027E-11
1645764294
-1.400063E+02,-2.005125E-10
1645764300
-1.600086E+02,+6.521238E-14
1645764306
-1.799946E+02,-1.522864E-10
1645764312
-1.999971E+02,+2.502119E-11
1645764318
-2.199994E+02,-1.924269E-10
1645764324
-2.400080E+02,-2.864766E-11
1645764330
-2.600084E+02,+2.746595E-12
1645764336
-2.800124E+02,-1.250586E-10
1645764342
-2.999970E+02,-1.151576E-10
1645764348
-3.200010E+02,-8.198937E-11
1645764354
-3.400021E+02,-1.349596E-10
1645764360
-3.600057E+02,-1.234085E-10
1645764367
-3.800083E+02,-1.777815E-10
1645764373
-4.000108E+02,-2.291016E-10
1645764379
-4.199935E+02,-1.717996E-10
1645764385
-4.399961E+02,-1.581031E-10
1645764391
-4.599996E+02,-1.406941E-10
1645764397
-4.799998E+02,-2.833511E-10
1645764403
-5.000029E+02,-8.021543E-11
1645764409
-5.199888E+02,-2.596298E-10
1645764415
-5.399926E+02,-2.476662E-10
1645764421
-5.599940E+02,-1.102485E-10
1645764427
-5.799965E+02,-2.867751E-10
1645764433
-5.999976E+02,-1.728309E-10
1645764439
-6.199997E+02,-3.146215E-10
1645764445
-6.399830E+02,-1.061229E-10
1645764451
-6.599856E+02,-3.436648E-10
1645764457
-6.799883E+02,-1.444894E-10
1645764463
-6.999875E+02,-1.636311E-10
1645764469
-7.199902E+02,-3.315770E-10
1645764475
-7.399955E+02,-1.881775E-10
1645764481
-7.599777E+02,-2.059166E-10
1645764487
-7.799809E+02,-2.164367E-10
1645764493
-7.999846E+02,-2.836811E-10
1645764499
-8.199869E+02,-2.552569E-10
1645764505
-8.399887E+02,-4.163546E-10
1645764511
-8.599706E+02,-2.970887E-10
1645764517
-8.799731E+02,-3.191182E-10
1645764523
-8.999760E+02,-3.768742E-10
1645764529
-9.199767E+02,-5.203145E-10
1645764535
-9.399791E+02,-3.191600E-10
1645764541
-9.599829E+02,-3.821132E-10
1645764547
-9.799651E+02,-4.637555E-10
1645764553
-9.999649E+02,-5.044316E-10
1645764559
-9.999673E+02,-4.405295E-10
1645764565
-9.799670E+02,-3.443243E-10
1645764571
-9.599841E+02,-3.315357E-10
1645764577
-9.599861E+02,-4.405712E-10
1645764583
-9.199812E+02,-2.446132E-10
1645764589
-8.999790E+02,-3.052154E-10
1645764595
-8.799792E+02,-1.445719E-10
1645764601
-8.599757E+02,-1.733258E-10
1645764607
-8.399947E+02,-1.346709E-10
1645764613
-8.199949E+02,-1.744400E-10
1645764619
-7.999910E+02,-1.283588E-10
1645764625
-7.799869E+02,-2.635074E-10
1645764631
-7.599855E+02,-2.115272E-10
1645764637
-7.400045E+02,-9.729467E-11
1645764643
-7.199991E+02,-2.443659E-10
1645764649
-6.999980E+02,-1.561645E-10
1645764655
-6.799955E+02,-2.090103E-10
1645764661
-6.599959E+02,-8.240181E-11
1645764667
-6.399911E+02,-1.898691E-10
1645764673
-6.200098E+02,-4.296288E-11
1645764679
-6.200096E+02,-1.913129E-10
1645764685
-5.800057E+02,-5.071872E-11
1645764692
-5.600018E+02,-1.360733E-10
1645764698
-5.400015E+02,+5.913427E-11
1645764704
-5.199976E+02,-7.646131E-11
1645764710
-5.000127E+02,+2.741365E-11
1645764716
-4.800091E+02,+5.459688E-11
1645764722
-4.600076E+02,+6.255794E-11
1645764728
-4.400039E+02,+2.955858E-11
1645764734
-4.200014E+02,+9.246379E-11
1645764740
-4.000177E+02,+1.028585E-10
1645764746
-3.800159E+02,+1.096235E-10
1645764752
-3.600118E+02,-1.337429E-12
1645764758
-3.400085E+02,+1.206893E-11
1645764764
-3.200068E+02,-2.827641E-11
1645764770
-3.000030E+02,-3.569484E-10
1645764776
-2.800178E+02,+1.304130E-10
1645764782
-2.600122E+02,-4.795461E-11
1645764788
-2.400124E+02,+1.389516E-10
1645764794
-2.200028E+02,+2.140252E-10
1645764800
-2.000011E+02,+1.316091E-10
1645764806
-1.799978E+02,+1.249682E-10
1645764812
-1.600109E+02,+9.543352E-11
1645764818
-1.400077E+02,-5.123449E-13
1645764824
-1.200036E+02,+8.701878E-11
1645764830
-1.000019E+02,+1.343318E-10
1645764836
-7.999444E+01,+1.575550E-10
1645764842
-6.000788E+01,+1.929881E-10
1645764848
-4.000110E+01,+2.340723E-10
1645764854
-1.999859E+01,+1.363942E-10
1645764860
+1.047100E-02,+2.223575E-10
