1645754302
+7.885733E-03,+2.056582E-10
1645754308
-2.000128E+01,-3.001761E-11
1645754314
-4.000227E+01,+7.601580E-11
1645754320
-6.000858E+01,+1.083229E-10
1645754326
-7.999514E+01,-8.634798E-11
1645754332
-1.000021E+02,-9.835954E-11
1645754339
-1.200035E+02,+7.560158E-11
1645754345
DCL
-1.200026E+02,-7.475044E-11
1645754351
-1.600112E+02,-6.439571E-11
1645754357
-1.799967E+02,-1.294240E-10
1645754363
-1.999994E+02,+2.465572E-11
1645754369
-2.200011E+02,-1.571750E-10
1645754375
-2.400103E+02,-6.439575E-11
1645754381
-2.600088E+02,+2.289322E-12
1645754387
-2.800140E+02,-1.377078E-10
1645754393
-2.999993E+02,-5.279818E-11
1645754399
-3.200034E+02,+1.678620E-11
1645754405
-3.400045E+02,-1.426781E-10
1645754411
-3.600097E+02,-1.468201E-10
1645754417
-3.800085E+02,-6.770917E-11
1645754423
-4.000122E+02,-1.671156E-10
1645754429
-4.199963E+02,-5.994497E-12
1645754435
-4.399992E+02,-7.847820E-11
1645754441
-4.600029E+02,-7.019459E-11
1645754447
-4.800026E+02,-9.421768E-11
1645754453
-5.000055E+02,-2.354611E-10
1645754459
-5.199924E+02,-3.291699E-11
1645754465
-5.399956E+02,-2.056360E-10
1645754471
-5.599962E+02,-1.759196E-11
1645754477
-5.799996E+02,-1.008449E-10
1645754483
-6.000001E+02,-8.800483E-11
1645754489
-6.200008E+02,-7.847840E-11
1645754495
-6.399844E+02,-5.072749E-11
1645754501
-6.599894E+02,-1.563466E-10
1645754507
-6.799900E+02,-2.669432E-10
1645754513
-6.999911E+02,-6.409999E-10
1645754519
-7.199916E+02,-2.230340E-10
1645754525
-7.399963E+02,-1.484770E-10
1645754531
+.725E0,6068E1
-.010+1-.747-04008E0,9803E1
60079+1+.672-97991E0,1179E0
1001E0,1058E0
1203E0,1078E0
.407E0,1106E0
160108+2-.784-91797E0,9971E1
1998E0,1110E0
2200E0,1124E0
91016E
.8+-31939E,.1--06036E
-991.9--9E,29010E,170-052.7-.100E
96132
11,1-9E.190,3-0E35-9+0E90.7-0+10
0+0E.6-599+.1
9021281-0,75900.3
1,1
902E2-3E42-606E.09