1641719890
-1.072936E-03,-3.669431E-11
1641719896
-9.869212E-01,-2.831946E-09
1641719902
-1.987962E+00,-1.637556E-10
1641719908
-2.991556E+00,-4.602031E-10
1641719914
-3.991157E+00,-2.060234E-10
1641719920
-4.991930E+00,-2.366055E-09
1641719926
-5.988710E+00,-1.637641E-10
1641719932
-6.993027E+00,-2.238978E-09
1641719938
-7.991677E+00,-1.180170E-09
1641719944
-8.994345E+00,-1.688394E-09
1641719950
-9.988897E+00,-2.959039E-09
1641719956
-1.999009E+01,-1.603690E-09
1641719962
-2.999308E+01,-5.872728E-10
1641719968
-3.999799E+01,-2.366055E-09
1641719974
-4.999405E+01,-2.196615E-09
1641719980
-5.999730E+01,-2.958997E-09
1641719986
-6.999789E+01,-1.815452E-09
1641719992
-7.999113E+01,-2.154306E-09
1641719998
-8.998998E+01,-3.043683E-09
1641720004
-9.999832E+01,-1.857819E-09
1641720010
-1.099964E+02,-1.900170E-09
1641720016
-1.199987E+02,-1.730741E-09
1641720022
-1.299946E+02,-2.831928E-09
1641720028
-1.399975E+02,-2.577832E-09
1641720034
-1.499955E+02,-2.747212E-09
1641720040
-1.599869E+02,-1.900152E-09
1641720046
-1.699892E+02,-1.730745E-09
1641720052
-1.799926E+02,-2.620178E-09
1641720058
-1.899832E+02,-3.170765E-09
1641720064
-1.999893E+02,-1.391923E-09
