1645768174
+8.928939E-03,+1.799125E-10
1645768182
-5.000325E+01,+2.333001E-11
1645768190
-1.000010E+02,-6.524026E-11
1645768198
-1.500068E+02,-1.885077E-10
1645768206
-1.999975E+02,-1.645806E-10
1645768214
1645768222
-2.500099E+02,+2.881617E-11
1645768230
-3.500030E+02,-3.839293E-10
1645768238
-4.000119E+02,-2.057522E-10
1645768246
-4.500006E+02,-2.878894E-10
1645768254
-5.000022E+02,-3.370232E-10
1645768262
-5.499937E+02,-1.904472E-10
1645768270
-5.999991E+02,-2.337224E-10
1645768278
-6.499822E+02,-2.364036E-10
1645768286
-6.999889E+02,-2.413546E-10
1645768294
-7.499780E+02,-4.347953E-10
1645768302
-7.999836E+02,-2.771222E-10
1645768310
-8.499810E+02,-4.631782E-10
1645768318
-8.999744E+02,-3.852502E-10
1645768326
-9.499773E+02,-3.989863E-10
1645768334
-9.999627E+02,-3.919318E-10
1645768342
-9.999659E+02,-3.128069E-10
1645768350
-9.499790E+02,-2.777821E-10
1645768359
-8.999766E+02,-1.785242E-10
1645768367
-8.499870E+02,-6.420883E-11
1645768375
-7.999869E+02,-1.214286E-10
1645768383
-7.499828E+02,-1.548443E-10
1645768391
-6.999951E+02,-1.042255E-10
1645768399
-6.499883E+02,+5.814434E-11
1645768407
-6.000054E+02,+4.432593E-11
1645768415
-5.499996E+02,+4.152097E-11
1645768423
-5.000099E+02,+4.725460E-11
1645768431
-4.500071E+02,+1.424169E-10
1645768439
-4.000179E+02,+4.296469E-11
1645768447
-3.500100E+02,+1.097886E-10
1645768455
-3.000027E+02,+1.811087E-10
1645768463
-2.500145E+02,+1.893997E-10
1645768471
-2.000010E+02,+1.108610E-10
1645768479
-1.500105E+02,+2.085807E-10
1645768487
-1.000029E+02,+2.112208E-10
1645768495
-5.000489E+01,+2.385692E-10
1645768503
+7.477543E-03,+3.048979E-10
