1664155369
+5.709439E-03,-1.114332E-10
1664155379
+5.673158E-03,-1.115629E-10
1664155390
+5.634960E-03,-1.131199E-10
1664155400
+5.679742E-03,-1.115922E-10
1664155410
+5.659140E-03,-1.105669E-10
1664155421
+5.634951E-03,-1.120903E-10
1664155431
+5.693827E-03,-1.104204E-10
1664155441
+5.658050E-03,-1.113035E-10
1664155451
+5.692322E-03,-1.107050E-10
1664155462
+5.706913E-03,-1.115086E-10
1664155472
+5.679226E-03,-1.121824E-10
1664155482
+5.622679E-03,-1.127097E-10
1664155493
+5.608667E-03,-1.106422E-10
1664155503
+5.575723E-03,-1.094745E-10
1664155513
+5.568881E-03,-1.116802E-10
1664155524
+5.619753E-03,-1.104623E-10
1664155534
+5.582470E-03,-1.105794E-10
1664155544
+5.563955E-03,-1.098680E-10
1664155554
+5.563285E-03,-1.099056E-10
1664155565
