1645760409
+9.563894E-03,+1.649386E-10
1645760415
-2.000077E+01,+1.039723E-10
1645760421
-4.000069E+01,+3.558099E-11
1645760427
-6.000685E+01,-1.621049E-10
1645760433
-7.999380E+01,-6.441507E-11
1645760439
-9.999969E+01,-1.502650E-10
1645760445
-1.200019E+02,-2.126319E-11
1645760451
-1.400058E+02,-1.347947E-10
1645760457
-1.600091E+02,-1.317417E-10
1645760463
-1.799956E+02,-1.837220E-10
1645760469
-1.999977E+02,-3.739359E-11
1645760475
-2.200000E+02,-7.761646E-11
1645760481
-2.400088E+02,-6.081672E-12
1645760487
-2.600086E+02,-1.659831E-10
1645760493
-2.800132E+02,-1.984088E-10
1645760499
-2.999968E+02,-1.241098E-10
1645760505
-3.200019E+02,-8.384576E-11
1645760511
-3.400032E+02,-8.528971E-11
1645760517
-3.600064E+02,-2.121462E-10
1645760523
-3.800078E+02,-6.882930E-11
1645760529
-4.000118E+02,-8.256697E-11
1645760535
-4.199946E+02,-2.824843E-10
1645760541
-4.399983E+02,-8.582592E-11
1645760547
-4.600006E+02,-1.633012E-10
1645760553
-4.800003E+02,-2.625176E-10
1645760559
-5.000039E+02,-1.011312E-10
1645760565
-5.199901E+02,-3.036064E-10
1645760571
-5.399932E+02,-1.640852E-10
1645760577
-5.599944E+02,-1.712634E-10
1645760583
-5.799973E+02,-2.915606E-10
1645760589
-5.999982E+02,-2.621875E-10
1645760595
-6.200009E+02,-2.778640E-10
1645760601
-6.399835E+02,-1.790604E-10
1645760607
-6.599868E+02,-1.985736E-10
1645760613
-6.799880E+02,-3.414370E-10
1645760619
-6.999899E+02,-3.489452E-10
1645760625
-7.199918E+02,-2.753064E-10
1645760631
-7.399953E+02,-3.539370E-10
1645760637
-7.599799E+02,-2.829386E-10
1645760643
-7.799813E+02,-2.855368E-10
1645760649
-7.999847E+02,-2.873115E-10
1645760655
-8.199885E+02,-3.606613E-10
1645760661
-8.399900E+02,-2.523276E-10
1645760668
-8.599716E+02,-2.750583E-10
1645760674
-8.799750E+02,-4.201502E-10
1645760680
-8.999777E+02,-4.491517E-10
1645760686
-9.199775E+02,-5.197787E-10
1645760692
-9.399801E+02,-3.273279E-10
1645760698
-9.599851E+02,-4.646641E-10
1645760704
-9.799656E+02,-3.835986E-10
1645760710
-9.999670E+02,-4.611553E-10
1645760716
-9.999675E+02,-5.304636E-10
1645760722
-9.799687E+02,-2.905709E-10
1645760728
-9.599861E+02,-2.655708E-10
1645760734
-9.399821E+02,-2.134667E-10
1645760740
-9.199822E+02,-1.913129E-10
1645760746
-8.999803E+02,-2.520384E-10
1645760752
-8.799795E+02,-2.419730E-10
1645760758
-8.599773E+02,-1.487798E-10
1645760764
-8.399974E+02,-1.294728E-10
1645760770
-8.199957E+02,-2.891677E-10
1645760776
-7.999920E+02,-1.654878E-10
