1664155823
+5.253157E-03,-1.079261E-10
1664155833
+5.239142E-03,-1.087213E-10
1664155844
+5.245144E-03,-1.097634E-10
1664155854
+5.222878E-03,-1.082065E-10
1664155864
+5.243308E-03,-1.084827E-10
1664155875
+5.192267E-03,-1.096421E-10
1664155885
+5.249308E-03,-1.093365E-10
1664155895
+5.248888E-03,-1.092235E-10
1664155906
+5.217029E-03,-1.088218E-10
1664155916
+5.219946E-03,-1.075829E-10
1664155926
+5.225366E-03,-1.087883E-10
1664155936
+5.242459E-03,-1.095542E-10
1664155947
+5.208597E-03,-1.089180E-10
1664155957
+5.207761E-03,-1.087925E-10
1664155967
+5.230694E-03,-1.083949E-10
1664155978
+5.268969E-03,-1.080559E-10
1664155988
+5.181068E-03,-1.075118E-10
1664155998
+5.166472E-03,-1.071477E-10
