1641741665
+2.944129E-03,-2.065269E-09
1641741671
-9.905747E-01,-2.813145E-09
1641741677
-1.991741E+00,-3.029123E-09
1641741683
-2.993455E+00,-3.133725E-09
1641741689
-3.994535E+00,-3.257382E-09
1641741695
-4.995776E+00,-3.353090E-09
1641741701
-5.993573E+00,-3.393744E-09
1641741707
-6.994459E+00,-3.524178E-09
1641741713
-7.995656E+00,-3.581348E-09
1641741719
-8.996809E+00,-3.645717E-09
1641741725
-9.998382E+00,-3.697807E-09
1641741731
-1.999361E+01,-4.261892E-09
1641741737
-2.999411E+01,-4.681990E-09
1641741743
DCL
1641741749
1641741755
1641741761
1641741767
1641741773
1641741779
1641741785
1641741792
1641741798
1641741804
1641741810
1641741816
1641741822
1641741828
1641741834
1641741840
