1645776416
+6.162331E-03,-2.229490E-11
1645776424
-4.999667E+01,-1.515048E-10
1645776432
-9.999395E+01,-7.827759E-11
1645776440
-1.499990E+02,-1.953584E-10
1645776448
-1.999908E+02,-1.982875E-10
1645776456
-2.500035E+02,-1.521649E-10
1645776464
-2.999920E+02,-1.683367E-10
1645776472
-3.499985E+02,-2.526521E-11
1645776480
-4.000065E+02,-8.380568E-11
1645776488
-4.499938E+02,-2.753097E-10
1645776496
-4.999978E+02,-1.795580E-10
1645776504
-5.499869E+02,-2.977114E-10
1645776512
-5.999917E+02,-2.813744E-10
1645776520
-6.499767E+02,-3.398729E-10
1645776528
-6.999830E+02,-2.133867E-10
1645776536
-7.499708E+02,-3.840979E-10
1645776544
-7.999777E+02,-2.908629E-10
1645776552
-8.499799E+02,-2.686681E-10
1645776560
-8.999702E+02,-3.439168E-10
1645776568
-9.499725E+02,-3.244854E-10
1645776576
-9.999580E+02,-4.802214E-10
1645776584
-9.999594E+02,-2.568276E-10
1645776592
-9.499747E+02,-2.329408E-10
1645776601
-8.999709E+02,-1.814140E-10
1645776609
-8.499822E+02,-2.114887E-10
1645776617
-7.999824E+02,-1.604566E-10
1645776625
-7.499772E+02,-1.106210E-10
1645776633
-6.999896E+02,-8.854976E-11
1645776641
-6.499854E+02,+5.723751E-11
1645776649
-5.999999E+02,-4.774895E-11
1645776657
-5.499956E+02,-3.677519E-11
1645776665
1645776673
1645776681
-4.000149E+02,+1.528542E-10
1645776689
-3.500050E+02,+2.440272E-11
1645776697
-2.999996E+02,+1.960014E-10
1645776705
-2.500098E+02,+4.964753E-11
1645776713
-1.999976E+02,+2.413763E-10
1645776721
-1.500060E+02,+2.223602E-10
1645776729
-9.999871E+01,+5.410249E-11
1645776737
-5.000071E+01,+1.997964E-10
1645776745
+1.155970E-02,+1.338794E-10
