1645779851
+2.170907E-03,-9.712064E-12
1645779859
-4.999907E+01,-1.900346E-10
1645779867
-9.999836E+01,-9.535596E-11
1645779875
-1.500035E+02,-1.371466E-10
1645779883
-1.999962E+02,-7.708038E-11
1645779891
-2.500068E+02,-2.244409E-10
1645779899
-2.999931E+02,-1.198197E-10
1645779907
-3.499995E+02,-3.043916E-10
1645779915
-4.000081E+02,-3.118173E-10
1645779923
-4.499965E+02,-3.090121E-10
1645779931
-5.000015E+02,-1.893747E-10
1645779939
-5.499907E+02,-2.696142E-10
1645779947
-5.999949E+02,-3.315778E-10
1645779955
-6.499799E+02,-3.865703E-10
1645779963
-6.999848E+02,-4.132205E-10
1645779971
-7.499751E+02,-4.636334E-10
1645779979
-7.999797E+02,-3.622709E-10
1645779987
-8.499813E+02,-3.621888E-10
1645779995
-8.999698E+02,-4.732860E-10
1645780004
-9.499744E+02,-5.398712E-10
1645780012
-9.999617E+02,-5.684197E-10
1645780020
-9.999630E+02,-3.139216E-10
1645780028
-9.499756E+02,-2.214292E-10
1645780036
-8.999761E+02,-1.534835E-10
1645780044
-8.499856E+02,-1.288546E-10
1645780052
-7.999844E+02,-2.405298E-10
1645780060
-7.499796E+02,-1.809587E-10
1645780068
-6.999915E+02,-1.701500E-10
1645780076
-6.499869E+02,-1.150344E-10
1645780084
1645780092
-5.499975E+02,+7.773793E-11
1645780100
-5.000092E+02,+1.023639E-10
1645780108
-4.500045E+02,+8.805032E-11
1645780116
-4.000161E+02,-2.514116E-11
1645780124
-3.500060E+02,+1.707965E-10
1645780132
-2.999995E+02,+1.127174E-10
1645780140
-2.500120E+02,+2.141909E-10
1645780148
-1.999985E+02,+1.791290E-10
1645780156
-1.500078E+02,+8.161540E-11
1645780164
-1.000013E+02,+1.531832E-10
1645780172
-5.000188E+01,+1.064888E-10
1645780180
+1.065249E-02,+2.291235E-10
