1645768849
+8.067171E-03,+1.342494E-10
1645768857
-5.000293E+01,-1.736977E-10
1645768865
-9.999986E+01,-2.080625E-10
1645768873
-1.500060E+02,-1.623941E-10
1645768881
-1.999965E+02,-2.212638E-10
1645768889
-2.500095E+02,-2.784419E-10
1645768897
-2.999976E+02,-1.234913E-10
1645768905
-3.500027E+02,-2.581452E-10
1645768913
-4.000114E+02,-1.454386E-10
1645768921
-4.500014E+02,-2.811238E-10
1645768929
-5.000031E+02,-1.587636E-10
1645768937
-5.499920E+02,-3.265035E-10
1645768945
-5.999961E+02,-3.901171E-10
1645768953
-6.499843E+02,-2.197788E-10
1645768961
-6.999879E+02,-3.781125E-10
1645768969
-7.499768E+02,-4.545564E-10
1645768978
-7.999826E+02,-2.581038E-10
1645768986
-8.499844E+02,-3.581867E-10
1645768994
-8.999730E+02,-4.166434E-10
1645769002
-9.499755E+02,-4.791020E-10
1645769010
-9.999623E+02,-5.404477E-10
1645769018
-9.999634E+02,-3.730386E-10
1645769026
-9.499802E+02,-2.141682E-10
1645769034
-8.999750E+02,-8.322703E-11
1645769042
-8.499870E+02,-2.065772E-10
1645769050
-7.999866E+02,-1.554634E-10
1645769058
-7.499816E+02,-3.565158E-12
1645769066
-6.999944E+02,-1.086715E-11
1645769074
-6.499912E+02,+9.724881E-11
1645769082
-6.000029E+02,-8.863126E-11
1645769090
-5.499999E+02,+2.724871E-11
1645769098
-5.000105E+02,+3.322986E-11
1645769106
-4.500055E+02,+1.447681E-10
1645769114
-4.000168E+02,+2.629998E-11
1645769122
-3.500087E+02,+6.408435E-11
1645769130
-3.000018E+02,+1.753335E-10
1645769138
-2.500139E+02,+2.274730E-10
1645769146
-2.000017E+02,+6.536306E-11
1645769154
-1.500089E+02,+1.060762E-10
1645769162
-1.000033E+02,+7.967665E-11
1645769170
-5.000299E+01,+1.117685E-10
1645769179
+8.792861E-03,+1.646914E-10
