1645793988
+.747-2+.255-01645793994
-.968+1-.459-01645794000
-.942+1-.42E1
1645794006
-.006+2-.077-01645794012
.997+2+.830-11645794018
2504E0,2663E1
1645794024
2991E0,2452E1
1645794030
-.993+2-.765-01645794036
-007E0,9628E1
1645794042
-.998+2-.849-01645794048
-997E0,3186-01645794054
-.980+2-.279-01645794060
5992E0,3399E1
1645794066
-.978+2-.561-01645794072
994E0,2482E1
1645794078
7493E0,3798E1
1645794084
7996E0,4829E1
1645794090
8.978+2-.747-01645794096
-.963+2-.040-01645794102
-.97E0,4394E1
1645794108
-.957+2-.735-01645794114
9999E0,3769E1
1645794120
-.976+2-.469-01645794126
-.978+2-.324-01645794132
-490E0,1615E1
1645794139
-.983+2-.43E1
1645794145
7497E0,1256E1
1645794151
6.983+2-.282-01645794157
-.980+2-.819-01645794163
-5999E0,1296E1
1645794169
-.995+2-.161-11645794175
-.001+2-.355-11645794181
4500E0,5267E1
1645794187
.017+2+.005-01645794193
-.003+2+.834-01645794199
2997E0,7565E1
1645794205
2500E0,1868E1
1645794211
-.990+27368E1
1645794217
-1506E0,2211E1
1645794223
-.9910,1765E1
1645794229
-004E0,4254E1
1645794235
+.028-2+.483-0