1645757341
+9.291765E-03,+1.358992E-10
1645757347
-2.000094E+01,+2.004108E-12
1645757353
-4.000058E+01,+6.499173E-11
1645757359
-6.000819E+01,-7.501734E-11
1645757365
-7.999397E+01,+4.812077E-11
1645757371
-9.999998E+01,-1.310818E-10
1645757377
-1.200026E+02,+3.615849E-11
1645757383
-1.400057E+02,+8.490406E-13
1645757389
-1.600103E+02,-4.193150E-11
1645757395
-1.799962E+02,-1.438706E-10
1645757401
-1.999978E+02,-5.298768E-11
1645757407
DCL
-1.999977E+02,-1.210476E-11
1645757413
-2.400074E+02,-1.226247E-10
1645757419
-2.600087E+02,-6.416749E-11
1645757425
-2.800147E+02,-1.641264E-10
1645757431
-2.999970E+02,-2.159001E-10
1645757437
-3.200031E+02,-1.008011E-10
1645757443
-3.400052E+02,-4.659332E-11
1645757449
-3.600080E+02,-2.245224E-10
1645757455
-3.800079E+02,-1.844235E-10
1645757461
-4.000123E+02,-8.458834E-11
1645757468
-4.199948E+02,-1.969649E-10
1645757474
-4.399971E+02,-2.169727E-10
1645757480
-4.600009E+02,-2.578975E-10
1645757486
-4.800007E+02,-2.674684E-10
1645757492
-5.000034E+02,-8.933258E-11
1645757498
-5.199903E+02,-2.674268E-10
1645757504
-5.399943E+02,-1.838457E-10
1645757510
-5.599946E+02,-2.178806E-10
1645757516
-5.799978E+02,-2.770802E-10
1645757522
-5.999978E+02,-1.534004E-10
1645757528
-6.200021E+02,-2.140029E-10
1645757534
-6.399839E+02,-3.150344E-10
1645757540
-6.599868E+02,-3.061229E-10
1645757546
DCL
-6.599877E+02,-2.825257E-10
1645757552
-6.999901E+02,-2.716762E-10
1645757558
-7.199922E+02,-3.491103E-10
1645757564
-7.399954E+02,-4.262134E-10
1645757570
-7.599793E+02,-3.944070E-10
1645757576
-7.799789E+02,-4.264203E-10
1645757582
-7.999846E+02,-2.569479E-10
1645757588
-8.199885E+02,-4.025346E-10
1645757594
-8.399881E+02,-2.654466E-10
1645757600
-8.599703E+02,-3.447779E-10
1645757606
-8.799742E+02,-2.456027E-10
1645757612
-8.999766E+02,-2.282354E-10
1645757618
-9.199788E+02,-4.135492E-10
1645757624
-9.399802E+02,-3.406533E-10
1645757630
-9.599833E+02,-4.904045E-10
1645757636
-9.799656E+02,-4.779044E-10
1645757642
-9.799653E+02,-5.050920E-10
1645757648
DCL
-9.799667E+02,-3.722941E-10
1645757654
-9.799685E+02,-1.916020E-10
1645757660
-9.599864E+02,-4.743167E-10
1645757666
-9.399826E+02,-3.405707E-10
1645757672
-9.199814E+02,-2.095473E-10
1645757678
-8.999816E+02,-1.222946E-10
1645757684
-8.799805E+02,-2.101661E-10
1645757690
-8.599783E+02,-3.001414E-10
1645757696
-8.399963E+02,-2.797619E-10
1645757702
-8.199942E+02,-7.056194E-11
1645757708
-7.999924E+02,-1.589283E-10
1645757714
-7.799898E+02,-2.210984E-10
1645757720
-7.599873E+02,-2.013375E-10
1645757726
-7.400056E+02,-1.883426E-10
1645757732
-7.200005E+02,-8.681604E-11
1645757739
-7.000005E+02,-1.631776E-10
1645757745
-6.799987E+02,-1.650752E-10
1645757751
-6.599969E+02,-6.565263E-11
1645757757
-6.399938E+02,-8.892000E-11
1645757763
-6.200109E+02,-7.794633E-11
1645757769
-6.000083E+02,-1.380948E-10
1645757775
-5.800084E+02,-1.631363E-10
1645757781
-5.600042E+02,-1.825163E-11
1645757787
-5.400032E+02,-1.246461E-10
1645757793
-5.199990E+02,-9.935734E-11
1645757799
-5.000130E+02,+4.932809E-12
1645757805
-4.800087E+02,+6.459020E-12
1645757811
-4.600091E+02,+6.429050E-11
1645757817
-4.400045E+02,-9.432442E-11
1645757823
-4.200028E+02,+1.376016E-11
1645757829
-4.200025E+02,-7.699762E-11
1645757835
-3.800148E+02,-3.953882E-11
1645757841
-3.600144E+02,-1.032352E-10
1645757847
-3.400104E+02,+3.117839E-12
1645757853
-3.200096E+02,+9.184493E-11
1645757859
-3.000033E+02,+8.862754E-11
1645757865
-2.800191E+02,+9.741364E-11
1645757871
-2.600137E+02,+1.424168E-10
1645757877
-2.400141E+02,+5.386544E-12
1645757883
-2.200048E+02,-3.473281E-13
1645757889
-2.000021E+02,+6.672425E-11
1645757895
-1.799986E+02,+4.602813E-12
1645757901
-1.600129E+02,+8.454382E-11
1645757907
-1.400090E+02,+1.854509E-11
1645757913
-1.200049E+02,+3.384854E-11
1645757919
DCL
-1.200048E+02,+7.402532E-11
1645757925
-7.999519E+01,+1.312380E-10
1645757931
-6.000925E+01,+2.112204E-10
1645757937
-4.000012E+01,+8.487388E-11
1645757943
-2.000190E+01,+2.341962E-10
1645757949
+9.019624E-03,+2.340311E-10
