1645776797
+3.622344E-03,+1.208032E-10
1645776805
-4.999732E+01,-1.755556E-10
1645776813
-9.999467E+01,-2.079405E-10
1645776822
-1.500019E+02,-4.510853E-11
1645776830
-1.999921E+02,-2.272476E-10
1645776838
-2.500037E+02,-2.338071E-10
1645776846
-2.999928E+02,-1.381790E-10
1645776854
-3.499985E+02,-2.687085E-10
1645776862
-4.000060E+02,-2.309192E-10
1645776870
-4.499959E+02,-3.025783E-10
1645776878
-4.999979E+02,-2.903669E-10
1645776886
-5.499890E+02,-1.752256E-10
1645776894
-5.999932E+02,-2.246071E-10
1645776902
-6.499796E+02,-3.415226E-10
1645776910
-6.999825E+02,-2.290213E-10
1645776918
-7.499712E+02,-3.659037E-10
1645776926
-7.999800E+02,-3.122324E-10
1645776934
-8.499788E+02,-4.253925E-10
1645776942
-8.999693E+02,-4.541884E-10
1645776950
-9.499724E+02,-4.576534E-10
1645776958
-9.999608E+02,-3.753930E-10
1645776966
-9.999604E+02,-3.506814E-10
1645776974
-9.499749E+02,-1.799282E-10
1645776982
-8.999702E+02,-2.721318E-10
1645776990
-8.499827E+02,-1.765866E-10
1645776998
-7.999825E+02,-2.087239E-10
1645777006
-7.499780E+02,-1.555057E-10
1645777014
-6.999908E+02,-2.967936E-11
1645777022
-6.499855E+02,-9.370633E-11
1645777031
-6.000011E+02,-6.194045E-11
1645777039
-5.499976E+02,+5.653620E-11
1645777047
-5.000067E+02,-6.053780E-11
1645777055
-4.500026E+02,+1.469141E-10
1645777063
-4.000150E+02,+2.252473E-10
1645777071
-3.500052E+02,+1.019108E-10
1645777079
-2.999991E+02,+3.830377E-11
1645777087
-2.500109E+02,+5.777360E-11
1645777095
-1.999975E+02,+1.540915E-10
1645777103
-1.500065E+02,+1.148630E-10
1645777111
-1.000012E+02,+2.575867E-10
1645777119
-5.000129E+01,+2.445518E-10
1645777127
+9.700052E-03,+2.723125E-10
