1645758570
+9.291755E-03,+1.460464E-10
1645758576
-2.000081E+01,-5.088370E-11
1645758582
DCL
-2.000091E+01,-6.325997E-11
1645758588
-6.000658E+01,-2.212221E-10
1645758594
-7.999394E+01,+1.747258E-11
1645758600
-9.999940E+01,-1.511726E-10
1645758606
-1.200033E+02,-1.730279E-11
1645758612
-1.400056E+02,-1.303392E-10
1645758618
-1.600078E+02,-1.543078E-10
1645758624
-1.799949E+02,-1.781528E-10
1645758630
-1.999974E+02,-8.186559E-11
1645758636
-2.200002E+02,-1.202319E-10
1645758642
-2.400083E+02,-1.155289E-10
1645758648
-2.600090E+02,-7.896830E-12
1645758654
-2.800129E+02,-2.062881E-10
1645758660
-2.999978E+02,-1.602391E-11
1645758666
-2.999980E+02,-1.070718E-10
1645758672
-3.400042E+02,-1.087632E-10
1645758678
-3.600074E+02,-1.711397E-10
1645758684
-3.800084E+02,-1.192005E-10
1645758690
-4.000128E+02,-1.647040E-10
1645758696
-4.199947E+02,-1.548443E-10
1645758702
-4.399979E+02,-1.913127E-10
1645758708
-4.600006E+02,-1.982434E-10
1645758714
-4.600018E+02,-5.884572E-11
1645758720
-5.000033E+02,-2.292255E-10
1645758726
-5.199902E+02,-2.698196E-10
1645758732
-5.399938E+02,-1.888372E-10
1645758738
-5.599940E+02,-2.060818E-10
1645758744
-5.799973E+02,-1.061641E-10
1645758750
-5.999982E+02,-2.867755E-10
1645758756
-6.200020E+02,-3.108673E-10
1645758762
-6.399831E+02,-3.591763E-10
1645758768
-6.599881E+02,-1.706860E-10
1645758774
-6.799889E+02,-3.056687E-10
1645758780
-6.999891E+02,-2.758839E-10
1645758786
-7.199919E+02,-2.357849E-10
1645758792
-7.399963E+02,-1.985325E-10
1645758798
-7.599786E+02,-3.483263E-10
1645758804
-7.799813E+02,-2.780290E-10
1645758811
-7.999849E+02,-3.335573E-10
1645758817
-8.199880E+02,-3.397458E-10
1645758823
-8.399892E+02,-4.024106E-10
1645758829
-8.599724E+02,-2.617337E-10
1645758835
-8.799759E+02,-4.261732E-10
1645758841
-8.999773E+02,-4.427566E-10
1645758847
-9.199788E+02,-3.698194E-10
1645758853
-9.399803E+02,-5.202739E-10
1645758859
-9.599830E+02,-3.173857E-10
1645758865
-9.799673E+02,-3.109505E-10
1645758871
-9.999686E+02,-3.729143E-10
1645758877
-9.999689E+02,-2.890029E-10
1645758883
-9.799684E+02,-3.248940E-10
1645758889
-9.599869E+02,-2.378064E-10
1645758895
-9.399822E+02,-3.792257E-10
1645758901
-9.199818E+02,-3.328151E-10
1645758907
-8.999807E+02,-1.787302E-10
1645758913
-8.799792E+02,-1.433342E-10
1645758919
-8.599775E+02,-3.038956E-10
1645758925
-8.399974E+02,-2.930047E-10
1645758931
-8.199957E+02,-2.057105E-10
1645758937
-7.999913E+02,-2.894562E-10
1645758943
-7.799892E+02,-9.684066E-11
1645758949
-7.599894E+02,-9.539690E-11
1645758955
-7.400048E+02,-1.795554E-10
1645758961
-7.200005E+02,-2.211807E-10
1645758967
-6.999980E+02,-7.233585E-11
1645758973
-6.799985E+02,-1.711808E-10
1645758979
-6.599966E+02,-2.067421E-10
1645758985
-6.399927E+02,-2.300089E-10
1645758991
-6.200129E+02,-8.945624E-11
1645758997
-6.000094E+02,-1.125999E-10
1645759003
-5.800085E+02,+1.359515E-11
1645759009
-5.600043E+02,-1.189850E-11
1645759015
-5.400036E+02,-1.545144E-10
1645759021
-5.200003E+02,-6.214618E-11
1645759027
-5.000128E+02,-1.207682E-10
1645759033
-4.800108E+02,+3.533348E-11
1645759039
-4.600109E+02,+1.429638E-11
1645759045
-4.400064E+02,+4.927575E-11
1645759051
-4.200038E+02,-4.298385E-13
1645759057
-4.000200E+02,+8.046018E-11
1645759063
-3.800175E+02,+7.984138E-11
1645759069
-3.600151E+02,+8.810229E-12
1645759076
-3.400109E+02,+8.957628E-11
1645759082
-3.200096E+02,+1.390341E-10
1645759088
-3.000049E+02,+4.147964E-11
1645759094
-2.800201E+02,+1.267832E-10
1645759100
-2.600147E+02,+1.289280E-10
1645759106
-2.400135E+02,-5.504100E-12
1645759112
-2.200052E+02,+6.294032E-12
1645759118
-2.000018E+02,+1.363640E-11
1645759124
-1.800000E+02,-2.402721E-11
1645759130
-1.600132E+02,+1.564414E-10
1645759136
-1.400099E+02,+1.906782E-10
1645759142
-1.200051E+02,+1.451390E-10
1645759148
-1.000031E+02,+2.051564E-10
1645759154
-7.999583E+01,+2.205124E-11
1645759160
-6.000867E+01,+2.149740E-10
1645759166
-4.000246E+01,+6.878663E-11
1645759172
-2.000274E+01,+1.864298E-10
1645759178
+8.566060E-03,+1.104071E-10
