1645770537
+8.974279E-03,+1.690637E-10
1645770545
-5.000139E+01,-1.064945E-10
1645770553
-9.999934E+01,-1.347125E-10
1645770561
-1.500060E+02,-1.480377E-10
1645770569
-1.999986E+02,-5.612305E-11
1645770577
-2.500095E+02,-8.986899E-11
1645770585
-2.999977E+02,-1.491513E-10
1645770593
-3.500027E+02,-1.888790E-10
1645770601
-4.000123E+02,-3.179226E-10
1645770610
-4.500009E+02,-3.061238E-10
1645770618
-5.000037E+02,-2.286898E-10
1645770626
-5.499931E+02,-2.086817E-10
1645770634
-5.999980E+02,-1.786070E-10
1645770642
-6.499817E+02,-3.750589E-10
1645770650
-6.999882E+02,-2.796385E-10
1645770658
-7.499776E+02,-2.638378E-10
1645770666
-7.999819E+02,-3.902415E-10
1645770674
-8.499812E+02,-4.504717E-10
1645770682
-8.999741E+02,-3.623944E-10
1645770690
-9.499756E+02,-4.744815E-10
1645770698
-9.999642E+02,-3.688715E-10
1645770706
-9.999619E+02,-4.385901E-10
1645770714
-9.499792E+02,-1.111563E-10
1645770722
-8.999767E+02,-8.859000E-11
1645770730
-8.499854E+02,-4.882104E-11
1645770738
-7.999877E+02,-1.860740E-10
1645770746
-7.499818E+02,-1.242752E-10
1645770754
-6.999933E+02,-5.637056E-11
1645770762
-6.499897E+02,+8.376029E-11
1645770770
-6.000042E+02,-1.334242E-11
1645770778
-5.499995E+02,+1.024875E-10
1645770786
-5.000098E+02,+1.292582E-10
1645770794
-4.500060E+02,+1.400765E-11
1645770802
-4.000176E+02,+5.187452E-11
1645770810
1645770819
-3.000033E+02,+2.051159E-10
1645770827
-2.500130E+02,+3.137367E-11
1645770835
-2.000015E+02,+7.860424E-11
1645770843
-1.500094E+02,+8.871018E-11
1645770851
-1.000025E+02,+1.251334E-10
1645770859
-5.000472E+01,+2.731360E-10
1645770867
+7.840380E-03,+3.055576E-10
