1641733685
-1.999917E+02,-4.279685E-09
1641733687
-1.999920E+02,-4.250890E-09
1641733691
-1.999920E+02,-4.259783E-09
1641733695
-1.999920E+02,-4.244536E-09
1641733699
-1.999920E+02,-4.232255E-09
1641733703
-1.999919E+02,-4.227596E-09
1641733707
-1.999920E+02,-4.203459E-09
1641733711
-1.999920E+02,-4.214468E-09
1641733715
-1.999921E+02,-4.214469E-09
1641733719
-1.999921E+02,-4.221244E-09
1641733723
-1.999921E+02,-4.225902E-09
1641733727
-1.999921E+02,-4.229713E-09
1641733731
-1.999921E+02,-4.239877E-09
1641733735
-1.999921E+02,-4.219126E-09
1641733739
-1.999921E+02,-4.229714E-09
1641733743
-1.999922E+02,-4.219550E-09
1641733747
-1.999921E+02,-4.234372E-09
1641733751
-1.999921E+02,-3.545782E-09
1641733755
-1.999921E+02,-3.520795E-09
1641733759
-1.999921E+02,-3.511055E-09
1641733763
-1.999921E+02,-3.518678E-09
1641733768
-1.999921E+02,-3.515290E-09
1641733772
-1.999921E+02,-3.509785E-09
1641733776
-1.999921E+02,-3.496233E-09
1641733780
-1.999921E+02,-3.495810E-09
1641733784
-1.999921E+02,-3.502161E-09
1641733788
-1.999922E+02,-3.504702E-09
1641733792
-1.999921E+02,-3.509784E-09
1641733796
-1.999922E+02,-3.498352E-09
1641733800
-1.999921E+02,-3.502585E-09
1641733804
-1.999921E+02,-3.484800E-09
1641733808
-1.999920E+02,-3.493269E-09
1641733812
-1.999921E+02,-3.493269E-09
1641733816
-1.999921E+02,-3.482257E-09
1641733820
-1.999921E+02,-3.504702E-09
1641733824
-1.999922E+02,-3.487763E-09
1641733828
-1.999922E+02,-3.494963E-09
1641733832
-1.999922E+02,-3.497504E-09
1641733836
-1.999922E+02,-3.491998E-09
1641733840
-1.999922E+02,-3.498774E-09
1641733844
-1.999921E+02,-3.479717E-09
1641733848
-1.999921E+02,-3.490728E-09
1641733852
-1.999921E+02,-3.498775E-09
1641733856
-1.999921E+02,-3.505974E-09
1641733860
-1.999921E+02,-3.502163E-09
1641733864
-1.999922E+02,-3.500469E-09
1641733868
-1.999921E+02,-3.408995E-09
1641733872
-1.999922E+02,-3.493270E-09
1641733876
-1.999922E+02,-3.533925E-09
1641733880
-1.999921E+02,-3.540700E-09
1641733884
-1.999923E+02,-2.107668E-07
1641733888
-1.999922E+02,-3.485223E-09
1641733892
-1.999921E+02,-3.569920E-09
1641733896
-1.999922E+02,-3.569921E-09
1641733900
-1.999921E+02,-3.578390E-09
1641733904
-1.999921E+02,-7.407567E-09
1641733908
-1.999921E+02,-3.548747E-09
1641733912
-1.999921E+02,-3.595330E-09
1641733916
-1.999922E+02,-3.598718E-09
1641733920
-1.999921E+02,-4.578315E-08
1641733924
-1.999921E+02,-3.520373E-09
1641733928
-1.999921E+02,-3.602952E-09
1641733932
-1.999922E+02,-3.608035E-09
1641733936
-1.999921E+02,-3.625397E-09
1641733940
-1.999921E+02,-2.908900E-07
1641733944
-1.999921E+02,-3.577966E-09
1641733948
-1.999922E+02,-3.632173E-09
1641733952
-1.999922E+02,-3.611423E-09
1641733956
-1.999920E+02,-3.613962E-09
1641733960
-1.999921E+02,-3.151091E-09
1641733964
-1.999921E+02,-3.590671E-09
1641733968
-1.999920E+02,-3.648266E-09
1641733972
-1.999920E+02,-3.653772E-09
1641733976
-1.999921E+02,-1.902259E-07
1641733980
-1.999921E+02,-3.572039E-09
1641733984
-1.999921E+02,-3.674523E-09
1641733988
-1.999921E+02,-3.671981E-09
1641733992
-1.999921E+02,-3.670288E-09
1641733996
-1.999921E+02,-2.844055E-07
1641734000
-1.999920E+02,-3.636831E-09
1641734004
-1.999921E+02,-3.705436E-09
1641734008
-1.999921E+02,-3.699084E-09
1641734012
-1.999919E+02,-7.241128E-09
1641734016
-1.999920E+02,-3.632596E-09
1641734020
-1.999921E+02,-3.673253E-09
1641734024
-1.999921E+02,-3.738892E-09
1641734028
-1.999920E+02,-3.743128E-09
1641734032
-1.999921E+02,-4.731971E-07
1641734036
-1.999920E+02,-3.692309E-09
1641734040
-1.999921E+02,-3.748211E-09
1641734044
-1.999919E+02,-3.752444E-09
1641734048
-1.999921E+02,-3.737201E-09
1641734052
-1.999920E+02,-6.563555E-09
1641734056
-1.999921E+02,-3.737198E-09
1641734060
-1.999921E+02,-3.768536E-09
1641734064
-1.999922E+02,-3.763456E-09
1641734068
-1.999921E+02,-1.395315E-07
1641734072
-1.999922E+02,-3.722377E-09
1641734076
-1.999921E+02,-3.775737E-09
1641734081
-1.999922E+02,-3.783359E-09
1641734085
-1.999921E+02,-3.801570E-09
1641734089
-1.999925E+02,-2.820105E-07
1641734093
-1.999921E+02,-3.768961E-09
1641734097
-1.999923E+02,-3.810464E-09
1641734101
-1.999921E+02,-3.811733E-09
1641734105
-1.999921E+02,-3.810039E-09
1641734109
-1.999922E+02,-3.716026E-09
1641734113
-1.999923E+02,-3.808347E-09
1641734117
-1.999923E+02,-3.830790E-09
1641734121
-1.999922E+02,-3.839683E-09
1641734125
-1.999894E+02,-3.383803E-07
1641734129
-1.999921E+02,-3.794370E-09
1641734133
-1.999922E+02,-3.854928E-09
1641734137
-1.999922E+02,-3.877797E-09
1641734141
-1.999920E+02,-3.865515E-09
1641734145
-1.999921E+02,-1.334011E-07
1641734149
-1.999923E+02,-3.841377E-09
1641734153
-1.999921E+02,-3.890501E-09
1641734157
-1.999920E+02,-3.893465E-09
1641734161
-1.999921E+02,-3.748449E-08
