1645753688
+8.883558E-03,+2.263677E-10
1645753694
-2.000180E+01,+8.347106E-11
1645753700
-4.000407E+01,+2.134198E-11
1645753706
-6.000700E+01,-2.090549E-11
1645753712
-7.999394E+01,-7.847833E-11
1645753718
-1.000006E+02,-9.214665E-11
1645753724
-1.200026E+02,+7.435891E-11
1645753730
-1.400072E+02,+3.169676E-11
1645753736
-1.600093E+02,+5.364928E-11
1645753742
-1.799962E+02,-9.877369E-11
1645753748
-1.999973E+02,-1.058150E-10
1645753754
-2.200013E+02,-8.593379E-11
1645753760
-2.400087E+02,-2.256223E-11
1645753766
DCL
-2.400092E+02,-1.386419E-11
1645753772
-2.800157E+02,-1.811982E-10
1645753778
-2.999987E+02,-6.563829E-11
1645753784
-3.200032E+02,-1.882395E-10
1645753790
-3.400040E+02,-9.307818E-12
1645753796
-3.600079E+02,-1.356370E-10
1645753802
-3.800090E+02,-9.587437E-11
1645753809
-4.000114E+02,-1.364653E-10
1645753815
-4.199956E+02,-1.849259E-10
1645753821
-4.399984E+02,-3.664467E-11
1645753827
-4.399974E+02,-1.555182E-10
1645753833
-4.800006E+02,-2.271763E-10
1645753839
-5.000051E+02,-2.333899E-10
1645753845
-5.199908E+02,-1.936240E-10
1645753851
-5.399944E+02,-8.676231E-11
1645753857
-5.599954E+02,-1.091286E-10
1645753863
-5.799983E+02,-2.246909E-10
1645753869
-5.999990E+02,-2.781275E-10
1645753875
-6.200025E+02,-1.422640E-10
1645753881
-6.399834E+02,-2.292475E-10
1645753887
-6.599878E+02,-1.190692E-10
1645753893
-6.799896E+02,-2.391893E-10
1645753899
-6.999904E+02,-9.256085E-11
1645753905
-7.199924E+02,-1.849259E-10
1645753911
-7.399972E+02,-1.824408E-10
1645753917
-7.599801E+02,-2.246909E-10
1645753923
-7.799813E+02,-1.774704E-10
1645753929
-7.999853E+02,-3.087811E-10
1645753935
-8.199880E+02,-3.207942E-10
1645753941
-8.399899E+02,-3.601466E-10
1645753947
-8.599717E+02,-2.338041E-10
1645753953
-8.799767E+02,-3.464768E-10
1645753959
-8.999775E+02,-3.738164E-10
1645753965
-9.199794E+02,-4.094412E-10
1645753971
-9.399793E+02,-4.119262E-10
1645753977
-9.599835E+02,-3.162374E-10
1645753983
-9.799670E+02,-3.344640E-10
1645753989
-9.999668E+02,-2.462312E-10
1645753995
-9.999690E+02,-1.994227E-10
1645754001
-9.799689E+02,-2.130923E-10
1645754007
-9.599854E+02,-1.588318E-10
1645754013
-9.399817E+02,-2.673574E-10
1645754019
-9.199818E+02,-2.946971E-10
1645754025
-8.999820E+02,-1.054009E-10
1645754031
-8.799806E+02,-1.869969E-10
1645754037
-8.599792E+02,-1.397788E-10
1645754043
-8.399971E+02,-2.615581E-10
1645754049
-8.199965E+02,-2.855839E-10
1645754055
-7.999916E+02,-3.788732E-11
1645754061
-7.799897E+02,-5.859731E-11
1645754067
-7.599883E+02,-1.517904E-10
1645754074
-7.400069E+02,+2.299952E-11
1645754080
-7.200001E+02,-3.250290E-11
1645754086
-6.999993E+02,-2.164061E-10
1645754092
-6.799991E+02,-2.670417E-11
1645754098
-6.599979E+02,+2.341313E-11
1645754104
-6.399935E+02,+9.744788E-12
1645754110
-6.200114E+02,+2.002737E-10
1645754116
-6.000098E+02,+2.879791E-11
1645754122
-5.800084E+02,-9.090420E-11
1645754128
-5.600032E+02,-3.250279E-11
1645754134
-5.400037E+02,-3.095330E-12
1645754140
-5.200012E+02,+9.382617E-11
1645754146
-5.000138E+02,+9.548298E-11
1645754152
-4.800100E+02,-6.398164E-11
1645754158
-4.600099E+02,+9.382597E-11
1645754164
-4.400069E+02,-1.000163E-10
1645754170
-4.200041E+02,-2.681258E-12
1645754176
-4.000204E+02,+9.341214E-11
1645754182
-3.800156E+02,-3.415962E-11
1645754188
-3.600151E+02,-2.960351E-11
1645754194
-3.400110E+02,-2.380479E-11
1645754200
-3.200103E+02,+1.344166E-10
1645754206
-3.000042E+02,-3.788724E-11
1645754212
-2.800209E+02,+2.175646E-11
1645754218
-2.600139E+02,+5.323522E-11
1645754224
-2.400143E+02,-1.852796E-12
1645754230
-2.200049E+02,+1.675526E-10
1645754236
-2.000025E+02,+2.185613E-13
1645754242
-1.800014E+02,+1.269614E-10
1645754248
-1.600146E+02,+5.861975E-11
1645754254
-1.400116E+02,+7.145998E-11
1645754260
-1.200065E+02,+7.601583E-11
1645754266
-1.000033E+02,+3.501063E-11
1645754272
-7.999717E+01,+1.671383E-10
1645754278
-6.000879E+01,+1.253048E-10
1645754284
-4.000291E+01,+1.737655E-10
1645754290
-2.000224E+01,+2.077296E-10
1645754296
+6.842543E-03,+6.193304E-11
