1641733503
+1.121338E-03,-2.019957E-09
1641733509
-9.888884E-01,-2.432009E-09
1641733515
-1.990156E+00,-2.583617E-09
1641733521
-2.991796E+00,-2.646293E-09
1641733527
-3.993015E+00,-2.719980E-09
1641733533
-4.994118E+00,-2.782234E-09
1641733539
-5.992043E+00,-2.831358E-09
1641733545
-6.992783E+00,-2.885141E-09
1641733551
-7.993950E+00,-2.913091E-09
1641733557
-8.995187E+00,-2.966451E-09
1641733563
-9.996837E+00,-3.021081E-09
1641733569
-1.999216E+01,-3.406031E-09
1641733575
-2.999282E+01,-3.637680E-09
1641733581
-4.000098E+01,-3.771501E-09
1641733587
-4.999307E+01,-3.873138E-09
1641733593
-5.999758E+01,-3.936663E-09
1641733599
-6.999825E+01,-3.985363E-09
1641733605
-7.999264E+01,-4.031099E-09
1641733611
-8.999992E+01,-4.059050E-09
1641733618
-9.999749E+01,-4.135277E-09
1641733624
-1.099960E+02,-4.147982E-09
1641733630
-1.200003E+02,-4.168311E-09
1641733636
-1.299958E+02,-4.179320E-09
1641733642
-1.399973E+02,-4.194568E-09
1641733648
-1.499978E+02,-4.219552E-09
1641733654
-1.599905E+02,-4.203461E-09
1641733660
-1.699911E+02,-4.270794E-09
1641733666
-1.799922E+02,-4.232680E-09
1641733672
-1.899847E+02,-4.261054E-09
1641733678
-1.999919E+02,-4.258089E-09
