1641807239
-1.439473E+00,-4.755297E-07
1641807241
-1.439500E+00,-4.742436E-07
1641807245
-1.439700E+00,-4.329198E-07
1641807249
-1.439481E+00,-4.311903E-07
1641807253
-1.439523E+00,-4.009666E-07
1641807257
-1.439592E+00,-4.277269E-07
1641807261
-1.439541E+00,-4.270475E-07
1641807265
-1.439617E+00,-3.958200E-07
1641807269
-1.439576E+00,-3.864377E-07
1641807273
-1.439550E+00,-3.909307E-07
1641807277
-1.439566E+00,-3.983387E-07
1641807281
-1.439576E+00,-3.845392E-07
1641807285
-1.439728E+00,-3.772366E-07
1641807289
-1.439585E+00,-3.673984E-07
1641807293
-1.439492E+00,-3.595430E-07
1641807297
-1.439500E+00,-3.941074E-07
1641807301
-1.439550E+00,-3.696636E-07
1641807305
-1.439500E+00,-3.418702E-07
1641807309
-1.439576E+00,-3.558978E-07
1641807313
-1.439576E+00,-3.635592E-07
1641807317
-1.439576E+00,-3.449668E-07
1641807321
-1.439483E+00,-3.400984E-07
1641807325
-1.439585E+00,-3.779033E-07
1641807329
-1.439653E+00,-3.394448E-07
1641807333
-1.439636E+00,-3.222024E-07
1641807337
-1.439584E+00,-3.674278E-07
1641807341
-1.439636E+00,-3.863199E-07
1641807345
-1.439678E+00,-3.606653E-07
1641807349
-1.439560E+00,-3.426932E-07
1641807353
-1.439543E+00,-3.605344E-07
1641807357
-1.439577E+00,-3.473676E-07
1641807361
-1.439619E+00,-3.450979E-07
1641807365
-1.439618E+00,-3.180171E-07
1641807369
-1.439484E+00,-3.488020E-07
1641807373
-1.439527E+00,-3.208229E-07
1641807377
-1.439636E+00,-3.157729E-07
1641807381
-1.439534E+00,-3.041289E-07
1641807385
-1.439509E+00,-3.030195E-07
1641807389
-1.439568E+00,-3.014838E-07
1641807393
-1.439534E+00,-3.687567E-07
1641807397
-1.439601E+00,-3.802445E-07
1641807401
-1.439501E+00,-3.672043E-07
1641807405
-1.439643E+00,-3.767470E-07
1641807409
-1.439552E+00,-3.836958E-07
1641807413
-1.439661E+00,-3.455829E-07
1641807417
-1.439568E+00,-3.069767E-07
1641807421
-1.439645E+00,-3.066308E-07
1641807425
-1.439568E+00,-3.187049E-07
1641807429
-1.439553E+00,-3.641376E-07
1641807433
-1.439645E+00,-3.431066E-07
1641807437
-1.439459E+00,-3.346226E-07
1641807441
-1.439586E+00,-3.492745E-07
1641807445
-1.439526E+00,-3.107905E-07
1641807450
-1.439577E+00,-3.248012E-07
1641807454
-1.439534E+00,-3.199832E-07
1641807458
-1.439534E+00,-3.426677E-07
1641807462
-1.439653E+00,-3.157435E-07
1641807466
-1.439551E+00,-3.222445E-07
1641807470
-1.439610E+00,-3.306189E-07
1641807474
-1.439618E+00,-3.136168E-07
1641807478
-1.439484E+00,-3.187092E-07
1641807482
-1.439627E+00,-3.014205E-07
1641807486
-1.439653E+00,-3.020577E-07
1641807490
-1.439620E+00,-3.293871E-07
1641807494
-1.439542E+00,-3.211433E-07
1641807498
-1.439592E+00,-3.215312E-07
1641807502
-1.439542E+00,-3.414526E-07
1641807506
-1.439542E+00,-4.058821E-07
1641807510
-1.439618E+00,-3.636478E-07
1641807514
-1.439558E+00,-3.325170E-07
1641807518
-1.439542E+00,-3.201138E-07
1641807522
-1.439466E+00,-3.396215E-07
1641807526
-1.439634E+00,-3.199787E-07
1641807530
-1.439508E+00,-3.400603E-07
1641807534
-1.439568E+00,-3.453171E-07
1641807538
-1.439567E+00,-2.983194E-07
1641807542
-1.439567E+00,-3.247460E-07
1641807546
-1.439575E+00,-3.439078E-07
1641807550
-1.439550E+00,-3.123724E-07
1641807554
-1.439483E+00,-3.469833E-07
1641807558
-1.439568E+00,-3.250289E-07
1641807562
-1.439702E+00,-3.276485E-07
1641807566
-1.439660E+00,-3.552987E-07
1641807570
-1.439575E+00,-3.674487E-07
1641807574
-1.439626E+00,-3.763168E-07
1641807578
-1.439559E+00,-3.716676E-07
1641807582
-1.439651E+00,-3.608590E-07
1641807586
-1.439660E+00,-3.559019E-07
1641807590
-1.439600E+00,-3.505228E-07
1641807594
-1.439500E+00,-3.462578E-07
1641807598
-1.439559E+00,-3.427816E-07
1641807602
-1.439500E+00,-3.432244E-07
1641807606
-1.439659E+00,-3.392965E-07
1641807610
-1.439769E+00,-3.439247E-07
1641807614
-1.439601E+00,-3.038883E-07
1641807618
-1.439626E+00,-2.949865E-07
1641807622
-1.439769E+00,-3.167386E-07
1641807626
-1.439584E+00,-3.257333E-07
1641807630
-1.439541E+00,-2.871565E-07
1641807634
-1.439609E+00,-2.882070E-07
1641807638
-1.439710E+00,-2.928053E-07
1641807642
-1.439736E+00,-3.157515E-07
1641807646
-1.439534E+00,-3.099551E-07
1641807650
-1.439568E+00,-3.236367E-07
1641807654
-1.439626E+00,-2.837604E-07
1641807658
-1.439644E+00,-3.262017E-07
1641807662
-1.439627E+00,-3.079343E-07
1641807666
-1.439593E+00,-3.468696E-07
1641807670
-1.439652E+00,-3.324414E-07
1641807674
-1.439736E+00,-3.109548E-07
1641807678
-1.439686E+00,-3.282056E-07
1641807682
-1.439475E+00,-3.136296E-07
1641807686
-1.439517E+00,-3.543412E-07
1641807690
-1.439634E+00,-3.333397E-07
1641807694
-1.439559E+00,-3.112206E-07
1641807698
-1.439534E+00,-3.118408E-07
1641807702
-1.439686E+00,-3.248221E-07
1641807706
-1.439668E+00,-3.072970E-07
1641807710
-1.439559E+00,-3.176501E-07
1641807714
-1.439618E+00,-3.121066E-07
1641807718
-1.439559E+00,-3.234933E-07
1641807722
-1.439568E+00,-3.153721E-07
1641807726
-1.439501E+00,-3.171862E-07
1641807730
-1.439611E+00,-2.941221E-07
1641807734
-1.439736E+00,-2.835579E-07
1641807738
-1.439593E+00,-2.954086E-07
1641807742
-1.439694E+00,-3.151315E-07
1641807746
-1.439601E+00,-3.138996E-07
1641807750
-1.439584E+00,-3.144565E-07
1641807754
-1.439569E+00,-3.304882E-07
1641807758
-1.439652E+00,-3.282055E-07
1641807763
-1.439568E+00,-3.176967E-07
1641807767
-1.439602E+00,-3.042175E-07
1641807771
-1.439694E+00,-3.231007E-07
1641807775
-1.439627E+00,-3.117059E-07
1641807779
-1.439593E+00,-3.180468E-07
1641807783
-1.439660E+00,-2.867558E-07
1641807787
-1.439611E+00,-3.270626E-07
1641807791
-1.439576E+00,-2.721673E-07
1641807795
-1.439551E+00,-3.125876E-07
1641807799
-1.439594E+00,-3.343273E-07
1641807803
-1.439593E+00,-3.302517E-07
1641807807
-1.439492E+00,-3.339643E-07
1641807811
-1.439618E+00,-3.323611E-07
1641807815
-1.439694E+00,-3.308928E-07
1641807819
-1.439669E+00,-3.197004E-07
1641807823
-1.439727E+00,-3.054787E-07
1641807827
-1.439627E+00,-3.638924E-07
1641807831
-1.439619E+00,-3.479792E-07
1641807835
-1.439678E+00,-3.338926E-07
1641807839
-1.439703E+00,-3.681745E-07
1641807843
-1.439703E+00,-3.250078E-07
1641807847
-1.439577E+00,-3.336818E-07
1641807851
-1.439694E+00,-3.227127E-07
1641807855
-1.439628E+00,-3.212194E-07
1641807859
-1.439535E+00,-3.182453E-07
1641807863
-1.439510E+00,-3.079050E-07
1641807867
-1.439510E+00,-3.328129E-07
1641807871
-1.439612E+00,-3.312478E-07
1641807875
-1.439628E+00,-3.468488E-07
1641807879
-1.439661E+00,-3.338336E-07
1641807883
-1.439501E+00,-3.110100E-07
1641807887
-1.439619E+00,-3.581973E-07
1641807891
-1.439577E+00,-3.447521E-07
1641807895
-1.439484E+00,-3.397611E-07
1641807899
-1.439661E+00,-3.316693E-07
1641807903
-1.439721E+00,-3.455578E-07
1641807907
-1.439687E+00,-3.281340E-07
1641807911
-1.439593E+00,-3.342892E-07
1641807915
-1.439661E+00,-3.156210E-07
1641807919
-1.439687E+00,-3.555689E-07
1641807923
-1.439721E+00,-3.509705E-07
1641807927
-1.439712E+00,-3.410057E-07
1641807931
-1.439645E+00,-3.622431E-07
1641807935
-1.439687E+00,-3.425246E-07
1641807939
-1.439703E+00,-3.529490E-07
1641807943
-1.439620E+00,-3.417652E-07
1641807947
-1.439610E+00,-3.505315E-07
1641807951
-1.439671E+00,-3.606782E-07
1641807955
-1.439628E+00,-3.328676E-07
1641807959
-1.439619E+00,-3.642723E-07
1641807963
-1.439729E+00,-3.485404E-07
1641807967
-1.439619E+00,-3.542823E-07
1641807971
-1.439695E+00,-3.437100E-07
1641807975
-1.439568E+00,-3.577120E-07
1641807979
-1.439737E+00,-3.394235E-07
1641807983
-1.439618E+00,-3.247167E-07
1641807987
-1.439636E+00,-3.547379E-07
1641807991
-1.439551E+00,-3.644832E-07
1641807995
-1.439678E+00,-3.422880E-07
1641807999
-1.439612E+00,-3.535990E-07
1641808003
-1.439644E+00,-3.337366E-07
1641808007
-1.439552E+00,-3.620111E-07
1641808011
-1.439560E+00,-3.480384E-07
1641808015
-1.439643E+00,-3.588636E-07
1641808019
-1.439628E+00,-3.841050E-07
1641808023
-1.439644E+00,-3.540712E-07
1641808027
-1.439703E+00,-3.669428E-07
1641808031
-1.439705E+00,-3.631926E-07
1641808035
-1.439695E+00,-3.325722E-07
