1645682199
-3.725532E-03,+1.907793E-08
1645682205
-2.001307E+01,-6.310811E-08
1645682211
-4.001311E+01,-6.666102E-08
1645682217
-6.002061E+01,-6.875630E-08
1645682223
-8.000614E+01,-7.094433E-08
1645682229
-1.000126E+02,-7.265920E-08
1645682235
-1.200156E+02,-7.409452E-08
1645682241
-1.400197E+02,-7.596024E-08
1645682247
-1.600227E+02,-7.742672E-08
1645682253
-1.800082E+02,-7.924012E-08
1645682259
-2.000110E+02,-8.066561E-08
1645682266
-2.200130E+02,-8.233450E-08
1645682272
-2.400212E+02,-8.291279E-08
1645682278
-2.600225E+02,-8.234649E-08
1645682284
-2.800268E+02,-8.275455E-08
1645682290
-3.000103E+02,-8.355732E-08
1645682296
-3.200156E+02,-8.415762E-08
1645682302
-3.400165E+02,-8.516878E-08
1645682308
-3.600215E+02,-8.608139E-08
1645682314
-3.800221E+02,-8.695572E-08
1645682320
-4.000258E+02,-8.802786E-08
1645682326
-4.200089E+02,-8.883431E-08
1645682332
-4.400116E+02,-8.954601E-08
1645682338
-4.600139E+02,-9.032483E-08
1645682344
DCL
-4.600142E+02,-8.999955E-08
1645682350
DCL
-4.600149E+02,-9.006998E-08
1645682356
-5.200051E+02,-9.258064E-08
1645682362
-5.400096E+02,-9.303555E-08
1645682368
-5.600106E+02,-9.364523E-08
1645682374
-5.800139E+02,-9.412494E-08
1645682380
-6.000140E+02,-9.508245E-08
1645682386
-6.200171E+02,-9.586680E-08
1645682392
-6.399988E+02,-9.625909E-08
1645682398
-6.600035E+02,-9.712831E-08
1645682404
-6.800023E+02,-9.873946E-08
1645682410
-7.000045E+02,-9.963062E-08
1645682416
-7.200058E+02,-1.002821E-07
1645682422
-7.400098E+02,-1.006503E-07
1645682428
-7.599937E+02,-1.014341E-07
1645682434
-7.799959E+02,-1.020205E-07
1645682440
-7.999999E+02,-1.026934E-07
1645682446
-8.200047E+02,-1.037800E-07
