1645769862
+8.384669E-03,+5.785573E-11
1645769870
-5.000317E+01,-1.366101E-10
1645769878
-9.999962E+01,-2.062060E-10
1645769886
-1.500061E+02,-6.231131E-11
1645769894
-1.999983E+02,-2.283594E-10
1645769902
-2.500096E+02,-8.347460E-11
1645769910
-2.999979E+02,-3.078978E-10
1645769918
-3.500026E+02,-3.017509E-10
1645769926
-4.000119E+02,-3.345888E-10
1645769934
-4.499998E+02,-2.644983E-10
1645769942
-5.000032E+02,-1.784831E-10
1645769950
-5.499918E+02,-2.269153E-10
1645769958
-5.999980E+02,-2.076498E-10
1645769966
-6.499831E+02,-1.996879E-10
1645769974
-6.999883E+02,-3.852080E-10
1645769982
-7.499779E+02,-3.647049E-10
1645769990
-7.999819E+02,-4.398706E-10
1645769999
-8.499851E+02,-3.112808E-10
1645770007
-8.999734E+02,-5.063307E-10
1645770015
-9.499777E+02,-5.412320E-10
1645770023
-9.999618E+02,-3.629713E-10
1645770031
-9.999651E+02,-3.722544E-10
1645770039
-9.499805E+02,-2.926751E-10
1645770047
-8.999771E+02,-2.316601E-10
1645770055
-8.499875E+02,-4.102403E-11
1645770063
-7.999860E+02,+1.099645E-11
1645770071
-7.499838E+02,-3.392826E-11
1645770079
-6.999951E+02,-3.070116E-12
1645770087
-6.499905E+02,+7.604664E-11
1645770095
-6.000048E+02,+2.452625E-11
1645770103
-5.499992E+02,+1.181208E-10
1645770111
-5.000096E+02,-4.609826E-11
1645770119
-4.500061E+02,+4.515087E-11
1645770127
-4.000173E+02,+5.195707E-11
1645770135
-3.500089E+02,+1.914212E-10
1645770143
-3.000022E+02,+1.543378E-10
1645770151
-2.500157E+02,+2.297830E-10
1645770159
-2.000008E+02,+7.518049E-11
1645770167
-1.500095E+02,+2.159644E-10
1645770175
-1.000031E+02,+2.292467E-10
1645770183
-5.000433E+01,+2.207904E-10
1645770191
+8.157893E-03,+3.489525E-10
