1645683789
-4.542033E-03,-3.565939E-08
1645683795
-2.001424E+01,-5.340912E-08
1645683801
-4.001521E+01,-5.658960E-08
1645683808
-6.002142E+01,-5.875769E-08
1645683814
-8.000854E+01,-6.069092E-08
1645683820
-1.000144E+02,-6.236787E-08
1645683826
-1.200156E+02,-6.397087E-08
1645683832
-1.400210E+02,-6.569204E-08
1645683838
-1.600223E+02,-6.706195E-08
1645683844
-1.800100E+02,-6.852250E-08
1645683850
-2.000125E+02,-6.967704E-08
1645683856
-2.200150E+02,-7.008624E-08
1645683862
-2.400223E+02,-6.898480E-08
1645683868
-2.600233E+02,-6.831254E-08
1645683874
-2.800281E+02,-6.888206E-08
1645683880
-3.000118E+02,-6.974825E-08
1645683886
-3.200172E+02,-7.029753E-08
1645683892
-3.400182E+02,-7.114673E-08
1645683898
-3.600228E+02,-7.181073E-08
1645683904
-3.800240E+02,-7.264587E-08
1645683910
-4.000265E+02,-7.363963E-08
1645683916
-4.200093E+02,-7.425803E-08
1645683922
-4.400126E+02,-7.491836E-08
1645683928
-4.600157E+02,-7.565487E-08
1645683934
-4.800165E+02,-7.637683E-08
1645683940
-5.000191E+02,-7.686491E-08
1645683946
-5.200059E+02,-7.752265E-08
1645683952
-5.400085E+02,-7.814982E-08
1645683958
-5.600102E+02,-7.875707E-08
1645683964
-5.800132E+02,-7.940741E-08
1645683970
-6.000135E+02,-7.982082E-08
1645683976
-6.200161E+02,-8.057889E-08
1645683982
-6.399990E+02,-8.118034E-08
1645683988
-6.600031E+02,-8.188662E-08
1645683994
DCL
-6.600032E+02,-8.156637E-08
1645684000
-7.000062E+02,-8.324244E-08
1645684006
-7.200074E+02,-8.383891E-08
1645684012
-7.400115E+02,-8.457793E-08
1645684018
-7.599960E+02,-8.517564E-08
1645684024
-7.799981E+02,-8.570182E-08
1645684030
-8.000004E+02,-8.633141E-08
1645684036
-8.200047E+02,-8.631271E-08
1645684042
-8.400066E+02,-8.798211E-08
1645684048
-8.599890E+02,-8.888144E-08
1645684054
-8.799909E+02,-1.375989E-08
1645684060
-8.999932E+02,-1.384026E-08
1645684066
-9.199937E+02,-1.391772E-08
1645684072
-9.399961E+02,-1.624325E-08
1645684078
-9.600002E+02,-9.211536E-08
1645684085
-9.799827E+02,-9.280052E-08
1645684091
-9.999843E+02,-9.365141E-08
1645684097
-9.999841E+02,-9.323625E-08
1645684103
-9.799848E+02,-9.143307E-08
1645684109
-9.600036E+02,-9.035364E-08
1645684115
-9.399987E+02,-1.351384E-08
1645684121
-9.199990E+02,-1.346040E-08
1645684127
-8.999990E+02,-1.311575E-08
1645684133
-8.799973E+02,-1.327358E-08
1645684139
-8.599948E+02,-1.286101E-08
1645684145
-8.400120E+02,-1.295918E-08
1645684151
-8.200110E+02,-1.277898E-08
1645684157
-8.000079E+02,-1.266465E-08
1645684163
-7.800051E+02,-1.271271E-08
1645684169
-7.600040E+02,-1.260086E-08
1645684175
-7.400222E+02,-1.239582E-08
1645684181
-7.200166E+02,-1.250476E-08
1645684187
-7.000161E+02,-1.240452E-08
1645684193
-6.800148E+02,-1.233327E-08
1645684199
-6.600120E+02,-1.230924E-08
1645684205
-6.400092E+02,-1.202342E-08
1645684211
-6.200263E+02,-1.186270E-08
1645684217
-6.000229E+02,-1.191613E-08
1645684223
-5.800213E+02,-1.189873E-08
1645684229
-5.600192E+02,-1.183619E-08
1645684235
-5.400187E+02,-1.161871E-08
1645684241
-5.200158E+02,-1.159840E-08
1645684247
-5.000286E+02,-1.151847E-08
1645684253
-4.800248E+02,-1.133122E-08
1645684259
-4.600248E+02,-1.131466E-08
1645684265
-4.400210E+02,-1.124963E-08
1645684271
-4.200177E+02,-1.112991E-08
1645684277
-4.000355E+02,-1.109759E-08
1645684283
-3.800310E+02,-1.094349E-08
1645684289
-3.600287E+02,-1.096587E-08
1645684295
-3.400252E+02,-1.086065E-08
1645684301
-3.200248E+02,-1.066141E-08
1645684307
-3.000180E+02,-1.053879E-08
1645684313
-2.800335E+02,-1.068088E-08
1645684319
-2.600294E+02,-1.050980E-08
1645684325
-2.400296E+02,-1.034907E-08
1645684331
-2.200197E+02,-1.012082E-08
1645684337
-2.000175E+02,-9.998636E-09
1645684343
-1.800149E+02,-9.978334E-09
1645684349
-1.600276E+02,-9.930277E-09
1645684355
-1.400247E+02,-9.584793E-09
1645684362
-1.200200E+02,-9.616284E-09
1645684368
-1.000168E+02,-9.412070E-09
1645684374
-8.000989E+01,-9.154421E-09
1645684380
-6.002258E+01,-8.998665E-09
1645684386
-4.001622E+01,-8.578202E-09
1645684392
-2.001536E+01,-8.238946E-09
1645684398
-4.496674E-03,+1.657404E-09
