1663821598
-1.000218E+01,-1.053656E-101663821600
-1.000228E+01,-1.091322E-101663821604
-1.000205E+01,-1.166654E-101663821608
-1.000216E+01,-1.124803E-101663821612
-1.000230E+01,-1.133173E-101663821616
-1.000224E+01,-1.116433E-101663821620
-1.000228E+01,-1.195950E-101663821624
-1.000209E+01,-1.124803E-101663821628
-1.000221E+01,-1.103877E-101663821632
-1.000212E+01,-1.057841E-101663821636
-1.000214E+01,-9.783236E-111663821640
-1.000224E+01,-1.057841E-101663821644
-1.000218E+01,-1.124803E-101663821648
-1.000208E+01,-1.066211E-101663821652
-1.000210E+01,-1.070396E-101663821656
-1.000207E+01,-1.045286E-101663821660
-1.000213E+01,-1.112247E-101663821664
-1.000230E+01,-1.124803E-101663821668
-1.000226E+01,-1.011805E-101663821672
-1.000226E+01,-1.149913E-101663821676
-1.000213E+01,-1.070396E-101663821680
-1.000204E+01,-1.070396E-101663821684
-1.000217E+01,-1.078767E-101663821688
-1.000216E+01,-1.103877E-101663821692
-1.000215E+01,-1.133173E-101663821696
-1.000206E+01,-1.041101E-101663821700
-1.000219E+01,-1.112248E-101663821704
-1.000206E+01,-1.082952E-10