1645767498
+8.747498E-03,+5.414319E-11
1645767506
-5.000233E+01,-1.791846E-10
1645767514
-1.000000E+02,-2.073613E-10
1645767523
-1.500068E+02,-1.941184E-10
1645767531
-1.999974E+02,-1.252240E-10
1645767539
-2.500096E+02,-1.406531E-10
1645767547
-2.999981E+02,-1.189946E-10
1645767555
-3.500031E+02,-2.336399E-10
1645767563
-4.000117E+02,-1.568246E-10
1645767571
-4.499992E+02,-3.404059E-10
1645767579
-5.000043E+02,-1.809583E-10
1645767587
-5.499935E+02,-1.935411E-10
1645767595
-5.999974E+02,-3.602905E-10
1645767603
-6.499830E+02,-3.652826E-10
1645767611
-6.999885E+02,-3.288137E-10
1645767619
-7.499772E+02,-2.789785E-10
1645767627
-7.999825E+02,-2.702737E-10
1645767635
-8.499828E+02,-3.297622E-10
1645767643
-8.999719E+02,-5.172636E-10
1645767651
-9.499768E+02,-3.897466E-10
1645767659
-9.999627E+02,-4.059592E-10
1645767667
-9.999642E+02,-2.561240E-10
1645767675
-9.499760E+02,-2.651168E-10
1645767683
-8.999751E+02,-2.458928E-10
1645767691
-8.499868E+02,-1.127652E-10
1645767699
-7.999871E+02,+7.665301E-13
1645767707
-7.499833E+02,+2.287625E-11
1645767715
-6.999948E+02,-1.420969E-10
1645767723
-6.499896E+02,+5.781449E-11
1645767732
1645767740
-5.499991E+02,+8.376026E-11
1645767748
-5.000093E+02,+5.463831E-11
1645767756
-4.500067E+02,+8.747267E-11
1645767764
-4.000182E+02,+1.370957E-10
1645767772
-3.500089E+02,+8.796772E-11
1645767780
-3.000017E+02,+1.979798E-10
1645767788
-2.500141E+02,+2.133242E-10
1645767796
-2.000013E+02,+2.916155E-10
1645767804
-1.500097E+02,+1.194410E-10
1645767812
-1.000029E+02,+1.790460E-10
1645767820
-5.000467E+01,+2.652571E-10
1645767828
+7.885754E-03,+3.027944E-10
