1645771212
+9.699980E-03,+1.425515E-11
1645771220
-5.000257E+01,+2.180380E-11
1645771229
-1.000011E+02,-9.547965E-11
1645771237
-1.500059E+02,-1.898279E-10
1645771245
-1.999983E+02,-1.821548E-10
1645771253
-2.500089E+02,-2.420148E-10
1645771261
-2.999986E+02,-1.459337E-10
1645771269
-3.500033E+02,-1.250177E-10
1645771277
-4.000117E+02,-1.104549E-10
1645771285
1645771293
-5.000024E+02,-2.588051E-10
1645771301
-5.499922E+02,-2.913547E-10
1645771309
-5.999981E+02,-2.697372E-10
1645771317
-6.499827E+02,-3.615698E-10
1645771325
-6.999874E+02,-3.408188E-10
1645771333
1645771341
-7.499780E+02,-1.911896E-10
1645771349
-8.499831E+02,-4.762153E-10
1645771357
-8.999720E+02,-5.061240E-10
1645771365
-9.499767E+02,-4.312069E-10
1645771373
-9.999630E+02,-4.580632E-10
1645771381
-9.999646E+02,-2.651589E-10
1645771389
-9.499791E+02,-1.902404E-10
1645771397
-8.999754E+02,-1.948197E-10
1645771405
-8.499874E+02,-5.785569E-11
1645771413
-7.999862E+02,-1.172618E-10
1645771421
-7.499823E+02,-5.430797E-11
1645771429
-6.999939E+02,-1.220474E-10
1645771438
-6.499890E+02,-6.416767E-11
1645771446
-6.000039E+02,-1.503388E-11
1645771454
-5.499993E+02,-3.029789E-11
1645771462
-5.000100E+02,-3.413454E-11
1645771470
-4.500066E+02,+1.033124E-10
1645771478
-4.000191E+02,+1.591640E-10
1645771486
1645771494
-3.500090E+02,+1.013023E-11
1645771502
-2.500151E+02,+2.659171E-10
1645771510
-2.000020E+02,+2.431066E-10
1645771518
-1.500102E+02,+1.054162E-10
1645771526
-1.000021E+02,+1.104073E-10
1645771534
-5.000588E+01,+2.813855E-10
1645771542
+8.293936E-03,+1.819747E-10
