1645780614
+8.102267E-04,-3.512471E-11
1645780622
-4.999965E+01,-1.380129E-10
1645780630
-9.999659E+01,-5.793830E-11
1645780638
-1.500034E+02,-1.364453E-10
1645780646
-1.999946E+02,-1.921801E-10
1645780654
-2.500063E+02,-2.091352E-10
1645780662
-2.999941E+02,-2.614870E-10
1645780670
-3.499999E+02,-3.051341E-10
1645780678
-4.000085E+02,-2.851258E-10
1645780687
-4.499977E+02,-1.882607E-10
1645780695
-5.000007E+02,-1.945726E-10
1645780703
-5.499911E+02,-2.229142E-10
1645780711
-5.999954E+02,-3.772464E-10
1645780719
-6.499793E+02,-3.706046E-10
1645780727
-6.999853E+02,-2.953156E-10
1645780735
-7.499745E+02,-4.334757E-10
1645780743
-7.999798E+02,-3.334347E-10
1645780751
-8.499815E+02,-4.277420E-10
1645780759
-8.999716E+02,-4.556710E-10
1645780767
-9.499744E+02,-5.147469E-10
1645780775
-9.999608E+02,-6.364060E-10
1645780783
-9.999619E+02,-4.771646E-10
1645780791
-9.499764E+02,-2.420974E-10
1645780799
-8.999741E+02,-2.096301E-10
1645780807
-8.499849E+02,-2.645395E-10
1645780815
-7.999845E+02,-2.288964E-10
1645780823
-7.499801E+02,-1.859504E-10
1645780831
-6.999921E+02,+6.170295E-12
1645780839
-6.499899E+02,-3.071053E-11
1645780847
-6.000031E+02,-1.260493E-10
1645780855
-5.499972E+02,-8.347475E-11
1645780863
-5.000081E+02,-1.136222E-11
1645780871
-4.500040E+02,+7.027184E-11
1645780879
-4.000182E+02,+1.545443E-10
1645780887
-3.500070E+02,+2.807369E-11
1645780896
-3.000007E+02,+9.828009E-11
1645780904
-2.500121E+02,+1.716627E-10
1645780912
-2.000005E+02,+1.835426E-10
1645780920
-1.500091E+02,+1.693527E-10
1645780928
-1.000011E+02,+1.496769E-10
1645780936
-5.000244E+01,+2.327943E-10
1645780944
+1.001749E-02,+2.966896E-10
