1645771888
+9.745347E-03,+1.059937E-10
1645771896
-5.000322E+01,-1.214605E-11
1645771904
-1.000004E+02,-1.286068E-10
1645771912
-1.500072E+02,-9.209677E-11
1645771920
-1.999986E+02,-8.945648E-11
1645771928
-2.500103E+02,-6.656038E-11
1645771936
-2.999977E+02,-1.788544E-10
1645771944
-3.500040E+02,-2.034831E-10
1645771952
-4.000117E+02,-2.615692E-10
1645771960
-4.500001E+02,-2.771635E-10
1645771968
-5.000038E+02,-1.536482E-10
1645771976
-5.499932E+02,-1.765855E-10
1645771984
-5.999973E+02,-4.047217E-10
1645771992
-6.499828E+02,-1.876416E-10
1645772000
-6.999866E+02,-2.431288E-10
1645772008
-7.499778E+02,-3.219242E-10
1645772016
-7.999810E+02,-3.959338E-10
1645772024
-8.499829E+02,-3.573614E-10
1645772032
-8.999725E+02,-5.118176E-10
1645772040
-9.499764E+02,-5.202334E-10
1645772048
-9.999609E+02,-5.706037E-10
1645772057
-9.999633E+02,-3.248530E-10
1645772065
-9.499802E+02,-1.535244E-10
1645772073
-8.999756E+02,-2.135909E-10
1645772081
-8.499877E+02,-3.962140E-11
1645772089
-7.999872E+02,-5.595803E-11
1645772097
-7.499833E+02,+4.172721E-11
1645772105
-6.999950E+02,-3.730185E-12
1645772113
-6.499905E+02,-9.263307E-11
1645772121
-6.000037E+02,-1.346619E-11
1645772129
-5.499998E+02,+9.056646E-11
1645772137
-5.000092E+02,-1.924179E-11
1645772145
-4.500075E+02,+1.082211E-10
1645772153
-4.000177E+02,+3.982976E-11
1645772161
-3.500081E+02,-6.865504E-12
1645772169
-3.000020E+02,+1.343017E-11
1645772177
-2.500131E+02,+4.383091E-11
1645774808
