1645765480
+9.926739E-03,+2.592867E-11
1645765486
-1.999933E+01,+3.384856E-11
1645765492
-4.000088E+01,+2.869237E-11
1645765498
-6.000606E+01,-5.009984E-11
1645765504
-7.999179E+01,+7.407761E-12
1645765510
-9.999845E+01,-1.422204E-10
1645765516
-1.200008E+02,-1.062055E-10
1645765522
-1.400051E+02,-6.111463E-11
1645765528
-1.600071E+02,-4.802780E-12
1645765534
-1.799946E+02,-1.621462E-10
1645765540
-1.999956E+02,-1.906529E-10
1645765546
-2.199992E+02,-1.583094E-10
1645765552
-2.400076E+02,-2.885394E-11
1645765558
-2.600066E+02,-3.467083E-11
1645765564
-2.800114E+02,+4.437814E-12
1645765570
-2.999961E+02,-4.576815E-11
1645765576
-3.200003E+02,-1.350741E-11
1645765582
-3.400009E+02,-2.154053E-10
1645765588
-3.600065E+02,-1.223774E-10
1645765594
-3.800067E+02,-5.983584E-11
1645765600
-4.000105E+02,-2.460158E-10
1645765606
-4.199942E+02,-9.931606E-11
