1645680813
-6.356484E-03,+2.172661E-09
1645680819
-2.001586E+01,-2.824779E-07
1645680825
-4.001543E+01,-2.983374E-07
1645680831
-6.002295E+01,-3.088376E-07
1645680837
-8.000857E+01,-3.144150E-07
1645680843
-1.000156E+02,-3.185981E-07
1645680849
-1.200173E+02,-3.236262E-07
1645680855
-1.400220E+02,-3.301924E-07
1645680861
-1.600251E+02,-3.357164E-07
1645680867
-1.600252E+02,-3.356078E-07
1645680873
-2.000132E+02,-3.454137E-07
1645680879
-2.200160E+02,-3.503866E-07
1645680885
-2.400239E+02,-3.554097E-07
1645680891
-2.600238E+02,-3.596431E-07
1645680897
-2.800296E+02,-3.636544E-07
1645680903
-3.000129E+02,-3.673709E-07
1645680909
-3.200183E+02,-3.709533E-07
1645680915
-3.400189E+02,-3.744526E-07
1645680921
-3.600234E+02,-3.780397E-07
1645680927
-3.800256E+02,-3.815040E-07
1645680933
-4.000285E+02,-3.856053E-07
1645680939
-4.200114E+02,-3.892088E-07
1645680945
-4.400149E+02,-3.925255E-07
1645680951
-4.600176E+02,-3.958904E-07
1645680957
-4.800183E+02,-3.987331E-07
1645680963
-5.000215E+02,-4.017627E-07
1645680969
-5.200093E+02,-4.043039E-07
1645680975
-5.400118E+02,-4.071329E-07
1645680981
-5.600148E+02,-4.099180E-07
1645680987
-5.800160E+02,-4.123879E-07
1645680993
-6.000174E+02,-4.149084E-07
1645680999
-6.200191E+02,-4.175662E-07
1645681005
-6.400020E+02,-4.200903E-07
1645681011
-6.600052E+02,-4.227298E-07
1645681017
-6.800070E+02,-4.257297E-07
1645681023
-7.000076E+02,-4.288827E-07
1645681029
-7.200096E+02,-4.315556E-07
1645681035
-7.400155E+02,-4.343719E-07
1645681041
-7.599985E+02,-4.370573E-07
1645681047
-7.799993E+02,-4.395953E-07
1645681053
-8.000032E+02,-4.423755E-07
1645681059
-8.200078E+02,-4.448477E-07
1645681065
-8.400097E+02,-4.469928E-07
1645681071
-8.599908E+02,-4.495775E-07
1645681077
-8.799961E+02,-4.523554E-07
1645681083
-8.999959E+02,-4.561157E-07
1645681090
-9.199970E+02,-4.588933E-07
1645681096
-9.399999E+02,-4.615709E-07
1645681102
-9.600039E+02,-4.645101E-07
1645681108
-9.799874E+02,-4.680045E-07
1645681114
-9.999869E+02,-4.714467E-07
1645681120
-9.999862E+02,-4.715513E-07
1645681126
-9.799875E+02,-4.683914E-07
1645681132
-9.600071E+02,-4.649499E-07
1645681138
-9.400021E+02,-4.614701E-07
1645681144
-9.200021E+02,-4.584091E-07
1645681150
-9.000020E+02,-4.551368E-07
1645681156
-8.800001E+02,-4.523039E-07
1645681162
-8.599961E+02,-4.494191E-07
1645681168
-8.400154E+02,-4.464685E-07
1645681174
-8.200156E+02,-4.437360E-07
1645681180
-8.000109E+02,-4.392453E-07
1645681186
-7.800079E+02,-4.359507E-07
1645681192
-7.600077E+02,-4.333224E-07
1645681198
-7.400248E+02,-4.323222E-07
1645681204
-7.200195E+02,-4.297296E-07
1645681210
-7.000186E+02,-4.286273E-07
1645681216
-7.000192E+02,-4.281923E-07
1645681222
1645681226
-6.400129E+02,-4.269619E-07
1645681232
-6.200305E+02,-4.301228E-07
1645681238
-6.000273E+02,-4.338713E-07
1645681244
-5.800272E+02,-4.352403E-07
1645681250
-5.600233E+02,-4.344579E-07
1645681256
-5.400222E+02,-4.292982E-07
1645681262
-5.200184E+02,-4.282647E-07
1645681268
-5.000313E+02,-4.242835E-07
1645681274
-4.800281E+02,-4.206473E-07
1645681280
-4.600284E+02,-4.168384E-07
1645681286
-4.400241E+02,-4.134631E-07
1645681292
-4.200218E+02,-4.093110E-07
1645681298
-4.000375E+02,-4.028283E-07
1645681304
-3.800339E+02,-3.984076E-07
1645681310
-3.600320E+02,-3.493384E-07
1645681316
-3.400289E+02,-3.914613E-07
1645681322
-3.200268E+02,-3.878393E-07
1645681328
-3.000222E+02,-3.837093E-07
1645681334
-2.800390E+02,-3.794656E-07
1645681340
-2.600316E+02,-3.746531E-07
1645681346
-2.400316E+02,-3.696078E-07
1645681352
-2.200235E+02,-3.638593E-07
1645681358
-2.000207E+02,-3.585984E-07
1645681364
-1.800169E+02,-3.536476E-07
1645681371
-1.600313E+02,-3.483319E-07
1645681377
-1.400277E+02,-3.420216E-07
1645681383
-1.200228E+02,-3.347779E-07
1645681389
-1.000217E+02,-3.283477E-07
1645681395
-8.001424E+01,-3.207734E-07
1645681401
-6.002696E+01,-3.117880E-07
1645681407
-4.002006E+01,-3.014479E-07
1645681413
-2.002022E+01,-2.873632E-07
1645681419
-7.218312E-03,-2.824685E-08
