1645777179
+1.944149E-03,-1.717919E-11
1645777187
1645777195
-4.999915E+01,+8.046086E-11
1645777203
-1.500023E+02,-2.027009E-10
1645777211
-1.999932E+02,-2.299698E-10
1645777219
-2.500068E+02,-1.423865E-10
1645777227
-2.999935E+02,-2.204401E-10
1645777235
-3.499999E+02,-2.276186E-10
1645777243
-4.000085E+02,-5.665967E-11
1645777251
-4.499970E+02,-3.006387E-10
1645777259
-5.000004E+02,-1.239869E-10
1645777268
-5.499891E+02,-1.626838E-10
1645777276
-5.999941E+02,-3.607054E-10
1645777284
-6.499799E+02,-3.618603E-10
1645777292
-6.999859E+02,-3.287745E-10
1645777300
-7.499730E+02,-3.645829E-10
1645777308
-7.999786E+02,-3.609527E-10
1645777316
-8.499805E+02,-3.208533E-10
1645777324
-8.999698E+02,-4.057139E-10
1645777332
-9.499747E+02,-3.145825E-10
1645777340
-9.999600E+02,-5.729183E-10
1645777348
-9.999615E+02,-3.431721E-10
1645777356
-9.499771E+02,-8.475399E-11
1645777364
-8.999727E+02,-1.562892E-10
1645777372
-8.499844E+02,-9.300487E-11
1645777380
-7.999836E+02,-3.755888E-11
1645777388
-7.499792E+02,-1.666853E-10
1645777396
-6.999911E+02,-3.570239E-11
1645777404
-6.499869E+02,+4.684231E-11
1645777412
-6.000015E+02,-8.896193E-11
1645777420
-5.499967E+02,+1.965891E-11
1645777428
1645777436
-5.000083E+02,-1.300926E-10
1645777444
-4.000165E+02,+9.073192E-11
1645777452
-3.500070E+02,+4.647111E-11
1645777460
-3.000010E+02,+4.251115E-11
1645777469
-2.500117E+02,+1.976917E-10
1645777477
-1.999985E+02,+6.639467E-11
1645777485
-1.500067E+02,+1.165129E-10
1645777493
-1.000012E+02,+1.653111E-10
1645777501
-5.000275E+01,+2.517701E-10
1645777509
+1.019896E-02,+2.898022E-10
