1645766148
+2.352324E-03,-5.373031E-11
1645766156
-4.999780E+01,-1.589288E-10
1645766164
-9.999653E+01,-2.289779E-10
1645766172
-1.500032E+02,-2.312058E-10
1645766180
-1.999950E+02,-1.608676E-10
1645766188
-2.500069E+02,-1.160654E-10
1645766197
-2.999950E+02,-1.453969E-10
1645766205
-3.500010E+02,-1.161480E-10
1645766213
-4.000107E+02,-1.292255E-10
1645766221
-4.499978E+02,-2.655295E-10
1645766229
-5.000010E+02,-2.982853E-10
1645766237
-5.499915E+02,-3.435828E-10
1645766245
-5.999958E+02,-3.666016E-10
1645766253
-6.499816E+02,-2.608263E-10
1645766261
-6.999860E+02,-2.147863E-10
1645766269
-7.499770E+02,-4.365283E-10
1645766277
-7.999800E+02,-4.384252E-10
1645766285
-8.499824E+02,-3.146217E-10
1645766293
-8.999725E+02,-5.092177E-10
1645766301
-9.499749E+02,-5.219241E-10
1645766309
-9.999641E+02,-5.610757E-10
1645766317
-9.999609E+02,-4.309168E-10
1645766325
-9.499788E+02,-2.554223E-10
1645766333
-8.999747E+02,-1.159003E-10
1645766341
-8.499858E+02,-5.645302E-11
1645766349
-7.999850E+02,-1.416842E-10
1645766357
-7.499818E+02,+2.266998E-11
1645766365
-6.999929E+02,-3.421702E-11
1645766373
-6.499897E+02,-1.006364E-10
1645766381
-6.000035E+02,+5.109069E-11
1645766389
-5.499977E+02,-4.692333E-11
1645766397
-5.000082E+02,-3.050417E-11
1645766405
-4.500056E+02,+1.205548E-10
1645766413
-4.000174E+02,+2.382497E-11
1645766421
-3.500075E+02,+1.731063E-10
1645766429
1645766437
-2.500135E+02,+2.422811E-10
1645766445
-2.000027E+02,+2.190992E-10
1645766453
-1.500098E+02,+1.881211E-10
1645766461
-1.000025E+02,+8.033649E-11
1645766469
-5.000414E+01,+2.484272E-10
1645766478
+8.656795E-03,+3.845503E-10
