1645767161
+8.928932E-03,+4.304718E-11
1645767169
-5.000358E+01,-5.212142E-11
1645767177
-1.000012E+02,-6.920067E-11
1645767185
-1.500063E+02,-1.022042E-10
1645767193
-1.999986E+02,-4.968743E-11
1645767201
-2.500109E+02,-7.547124E-11
1645767209
-2.999978E+02,-1.074846E-10
1645767217
-3.500030E+02,-2.258843E-10
1645767225
-4.000113E+02,-2.522457E-10
1645767233
-4.499999E+02,-2.096303E-10
1645767241
-5.000042E+02,-2.060408E-10
1645767249
-5.499924E+02,-2.996886E-10
1645767257
-5.999981E+02,-3.154061E-10
1645767265
-6.499830E+02,-2.381778E-10
1645767273
-6.999890E+02,-2.201088E-10
1645767281
-7.499746E+02,-3.852897E-10
1645767289
-7.999821E+02,-3.503068E-10
1645767297
-8.499846E+02,-3.770812E-10
1645767305
-8.999724E+02,-3.638383E-10
1645767313
-9.499775E+02,-3.769990E-10
1645767322
-9.999609E+02,-4.325257E-10
1645767330
-9.999626E+02,-3.163547E-10
1645767338
-9.499786E+02,-3.151170E-10
1645767346
-8.999755E+02,-1.703559E-10
1645767354
-8.499858E+02,-1.840522E-10
1645767362
-7.999852E+02,-1.519564E-10
1645767370
-7.499825E+02,-1.520395E-10
1645767378
1645767386
-6.499907E+02,+6.664176E-11
1645767394
-6.000053E+02,+3.764354E-11
1645767402
-5.499999E+02,+8.272910E-11
1645767410
-5.000106E+02,-3.850752E-11
1645767418
-4.500051E+02,-1.915924E-11
1645767426
-4.000176E+02,-2.080015E-12
1645767434
-3.500083E+02,+1.598764E-11
1645767442
-3.000023E+02,+1.625466E-10
1645767450
-2.500141E+02,+1.043023E-10
1645767458
-2.000004E+02,+6.218685E-11
1645767466
-1.500099E+02,+1.440669E-10
1645767474
-1.000026E+02,+1.274021E-10
1645767482
-5.000467E+01,+1.471605E-10
1645767490
+9.609269E-03,+1.926584E-10
