1641798745
+5.000608E+01,-9.540839E-10
1641798747
+5.000623E+01,-9.161099E-10
1641798751
+5.000607E+01,-9.076846E-10
1641798755
+5.000612E+01,-1.578417E-09
1641798759
+5.000604E+01,-1.051103E-09
1641798763
+5.000617E+01,-1.768246E-09
1641798767
+5.000608E+01,-1.472961E-09
1641798771
+5.000613E+01,-3.381855E-10
1641798775
+5.000612E+01,-3.008478E-09
1641798779
+5.000607E+01,-2.021355E-09
1641798783
+5.000611E+01,-2.426328E-09
1641798787
+5.000621E+01,-1.814644E-09
1641798791
+5.000608E+01,-3.835300E-09
1641798795
+5.000595E+01,-2.223839E-09
1641798799
+5.000601E+01,-2.050888E-09
1641798803
+5.000611E+01,-2.451634E-09
1641798807
+5.000611E+01,-1.359051E-09
1641798811
+5.000605E+01,-1.527797E-09
1641798815
+5.000597E+01,-1.996045E-09
1641798819
+5.000607E+01,-2.548664E-09
1641798823
+5.000613E+01,-2.633032E-09
1641798827
+5.000618E+01,-2.531788E-09
1641798831
+5.000606E+01,-3.118152E-09
1641798835
+5.000605E+01,-2.502258E-09
1641798839
+5.000616E+01,-3.320639E-09
1641798843
+5.000607E+01,-3.586408E-09
1641798847
+5.000615E+01,-2.152122E-09
1641798851
+5.000622E+01,-3.674990E-09
1641798855
+5.000603E+01,-3.725612E-09
1641798859
+5.000609E+01,-2.679437E-09
1641798863
+5.000620E+01,-3.539999E-09
1641798867
+5.000615E+01,-2.898794E-09
1641798871
+5.000606E+01,-3.358614E-09
1641798875
+5.000612E+01,-3.544224E-09
1641798879
+5.000616E+01,-3.898573E-09
1641798883
+5.000615E+01,-2.493818E-09
1641798887
+5.000615E+01,-3.831075E-09
1641798891
+5.000622E+01,-3.518910E-09
1641798895
+5.000603E+01,-4.265586E-09
1641798899
+5.000607E+01,-3.198317E-09
1641798903
+5.000617E+01,-5.290671E-09
1641798908
+5.000613E+01,-3.915451E-09
1641798912
+5.000616E+01,-2.780681E-09
1641798916
+5.000605E+01,-3.075979E-09
1641798920
+5.000606E+01,-4.265583E-09
1641798924
+5.000616E+01,-4.130591E-09
1641798928
+5.000628E+01,-2.903013E-09
1641798932
+5.000616E+01,-1.966512E-09
1641798936
+5.000619E+01,-3.029572E-09
1641798940
+5.000626E+01,-5.522680E-09
1641798944
+5.000619E+01,-3.577967E-09
1641798948
+5.000614E+01,-3.729831E-09
1641798952
+5.000608E+01,-3.852172E-09
1641798956
+5.000620E+01,-4.497594E-09
1641798960
+5.000613E+01,-3.805761E-09
1641798964
+5.000606E+01,-5.062876E-09
1641798968
+5.000617E+01,-3.215186E-09
1641798972
+5.000609E+01,-3.801555E-09
1641798976
+5.000611E+01,-4.168563E-09
1641798980
+5.000623E+01,-4.130593E-09
1641798984
+5.000615E+01,-4.754928E-09
1641798988
+5.000635E+01,-3.987164E-09
1641798992
+5.000611E+01,-4.531350E-09
1641798996
+5.000620E+01,-3.071754E-09
1641799000
+5.000623E+01,-5.180989E-09
1641799004
+5.000618E+01,-4.058873E-09
1641799008
+5.000619E+01,-3.244702E-09
1641799012
+5.000613E+01,-4.202304E-09
1641799016
+5.000604E+01,-3.944986E-09
1641799020
+5.000617E+01,-3.645462E-09
1641799024
+5.000625E+01,-3.080187E-09
1641799028
+5.000615E+01,-4.181206E-09
1641799032
+5.000615E+01,-3.649678E-09
1641799036
+5.000617E+01,-4.493375E-09
1641799040
+5.000610E+01,-4.691648E-09
1641799044
+5.000618E+01,-4.704299E-09
1641799048
+5.000636E+01,-4.383681E-09
1641799052
+5.000620E+01,-4.873034E-09
1641799056
+5.000612E+01,-4.455413E-09
1641799060
+5.000609E+01,-4.299330E-09
1641799064
+5.000620E+01,-4.695861E-09
1641799068
+5.000625E+01,-3.915447E-09
1641799072
+5.000611E+01,-4.725393E-09
1641799076
+5.000625E+01,-5.231607E-09
1641799080
+5.000606E+01,-4.851949E-09
1641799084
+5.000621E+01,-4.105276E-09
1641799088
+5.000628E+01,-4.468066E-09
1641799092
+5.000614E+01,-4.463848E-09
1641799096
+5.000613E+01,-4.198080E-09
1641799100
+5.000618E+01,-4.071527E-09
1641799104
+5.000621E+01,-4.624150E-09
1641799108
+5.000622E+01,-4.463847E-09
1641799112
+5.000620E+01,-4.746481E-09
1641799116
+5.000621E+01,-4.645240E-09
1641799120
+5.000625E+01,-4.333071E-09
1641799124
+5.000619E+01,-1.392802E-09
1641799128
+5.000619E+01,+1.711363E-08
1641799132
+5.000624E+01,+2.811542E-08
1641799136
+5.000629E+01,+3.578458E-08
1641799140
+5.000615E+01,+3.426170E-08
1641799144
+5.000628E+01,+4.620846E-08
1641799148
+5.000620E+01,+6.678191E-08
1641799152
+5.000617E+01,+4.877322E-08
1641799156
+5.000610E+01,+6.723327E-08
1641799160
+5.000627E+01,+6.868869E-08
1641799164
+5.000622E+01,+5.907052E-08
1641799168
+5.000616E+01,+7.175119E-08
1641799172
+5.000624E+01,+7.118600E-08
1641799176
+5.000618E+01,+6.873923E-08
1641799180
+5.000615E+01,+7.310536E-08
1641799184
+5.000621E+01,+7.448055E-08
1641799188
+5.000608E+01,+6.413262E-08
1641799192
+5.000616E+01,+7.091173E-08
1641799196
+5.000612E+01,+6.102786E-08
1641799200
+5.000621E+01,+6.625454E-08
1641799205
+5.000618E+01,+7.160353E-08
1641799209
+5.000604E+01,+6.899228E-08
1641799213
+5.000615E+01,+6.301476E-08
1641799217
+5.000622E+01,+6.332694E-08
1641799221
+5.000610E+01,+6.339440E-08
1641799225
+5.000615E+01,+6.957445E-08
1641799229
+5.000611E+01,+6.444903E-08
1641799233
+5.000622E+01,+7.922636E-08
1641799237
+5.000610E+01,+7.751785E-08
1641799241
+5.000611E+01,+9.497806E-08
1641799245
+5.000607E+01,+1.004621E-07
1641799249
+5.000607E+01,+8.221722E-08
1641799253
+5.000624E+01,+7.530740E-08
1641799257
+5.000623E+01,+8.449101E-08
1641799261
+5.000628E+01,+7.119017E-08
1641799265
+5.000630E+01,+5.708782E-08
1641799269
+5.000613E+01,+6.623345E-08
1641799273
+5.000619E+01,+6.670171E-08
1641799277
+5.000628E+01,+6.754117E-08
1641799281
+5.000621E+01,+6.654562E-08
1641799285
+5.000608E+01,+7.150225E-08
1641799289
+5.000625E+01,+6.196435E-08
1641799293
+5.000620E+01,+6.988663E-08
1641799297
+5.000617E+01,+5.768263E-08
1641799301
+5.000612E+01,+5.151944E-08
1641799305
+5.000634E+01,+7.295351E-08
1641799309
+5.000616E+01,+4.852851E-08
1641799313
+5.000626E+01,+4.924149E-08
1641799317
+5.000623E+01,+5.094570E-08
1641799321
+5.000629E+01,+5.198349E-08
1641799325
+5.000609E+01,+5.221546E-08
1641799329
+5.000613E+01,+5.618926E-08
1641799333
+5.000602E+01,+5.535817E-08
1641799337
+5.000610E+01,+5.938266E-08
1641799341
+5.000606E+01,+6.256755E-08
1641799345
+5.000613E+01,+6.615325E-08
1641799349
+5.000606E+01,+5.210998E-08
1641799353
+5.000613E+01,+6.876023E-08
1641799357
+5.000614E+01,+6.892060E-08
1641799361
+5.000599E+01,+5.234196E-08
1641799365
+5.000623E+01,+6.173229E-08
1641799369
+5.000616E+01,+6.424228E-08
1641799373
+5.000608E+01,+6.039507E-08
1641799377
+5.000616E+01,+7.189458E-08
1641799381
+5.000604E+01,+7.388567E-08
1641799385
+5.000610E+01,+6.053425E-08
1641799389
+5.000615E+01,+5.229563E-08
1641799393
+5.000609E+01,+4.890394E-08
1641799397
+5.000612E+01,+4.722500E-08
1641799401
+5.000616E+01,+6.793348E-08
1641799405
+5.000622E+01,+6.790393E-08
1641799409
+5.000625E+01,+8.507309E-08
1641799413
+5.000620E+01,+8.443187E-08
1641799417
+5.000627E+01,+7.028315E-08
1641799421
+5.000621E+01,+5.843773E-08
1641799425
+5.000613E+01,+6.563013E-08
1641799429
+5.000626E+01,+5.920544E-08
1641799433
+5.000624E+01,+4.760891E-08
1641799437
+5.000615E+01,+1.124340E-07
1641799441
+5.000618E+01,+6.312863E-08
1641799445
+5.000619E+01,+1.763395E-07
1641799449
+5.000624E+01,+9.796057E-08
1641799453
+5.000623E+01,+6.656246E-08
1641799457
+5.000631E+01,+9.958048E-08
1641799461
+5.000621E+01,+9.089045E-08
1641799465
+5.000622E+01,+8.966703E-08
1641799469
+5.000613E+01,+7.623535E-08
1641799473
+5.000630E+01,+8.401005E-08
1641799477
+5.000629E+01,+9.890964E-08
1641799481
+5.000619E+01,+9.292363E-08
1641799485
+5.000616E+01,+8.198937E-08
1641799489
+5.000603E+01,+7.844579E-08
1641799493
+5.000610E+01,+7.956793E-08
1641799497
+5.000616E+01,+6.753269E-08
1641799501
+5.000626E+01,+7.219410E-08
1641799505
+5.000616E+01,+9.043893E-08
1641799509
+5.000616E+01,+6.769717E-08
1641799513
+5.000615E+01,+7.457329E-08
1641799517
+5.000615E+01,+7.591895E-08
1641799522
+5.000617E+01,+8.326753E-08
1641799526
+5.000612E+01,+1.022675E-07
1641799530
+5.000629E+01,+1.046678E-07
1641799534
+5.000625E+01,+1.101560E-07
1641799538
+5.000624E+01,-4.784460E-09
1641799542
+5.000612E+01,-4.396365E-09
1641799546
+5.000613E+01,-5.877044E-09
1641799550
+5.000607E+01,-5.126158E-09
1641799554
+5.000605E+01,-5.476291E-09
1641799558
+5.000610E+01,-5.075538E-09
1641799562
+5.000636E+01,-4.206533E-09
1641799566
+5.000626E+01,+2.110004E-08
1641799570
+5.000623E+01,-3.075979E-09
1641799574
+5.000623E+01,-3.489387E-09
1641799578
+5.000605E+01,-3.923899E-09
1641799582
+5.000618E+01,-4.573534E-09
1641799586
+5.000626E+01,+2.424903E-09
1641799590
+5.000608E+01,+1.205748E-09
1641799594
+5.000613E+01,-1.633274E-09
1641799598
+5.000616E+01,-3.508598E-10
1641799602
+5.000618E+01,-1.367511E-09
1641799606
+5.000626E+01,+2.323651E-09
1641799610
+5.000621E+01,-1.810449E-09
1641799614
+5.000618E+01,+7.670344E-10
1641799618
+5.000613E+01,-5.364669E-10
1641799622
+5.000623E+01,+2.848235E-08
1641799626
+5.000618E+01,+8.529021E-09
1641799630
+5.000617E+01,+5.563423E-09
1641799634
+5.000613E+01,+3.867601E-09
1641799638
+5.000625E+01,+1.002234E-08
1641799642
+5.000623E+01,+1.106853E-08
1641799646
+5.000629E+01,+7.423772E-09
1641799650
+5.000623E+01,+8.161996E-09
1641799654
+5.000622E+01,-5.446762E-09
1641799658
+5.000613E+01,-2.873503E-09
1641799662
+5.000613E+01,-5.518481E-09
1641799666
+5.000626E+01,-5.695648E-09
1641799670
+5.000619E+01,-4.645250E-09
1641799674
+5.000623E+01,-6.151248E-09
1641799678
+5.000631E+01,-3.582205E-09
1641799682
+5.000629E+01,-5.358176E-09
1641799686
+5.000627E+01,-3.826874E-09
1641799690
+5.000615E+01,-4.501826E-09
1641799694
+5.000627E+01,-4.615725E-09
1641799698
+5.000627E+01,-5.231619E-09
1641799702
+5.000637E+01,-7.024466E-09
1641799706
+5.000622E+01,-5.657686E-09
1641799710
+5.000620E+01,-6.260924E-09
1641799714
+5.000620E+01,-3.645479E-09
1641799718
+5.000626E+01,-4.632598E-09
1641799722
+5.000629E+01,-4.856173E-09
1641799726
+5.000625E+01,-3.932331E-09
1641799730
+5.000623E+01,-3.999824E-09
1641799734
+5.000603E+01,-1.219864E-09
1641799738
+5.000620E+01,-2.974737E-09
1641799742
+5.000612E+01,-2.903030E-09
1641799746
+5.000613E+01,-2.164810E-09
1641799750
+5.000619E+01,-3.885930E-09
1641799754
+5.000619E+01,-3.046456E-09
1641799758
+5.000632E+01,-2.257604E-09
1641799762
+5.000618E+01,-2.270256E-09
1641799766
+5.000615E+01,-2.282910E-09
1641799770
+5.000616E+01,-1.038466E-09
1641799774
+5.000629E+01,-3.029586E-09
1641799778
+5.000621E+01,-4.046226E-09
1641799782
+5.000615E+01,-4.767593E-09
1641799786
+5.000613E+01,-3.362845E-09
1641799790
+5.000622E+01,-3.413464E-09
1641799794
+5.000623E+01,-3.936554E-09
1641799798
+5.000618E+01,-2.839753E-09
1641799802
+5.000622E+01,-2.240731E-09
1641799806
+5.000618E+01,-7.684884E-10
1641799810
+5.000623E+01,-3.033799E-09
1641799814
+5.000612E+01,-3.666567E-09
1641799818
+5.000624E+01,-4.079984E-09
1641799822
+5.000622E+01,-4.037800E-09
1641799826
+5.000615E+01,-2.160584E-09
1641799830
+5.000607E+01,-3.421905E-09
1641799834
+5.000619E+01,-3.447212E-09
1641799838
+5.000621E+01,-4.649475E-09
1641799843
+5.000623E+01,-4.392149E-09
1641799847
+5.000626E+01,-2.671013E-09
1641799851
+5.000619E+01,-2.076213E-09
1641799855
+5.000597E+01,-2.029820E-09
1641799859
+5.000605E+01,-4.117953E-09
1641799863
+5.000625E+01,+2.762366E-09
1641799867
+5.000618E+01,-3.442994E-09
1641799871
+5.000624E+01,-2.510710E-09
1641799875
+5.000623E+01,-2.569776E-09
1641799879
+5.000634E+01,-2.561335E-09
1641799883
+5.000626E+01,-7.305214E-10
1641799887
+5.000632E+01,-2.375725E-09
1641799891
+5.000626E+01,-3.286917E-09
1641799895
+5.000619E+01,-2.713204E-09
1641799899
+5.000621E+01,-3.286919E-09
1641799903
+5.000632E+01,-2.907250E-09
1641799907
+5.000620E+01,-2.278699E-09
1641799911
+5.000620E+01,-3.864844E-09
1641799915
+5.000611E+01,-2.198556E-09
1641799919
+5.000607E+01,+3.198668E-10
1641799923
+5.000622E+01,-2.510719E-09
1641799927
+5.000619E+01,-4.387937E-09
1641799931
+5.000614E+01,-2.565565E-09
1641799935
+5.000615E+01,-3.894381E-09
1641799939
+5.000610E+01,-1.780929E-09
1641799943
+5.000621E+01,-4.058897E-09
1641799947
+5.000625E+01,-2.531812E-09
1641799951
+5.000624E+01,-3.012715E-09
1641799955
+5.000624E+01,-3.556893E-09
1641799959
+5.000629E+01,-4.248724E-09
1641799963
+5.000624E+01,-3.151923E-09
1641799967
+5.000629E+01,-3.177235E-09
1641799971
+5.000627E+01,-3.248948E-09
1641799975
+5.000636E+01,+1.602522E-08
1641799979
+5.000622E+01,-5.113507E-09
1641799983
+5.000626E+01,-3.417687E-09
1641799987
+5.000630E+01,-4.160128E-09
1641799991
+5.000626E+01,-4.902581E-09
1641799995
+5.000629E+01,-5.362391E-09
1641799999
+5.000626E+01,-4.839301E-09
1641800003
+5.000624E+01,-3.746719E-09
1641800007
+5.000630E+01,-4.691649E-09
1641800011
+5.000619E+01,-4.689733E-10
1641800015
+5.000619E+01,-2.869276E-09
1641800019
+5.000603E+01,-3.687659E-09
1641800023
+5.000614E+01,-4.484952E-09
1641800027
+5.000615E+01,-3.995609E-09
1641800031
+5.000622E+01,+2.439524E-10
1641800035
+5.000631E+01,-2.540233E-09
1641800039
+5.000621E+01,-4.581971E-09
1641800043
+5.000629E+01,-3.552669E-09
1641800047
+5.000617E+01,-4.147476E-09
1641800051
+5.000614E+01,-1.970745E-09
1641800055
+5.000622E+01,-2.865058E-09
1641800059
+5.000627E+01,-3.603293E-09
1641800063
+5.000611E+01,-3.147700E-09
1641800067
+5.000606E+01,-7.642749E-10
1641800071
+5.000610E+01,-4.147477E-09
1641800075
+5.000596E+01,-5.113506E-09
1641800079
+5.000604E+01,-4.172790E-09
1641800083
+5.000610E+01,-3.324877E-09
1641800087
+5.000611E+01,-1.477196E-09
1641800091
+5.000618E+01,-1.869506E-09
1641800095
+5.000604E+01,-4.653694E-09
1641800099
+5.000606E+01,-4.565107E-09
1641800103
+5.000616E+01,-3.345967E-09
1641800107
+5.000620E+01,-4.134815E-09
1641800111
+5.000619E+01,-3.843748E-09
1641800115
+5.000611E+01,-4.058895E-09
1641800119
+5.000616E+01,-3.953427E-09
1641800123
+5.000620E+01,-2.004493E-09
1641800127
+5.000618E+01,-4.371053E-09
1641800131
+5.000623E+01,-3.426117E-09
1641800135
+5.000628E+01,-5.780022E-09
1641800139
+5.000626E+01,-3.826870E-09
1641800143
+5.000620E+01,+2.011477E-09
1641800147
+5.000626E+01,-4.307781E-09
1641800151
+5.000625E+01,-4.042016E-09
1641800155
+5.000618E+01,-5.235846E-09
1641800159
+5.000608E+01,-3.409251E-09
1641800163
+5.000622E+01,-2.928337E-09
1641800168
+5.000616E+01,-4.345744E-09
1641800172
+5.000626E+01,-2.620390E-09
1641800176
+5.000628E+01,-1.814660E-09
1641800180
+5.000621E+01,+7.290728E-10
1641800184
+5.000612E+01,-4.586195E-09
1641800188
+5.000613E+01,-3.434554E-09
1641800192
+5.000612E+01,-4.337306E-09
1641800196
+5.000618E+01,-4.012481E-09
1641800200
+5.000605E+01,+1.155133E-09
1641800204
+5.000636E+01,-3.805776E-09
1641800208
+5.000617E+01,-4.004051E-09
1641800212
+5.000608E+01,-2.658369E-09
1641800216
+5.000620E+01,-1.308448E-09
1641800220
+5.000612E+01,-3.358626E-09
1641800224
+5.000629E+01,-3.295346E-09
1641800228
+5.000628E+01,-3.345967E-09
1641800232
+5.000627E+01,-4.328871E-09
1641800236
+5.000624E+01,-2.206982E-09
1641800240
+5.000616E+01,-3.843746E-09
1641800244
+5.000618E+01,-4.088420E-09
1641800248
+5.000626E+01,-3.430339E-09
1641800252
+5.000618E+01,-3.915459E-09
1641800256
+5.000611E+01,-6.292824E-10
1641800260
+5.000623E+01,-2.561335E-09
1641800264
+5.000626E+01,-3.797346E-09
1641800268
+5.000629E+01,-3.409244E-09
1641800272
+5.000626E+01,-1.067999E-09
1641800276
+5.000630E+01,-3.227851E-09
1641800280
+5.000612E+01,-4.797122E-09
1641800284
+5.000622E+01,-3.274254E-09
1641800288
+5.000607E+01,-3.518927E-09
1641800292
+5.000619E+01,-6.334950E-10
1641800296
+5.000614E+01,-2.645708E-09
1641800300
+5.000626E+01,-3.426120E-09
1641800304
+5.000623E+01,-4.303560E-09
1641800308
+5.000625E+01,-2.295576E-09
1641800312
+5.000621E+01,-4.248721E-09
1641800316
+5.000618E+01,-4.733844E-09
1641800320
+5.000621E+01,-3.645479E-09
1641800324
+5.000628E+01,-4.446984E-09
1641800328
+5.000617E+01,-6.124079E-10
1641800332
+5.000624E+01,-2.443215E-09
1641800336
+5.000616E+01,-4.219193E-09
1641800340
+5.000626E+01,-4.269810E-09
1641800344
+5.000613E+01,-4.729628E-09
1641800348
+5.000621E+01,-6.400569E-11
1641800352
+5.000617E+01,-2.784917E-09
1641800356
+5.000632E+01,-3.675009E-09
1641800360
+5.000622E+01,-3.826873E-09
1641800364
+5.000618E+01,-2.978965E-09
1641800368
+5.000626E+01,-4.991167E-09
1641800372
+5.000622E+01,-3.991392E-09
1641800376
+5.000611E+01,-3.978740E-09
1641800380
+5.000620E+01,-3.877496E-09
1641800384
+5.000623E+01,-8.950334E-10
1641800388
+5.000616E+01,-6.123999E-10
1641800392
+5.000625E+01,-4.539790E-09
1641800396
+5.000633E+01,-3.873276E-09
1641800400
+5.000631E+01,-4.029352E-09
1641800404
+5.000610E+01,-4.143262E-09
1641800408
+5.000628E+01,-4.586189E-09
1641800412
+5.000629E+01,-2.654133E-09
1641800416
+5.000620E+01,-3.143482E-09
1641800420
+5.000628E+01,-3.194105E-09
1641800424
+5.000627E+01,-2.865063E-09
1641800428
+5.000622E+01,-5.041790E-09
1641800432
+5.000623E+01,-3.206756E-09
1641800436
+5.000630E+01,-5.623930E-09
1641800440
+5.000621E+01,-1.852635E-09
1641800444
+5.000616E+01,-4.223409E-09
1641800448
+5.000629E+01,-3.742505E-09
1641800452
+5.000634E+01,-4.130599E-09
1641800456
+5.000625E+01,-3.383930E-09
1641800460
+5.000611E+01,+5.525463E-09
1641800464
+5.000605E+01,-3.194101E-09
1641800468
+5.000610E+01,-5.202090E-09
1641800472
+5.000621E+01,-4.362617E-09
1641800476
+5.000624E+01,-5.955290E-10
1641800480
+5.000612E+01,-2.860848E-09
1641800484
+5.000624E+01,-4.417456E-09
1641800489
+5.000627E+01,-4.780246E-09
1641800493
+5.000617E+01,-4.948985E-09
1641800497
+5.000615E+01,-7.178755E-10
1641800501
+5.000618E+01,-1.738733E-09
1641800505
+5.000623E+01,-4.712752E-09
1641800509
+5.000632E+01,-3.286910E-09
1641800513
+5.000621E+01,-4.316218E-09
1641800517
+5.000620E+01,+1.193090E-11
1641800521
+5.000632E+01,-3.763590E-09
1641800525
+5.000631E+01,-4.826651E-09
1641800529
+5.000609E+01,-6.058444E-09
1641800533
+5.000667E+01,+1.329185E-05
1641800537
+5.000631E+01,-5.062877E-09
1641800541
+5.000621E+01,-4.788681E-09
1641800545
+5.000631E+01,-3.556887E-09
1641800549
+5.000621E+01,-5.607061E-09
1641800553
+5.000618E+01,-2.417912E-09
1641800557
+5.000615E+01,-5.235845E-09
1641800561
+5.000606E+01,-5.366621E-09
1641800565
+5.000621E+01,-3.603301E-09
1641800569
+5.000626E+01,-4.257161E-09
1641800573
+5.000620E+01,-4.063116E-09
1641800577
+5.000622E+01,-4.134828E-09
1641800581
+5.000607E+01,-4.240291E-09
1641800585
+5.000615E+01,-4.134821E-09
1641800589
+5.000610E+01,-2.369678E-10
1641800593
+5.000620E+01,-4.670568E-09
1641800597
+5.000625E+01,-4.894140E-09
1641800601
+5.000618E+01,-3.987179E-09
1641800605
+5.000637E+01,-4.822430E-09
1641800609
+5.000631E+01,-4.307775E-09
1641800613
+5.000625E+01,-4.948981E-09
1641800617
+5.000619E+01,-5.303336E-09
1641800621
+5.000624E+01,-3.982952E-09
1641800625
+5.000620E+01,-4.257159E-09
1641800629
+5.000627E+01,-3.577985E-09
1641800633
+5.000622E+01,-4.333090E-09
1641800637
+5.000621E+01,-5.514258E-09
1641800641
+5.000637E+01,-4.995386E-09
1641800645
+5.000621E+01,-2.008716E-09
1641800649
+5.000621E+01,-4.493392E-09
1641800653
+5.000624E+01,-4.177010E-09
1641800657
+5.000627E+01,-4.632608E-09
1641800661
+5.000626E+01,-4.210758E-09
1641800665
+5.000618E+01,-5.632380E-09
1641800669
+5.000626E+01,-4.776033E-09
1641800673
+5.000622E+01,-4.514485E-09
1641800677
+5.000623E+01,-4.375279E-09
1641800681
+5.000618E+01,-4.020926E-09
1641800685
+5.000619E+01,-4.442775E-09
1641800689
+5.000609E+01,-5.839087E-09
1641800693
+5.000616E+01,-4.354184E-09
1641800697
+5.000621E+01,-3.206766E-09
1641800701
+5.000608E+01,-2.291371E-09
1641800705
+5.000608E+01,-4.307786E-09
1641800709
+5.000620E+01,-4.590428E-09
1641800713
+5.000630E+01,-4.586208E-09
1641800717
+5.000627E+01,-5.328653E-09
1641800721
+5.000629E+01,-5.003834E-09
1641800725
+5.000611E+01,-4.058904E-09
1641800729
+5.000621E+01,-5.202106E-09
1641800733
+5.000629E+01,-5.008054E-09
1641800737
+5.000620E+01,-2.232309E-09
1641800741
+5.000627E+01,-4.139049E-09
1641800745
+5.000611E+01,-3.257392E-09
1641800749
+5.000605E+01,-3.784701E-09
1641800753
+5.000621E+01,-4.527140E-09
1641800757
+5.000610E+01,-1.321114E-09
1641800761
+5.000626E+01,-4.649479E-09
1641800765
+5.000615E+01,-4.539801E-09
1641800769
+5.000609E+01,-3.590650E-09
1641800773
+5.000626E+01,-5.109292E-09
1641800777
+5.000624E+01,-2.649929E-09
1641800781
+5.000616E+01,-3.257389E-09
1641800785
+5.000629E+01,-5.877051E-09
1641800789
+5.000630E+01,-4.248725E-09
1641800793
+5.000626E+01,-3.885941E-09
1641800797
+5.000635E+01,-6.100626E-09
1641800801
+5.000624E+01,-5.623946E-09
1641800806
+5.000622E+01,-5.750499E-09
1641800810
+5.000623E+01,-5.315993E-09
1641800814
+5.000604E+01,-3.092875E-09
1641800818
+5.000629E+01,-5.830651E-09
1641800822
+5.000631E+01,-3.974527E-09
1641800826
+5.000616E+01,-5.189443E-09
1641800830
+5.000626E+01,-5.510044E-09
1641800834
+5.000618E+01,-6.438110E-09
1641800838
+5.000629E+01,-6.353737E-09
1641800842
+5.000610E+01,-6.092197E-09
1641800846
+5.000607E+01,-5.256946E-09
1641800850
+5.000618E+01,-2.527599E-09
1641800854
+5.000623E+01,-5.855959E-09
1641800858
+5.000612E+01,-6.547795E-09
1641800862
+5.000619E+01,-4.839317E-09
1641800866
+5.000624E+01,-4.970090E-09
1641800870
+5.000608E+01,-5.438340E-09
1641800874
+5.000617E+01,-5.733628E-09
1641800878
+5.000608E+01,-6.024704E-09
1641800882
+5.000622E+01,-7.269149E-09
1641800886
+5.000624E+01,-2.759618E-09
1641800890
+5.000611E+01,-7.353520E-09
1641800894
+5.000622E+01,-6.910583E-09
1641800898
+5.000622E+01,-7.248056E-09
1641800902
+5.000616E+01,-7.657247E-09
1641800906
+5.000619E+01,-3.586432E-09
1641800910
+5.000615E+01,-6.201876E-09
1641800914
+5.000629E+01,-5.834872E-09
1641800918
+5.000616E+01,-6.383272E-09
1641800922
+5.000625E+01,-5.927676E-09
1641800926
+5.000627E+01,-5.889711E-09
1641800930
+5.000640E+01,-6.193433E-09
1641800934
+5.000626E+01,-6.733401E-09
1641800938
+5.000627E+01,-5.860178E-09
1641800942
+5.000623E+01,-2.793362E-09
1641800946
+5.000632E+01,-7.155245E-09
1641800950
+5.000624E+01,-5.008046E-09
1641800954
+5.000623E+01,-6.674342E-09
1641800958
+5.000629E+01,-4.552456E-09
1641800962
+5.000624E+01,-2.789133E-09
1641800966
+5.000621E+01,-6.185004E-09
1641800970
+5.000613E+01,-4.109521E-09
1641800974
+5.000623E+01,-5.037576E-09
1641800978
+5.000618E+01,-4.307790E-09
1641800982
+5.000626E+01,-4.160142E-09
1641800986
+5.000623E+01,-5.041796E-09
1641800990
+5.000628E+01,-4.598860E-09
1641800994
+5.000628E+01,-5.062891E-09
1641800998
+5.000606E+01,-2.029825E-09
1641801002
+5.000615E+01,-4.801350E-09
1641801006
+5.000626E+01,-4.025154E-09
1641801010
+5.000618E+01,-4.020937E-09
1641801014
+5.000631E+01,-4.653701E-09
1641801018
+5.000634E+01,-2.696336E-09
1641801022
+5.000632E+01,-5.332874E-09
1641801026
+5.000626E+01,-4.303571E-09
1641801030
+5.000615E+01,-5.413032E-09
1641801034
+5.000613E+01,-4.915255E-09
1641801038
+5.000620E+01,-5.952994E-09
1641801042
+5.000632E+01,-3.341769E-09
1641801046
+5.000629E+01,-5.168356E-09
1641801050
+5.000632E+01,-4.278260E-09
1641801054
+5.000628E+01,-1.186135E-09
1641801058
+5.000617E+01,-5.564896E-09
1641801062
+5.000630E+01,-3.860637E-09
1641801066
+5.000631E+01,-5.231636E-09
1641801070
+5.000625E+01,-6.269372E-09
1641801074
+5.000621E+01,-4.767604E-09
1641801078
+5.000605E+01,-4.573563E-09
1641801082
+5.000628E+01,-5.366623E-09
1641801086
+5.000629E+01,-5.434122E-09
1641801090
+5.000616E+01,-3.518946E-09
1641801094
+5.000617E+01,-5.202104E-09
1641801098
+5.000625E+01,-5.801124E-09
1641801102
+5.000618E+01,-5.691446E-09
1641801106
+5.000610E+01,-4.265609E-09
1641801110
+5.000621E+01,-1.768282E-09
1641801114
+5.000612E+01,-3.540035E-09
1641801118
+5.000633E+01,-4.835101E-09
1641801123
+5.000634E+01,-5.206324E-09
1641801127
+5.000624E+01,-6.100637E-09
1641801131
+5.000625E+01,-4.881495E-09
1641801135
+5.000620E+01,-5.674575E-09
1641801139
+5.000615E+01,-3.881727E-09
1641801143
+5.000623E+01,-5.143044E-09
1641801147
+5.000627E+01,-2.067785E-09
1641801151
+5.000620E+01,-3.248964E-09
1641801155
+5.000620E+01,-4.092651E-09
1641801159
+5.000627E+01,-4.603080E-09
1641801163
+5.000623E+01,-4.438566E-09
1641801167
+5.000620E+01,-1.755628E-09
1641801171
+5.000612E+01,-2.687906E-09
1641801175
+5.000625E+01,-4.075777E-09
1641801179
+5.000624E+01,-5.678797E-09
1641801183
+5.000621E+01,-4.122183E-09
1641801187
+5.000631E+01,-3.966095E-09
1641801191
+5.000629E+01,-3.405048E-09
1641801195
+5.000630E+01,-4.181238E-09
1641801199
+5.000624E+01,-3.877511E-09
1641801203
+5.000618E+01,-2.177476E-09
1641801207
+5.000607E+01,-4.181240E-09
1641801211
+5.000621E+01,-3.873289E-09
1641801215
+5.000624E+01,-5.214758E-09
1641801219
+5.000631E+01,-4.776037E-09
1641801223
+5.000623E+01,-1.506733E-09
1641801227
+5.000627E+01,-3.953441E-09
1641801231
+5.000606E+01,-5.121956E-09
1641801235
+5.000622E+01,-5.050237E-09
1641801239
+5.000622E+01,-4.801342E-09
1641801243
+5.000622E+01,-5.733630E-09
1641801247
+5.000620E+01,-4.307789E-09
1641801251
+5.000621E+01,-5.805341E-09
1641801255
+5.000629E+01,-3.615956E-09
1641801259
+5.000624E+01,-3.523160E-09
1641801263
+5.000626E+01,-5.113516E-09
1641801267
+5.000638E+01,-5.299128E-09
1641801271
+5.000616E+01,-5.391936E-09
1641801275
+5.000618E+01,-5.510053E-09
1641801279
+5.000623E+01,-1.869526E-09
1641801283
+5.000623E+01,-5.413030E-09
1641801287
+5.000626E+01,-4.577774E-09
1641801291
+5.000618E+01,-5.387719E-09
1641801295
+5.000629E+01,-4.594644E-09
1641801299
+5.000624E+01,-4.362624E-09
1641801303
+5.000619E+01,-5.404587E-09
1641801307
+5.000633E+01,-5.611290E-09
1641801311
+5.000618E+01,-4.847752E-09
1641801315
+5.000631E+01,-1.321119E-09
1641801319
+5.000615E+01,-4.227645E-09
1641801323
+5.000610E+01,-4.826668E-09
1641801327
+5.000622E+01,-4.999619E-09
1641801331
+5.000623E+01,-4.269826E-09
1641801335
+5.000622E+01,-4.835098E-09
1641801339
+5.000618E+01,-3.788926E-09
1641801343
+5.000623E+01,-4.906814E-09
1641801347
+5.000616E+01,-3.708777E-09
1641801351
+5.000621E+01,-1.165044E-09
1641801355
+5.000612E+01,-2.793369E-09
1641801359
+5.000613E+01,-4.864632E-09
1641801363
+5.000618E+01,-2.734307E-09
1641801367
+5.000629E+01,-2.814457E-09
1641801371
+5.000626E+01,-6.546106E-10
1641801375
+5.000605E+01,-3.607543E-09
1641801379
+5.000608E+01,-4.181250E-09
1641801383
+5.000626E+01,-4.092655E-09
1641801387
+5.000626E+01,-3.345988E-09
1641801391
+5.000626E+01,-3.303802E-09
1641801395
+5.000608E+01,-4.544033E-09
1641801399
+5.000626E+01,-4.527151E-09
1641801403
+5.000616E+01,-4.324662E-09
1641801407
+5.000610E+01,-1.527835E-09
1641801411
+5.000613E+01,-4.198112E-09
1641801415
+5.000622E+01,-4.345758E-09
1641801419
+5.000615E+01,-5.725195E-09
1641801423
+5.000617E+01,-5.147261E-09
1641801427
+5.000626E+01,-9.541088E-10
1641801431
+5.000622E+01,-4.501839E-09
1641801435
+5.000609E+01,-4.548247E-09
1641801439
+5.000627E+01,-5.598635E-09
1641801443
+5.000620E+01,-4.316225E-09
1641801447
+5.000611E+01,-3.982973E-09
1641801451
+5.000630E+01,-4.214985E-09
1641801456
+5.000621E+01,-3.097092E-09
1641801460
+5.000615E+01,-5.269592E-09
1641801464
+5.000620E+01,-1.894831E-09
1641801468
+5.000619E+01,-4.679016E-09
1641801472
+5.000623E+01,-4.143270E-09
1641801476
+5.000612E+01,-4.008286E-09
1641801480
+5.000628E+01,-3.974538E-09
1641801484
+5.000621E+01,-4.535591E-09
1641801488
+5.000620E+01,-3.961877E-09
1641801492
+5.000598E+01,-5.366630E-09
1641801496
+5.000620E+01,-5.463650E-09
1641801500
+5.000607E+01,-4.282484E-09
1641801504
+5.000611E+01,-4.134837E-09
1641801508
+5.000627E+01,-5.046021E-09
1641801512
+5.000628E+01,-4.603085E-09
1641801516
+5.000623E+01,-5.316006E-09
1641801520
+5.000624E+01,-2.076229E-09
1641801524
+5.000625E+01,-5.425685E-09
1641801528
+5.000623E+01,-4.295142E-09
1641801532
+5.000614E+01,-4.607307E-09
1641801536
+5.000615E+01,-5.341319E-09
1641801540
+5.000623E+01,-1.599546E-09
1641801544
+5.000625E+01,-4.155924E-09
1641801548
+5.000632E+01,-3.810017E-09
1641801552
+5.000618E+01,-3.746743E-09
1641801556
+5.000618E+01,-2.649947E-09
1641801560
+5.000626E+01,-2.384180E-09
1641801564
+5.000619E+01,-3.814237E-09
1641801568
+5.000616E+01,-4.092660E-09
1641801572
+5.000614E+01,-4.708551E-09
1641801576
+5.000610E+01,-9.752208E-10
1641801580
+5.000623E+01,-3.982973E-09
1641801584
+5.000624E+01,-3.540037E-09
1641801588
+5.000628E+01,-3.291147E-09
1641801592
+5.000617E+01,-3.185683E-09
1641801596
+5.000615E+01,-4.303574E-09
1641801600
+5.000623E+01,-2.637282E-09
1641801604
+5.000629E+01,-4.177023E-09
1641801608
+5.000629E+01,-2.658378E-09
1641801612
+5.000631E+01,-2.405272E-09
1641801616
+5.000621E+01,-2.810245E-09
1641801620
+5.000616E+01,-4.063127E-09
1641801624
+5.000626E+01,-3.135063E-09
1641801628
+5.000626E+01,-4.771826E-09
1641801632
+5.000623E+01,-1.097550E-09
1641801636
+5.000619E+01,-4.371072E-09
1641801640
+5.000616E+01,-2.928364E-09
1641801644
+5.000623E+01,-1.827344E-09
1641801648
+5.000633E+01,-4.404819E-09
1641801652
+5.000615E+01,-4.362639E-09
1641801656
+5.000624E+01,-4.387947E-09
1641801660
+5.000622E+01,-4.691675E-09
1641801664
+5.000626E+01,-4.282485E-09
1641801668
+5.000624E+01,-1.219889E-09
1641801672
+5.000611E+01,-4.126398E-09
1641801676
+5.000615E+01,-4.396382E-09
1641801680
+5.000611E+01,-5.193670E-09
1641801684
+5.000631E+01,-4.641052E-09
1641801688
+5.000615E+01,-1.945462E-09
1641801692
+5.000617E+01,-3.776274E-09
1641801696
+5.000616E+01,-4.181244E-09
1641801700
+5.000631E+01,-3.915477E-09
1641801704
+5.000628E+01,-3.063347E-09
1641801708
+5.000634E+01,-3.198335E-09
1641801712
+5.000615E+01,-3.270056E-09
1641801716
+5.000625E+01,-2.898825E-09
1641801720
+5.000641E+01,-3.092873E-09
1641801724
+5.000640E+01,-8.570877E-10
1641801728
+5.000631E+01,-4.716981E-09
1641801732
+5.000634E+01,-1.675474E-09
1641801736
+5.000623E+01,-3.413482E-09
1641801740
+5.000629E+01,-3.607521E-09
1641801744
+5.000621E+01,-3.168812E-09
1641801748
+5.000621E+01,-3.687682E-09
1641801752
+5.000628E+01,-4.096866E-09
1641801756
+5.000627E+01,-2.257627E-09
1641801760
+5.000618E+01,-1.333791E-09
1641801764
+5.000627E+01,-3.615972E-09
1641801768
+5.000624E+01,-3.721430E-09
1641801772
+5.000631E+01,-3.046481E-09
1641801777
+5.000614E+01,-3.076003E-09
1641801781
+5.000631E+01,-2.447442E-09
1641801785
+5.000617E+01,-3.797358E-09
1641801789
+5.000623E+01,-3.894379E-09
1641801793
+5.000615E+01,-5.282250E-09
1641801797
+5.000626E+01,-4.269817E-09
1641801801
+5.000616E+01,-4.113739E-09
1641801805
+5.000617E+01,-4.185456E-09
1641801809
+5.000616E+01,-4.417473E-09
1641801813
+5.000618E+01,-4.856187E-09
1641801817
+5.000616E+01,-1.595315E-09
1641801821
+5.000618E+01,-3.067565E-09
1641801825
+5.000619E+01,-3.628622E-09
1641801829
+5.000614E+01,-3.232088E-09
1641801833
+5.000616E+01,-5.324444E-09
1641801837
+5.000631E+01,-1.561570E-09
1641801841
+5.000621E+01,-3.345985E-09
1641801845
+5.000615E+01,-3.097096E-09
1641801849
+5.000621E+01,-3.510505E-09
1641801853
+5.000603E+01,-3.540035E-09
1641801857
+5.000615E+01,-2.941012E-09
1641801861
+5.000608E+01,-4.624176E-09
1641801865
+5.000626E+01,-3.970315E-09
1641801869
+5.000621E+01,-4.544019E-09
1641801873
+5.000614E+01,-1.612199E-09
1641801877
+5.000625E+01,-2.869284E-09
1641801881
+5.000627E+01,-3.426126E-09
1641801885
+5.000626E+01,-5.206315E-09
1641801889
+5.000623E+01,-5.143045E-09
1641801893
+5.000620E+01,-4.004058E-09
1641801897
+5.000624E+01,-5.185229E-09
1641801901
+5.000611E+01,-3.839546E-09
1641801905
+5.000617E+01,-4.902594E-09
1641801909
+5.000616E+01,-3.856417E-09
1641801913
+5.000625E+01,-4.670580E-09
1641801917
+5.000624E+01,-3.877510E-09
1641801921
+5.000620E+01,-4.172801E-09
1641801925
+5.000608E+01,-3.556907E-09
1641801929
+5.000621E+01,-1.658600E-09
1641801933
+5.000611E+01,-4.286703E-09
1641801937
+5.000626E+01,-3.084438E-09
1641801941
+5.000621E+01,-3.637059E-09
1641801945
+5.000615E+01,-2.544478E-09
1641801949
+5.000626E+01,-2.544483E-09
1641801953
+5.000634E+01,-3.113971E-09
1641801957
+5.000621E+01,-4.746509E-09
1641801961
+5.000624E+01,-2.949450E-09
1641801965
+5.000634E+01,-1.595321E-09
1641801969
+5.000635E+01,-2.565569E-09
1641801973
+5.000629E+01,-3.219434E-09
1641801977
+5.000617E+01,-3.915477E-09
1641801981
+5.000617E+01,-2.995851E-09
1641801985
+5.000618E+01,+8.362022E-11
1641801989
+5.000628E+01,-4.016719E-09
1641801993
+5.000622E+01,-2.569790E-09
1641801997
+5.000627E+01,-4.223423E-09
1641802001
+5.000623E+01,-3.206778E-09
1641802005
+5.000623E+01,-4.020936E-09
1641802009
+5.000616E+01,-2.983203E-09
1641802013
+5.000624E+01,-1.932808E-09
1641802017
+5.000613E+01,-3.143505E-09
1641802021
+5.000615E+01,+1.595479E-10
1641802025
+5.000619E+01,-5.829017E-10
1641802029
+5.000628E+01,-3.367075E-09
1641802033
+5.000606E+01,-2.536050E-09
1641802037
+5.000621E+01,-4.109524E-09
1641802041
+5.000613E+01,+6.953043E-10
1641802045
+5.000607E+01,-3.400825E-09
1641802049
+5.000611E+01,-2.464330E-09
1641802053
+5.000623E+01,-3.839542E-09
1641802057
+5.000624E+01,-1.654382E-09
1641802061
+5.000621E+01,-3.080222E-09
1641802065
+5.000620E+01,-2.687909E-09
1641802069
+5.000628E+01,-3.708768E-09
1641802073
+5.000610E+01,-3.383956E-09
1641802077
+5.000630E+01,+1.492593E-09
1641802081
+5.000625E+01,-4.261386E-09
1641802085
+5.000626E+01,-3.063345E-09
1641802089
+5.000625E+01,-2.308238E-09
1641802094
+5.000622E+01,-2.152162E-09
1641802098
+5.000626E+01,-1.004741E-09
1641802102
+5.000627E+01,-3.480974E-09
1641802106
+5.000637E+01,-2.848203E-09
1641802110
+5.000626E+01,-3.388165E-09
1641802114
+5.000621E+01,-3.455665E-09
1641802118
+5.000625E+01,-1.637503E-09
1641802122
+5.000618E+01,-3.961879E-09
1641802126
+5.000633E+01,-3.755174E-09
1641802130
+5.000616E+01,-4.611530E-09
1641802134
+5.000636E+01,-5.660237E-10
1641802138
+5.000626E+01,-3.189906E-09
1641802142
+5.000624E+01,-3.852204E-09
1641802146
+5.000629E+01,-3.122409E-09
1641802150
+5.000622E+01,-3.059134E-09
1641802154
+5.000628E+01,-2.320902E-09
1641802158
+5.000621E+01,-3.700342E-09
1641802162
+5.000612E+01,-3.088666E-09
1641802166
+5.000622E+01,-3.113974E-09
1641802170
+5.000619E+01,-4.603089E-09
1641802174
+5.000620E+01,-3.708781E-09
1641802178
+5.000615E+01,-3.480990E-09
1641802182
+5.000618E+01,-2.890403E-09
1641802186
+5.000626E+01,-2.485428E-09
1641802190
+5.000605E+01,+7.672085E-12
1641802194
+5.000613E+01,-3.480987E-09
1641802198
+5.000623E+01,-3.367085E-09
1641802202
+5.000612E+01,-3.902826E-09
1641802206
+5.000609E+01,-4.451232E-09
1641802210
+5.000616E+01,-4.337330E-09
1641802214
+5.000615E+01,-4.615745E-09
1641802218
+5.000619E+01,-3.721428E-09
1641802222
+5.000628E+01,-3.523162E-09
1641802226
+5.000602E+01,-2.464339E-09
1641802230
+5.000616E+01,-4.607301E-09
1641802234
+5.000616E+01,-3.961877E-09
1641802238
+5.000617E+01,-4.814009E-09
1641802242
+5.000615E+01,-2.675250E-09
1641802246
+5.000612E+01,-1.557359E-09
1641802250
+5.000608E+01,-5.134614E-09
1641802254
+5.000624E+01,-5.134612E-09
1641802258
+5.000619E+01,-4.088434E-09
1641802262
+5.000611E+01,-5.202105E-09
1641802266
+5.000615E+01,-3.945004E-09
1641802270
+5.000615E+01,-5.172577E-09
1641802274
+5.000617E+01,-4.716984E-09
1641802278
+5.000624E+01,-4.906817E-09
1641802282
+5.000620E+01,-4.333110E-09
1641802286
+5.000622E+01,-5.033375E-09
1641802290
+5.000626E+01,-4.231865E-09
1641802294
+5.000618E+01,-4.299358E-09
1641802298
+5.000619E+01,-4.645273E-09
1641802302
+5.000612E+01,-2.801816E-09
1641802306
+5.000626E+01,-6.041582E-09
1641802310
+5.000626E+01,-4.527157E-09
1641802314
+5.000611E+01,-4.299364E-09
1641802318
+5.000620E+01,-4.151715E-09
1641802322
+5.000612E+01,-3.620198E-09
1641802326
+5.000612E+01,-4.484976E-09
1641802330
+5.000628E+01,-4.392165E-09
1641802334
+5.000614E+01,-5.100863E-09
1641802338
+5.000610E+01,-1.354881E-09
1641802342
+5.000613E+01,-4.307794E-09
1641802346
+5.000620E+01,-5.974085E-09
1641802350
+5.000626E+01,-4.535591E-09
1641802354
+5.000610E+01,-4.691681E-09
1641802358
+5.000630E+01,-2.569792E-09
1641802363
+5.000625E+01,-4.295139E-09
1641802367
+5.000608E+01,-2.873525E-09
1641802371
+5.000617E+01,-4.025159E-09
1641802375
+5.000620E+01,-2.983203E-09
1641802379
+5.000626E+01,-3.797359E-09
1641802383
+5.000616E+01,-3.877515E-09
1641802387
+5.000631E+01,-4.700106E-09
1641802391
+5.000615E+01,-3.818458E-09
1641802395
+5.000605E+01,-4.940575E-09
1641802399
+5.000612E+01,-2.869309E-09
1641802403
+5.000600E+01,-3.885961E-09
1641802407
+5.000626E+01,-4.860414E-09
1641802411
+5.000606E+01,-2.540271E-09
1641802415
+5.000628E+01,-4.615741E-09
1641802419
+5.000622E+01,-4.750734E-09
1641802423
+5.000621E+01,-4.700111E-09
1641802427
+5.000628E+01,-3.885948E-09
1641802431
+5.000629E+01,-1.338003E-09
1641802435
+5.000629E+01,-2.903044E-09
1641802439
+5.000612E+01,-4.729640E-09
1641802443
+5.000612E+01,-5.240077E-09
1641802447
+5.000626E+01,-2.620413E-09
1641802451
+5.000602E+01,-4.851975E-09
1641802455
+5.000619E+01,-3.869069E-09
1641802459
+5.000627E+01,-4.632612E-09
1641802463
+5.000618E+01,-4.240301E-09
1641802467
+5.000623E+01,-1.186136E-09
1641802471
+5.000625E+01,-5.235851E-09
1641802475
+5.000618E+01,-3.911263E-09
1641802479
+5.000621E+01,-3.177250E-09
1641802483
+5.000617E+01,-3.653931E-09
1641802487
+5.000605E+01,-2.021392E-09
1641802491
+5.000618E+01,-4.193894E-09
1641802495
+5.000616E+01,-5.050246E-09
1641802499
+5.000616E+01,-4.949002E-09
1641802503
+5.000615E+01,-3.978757E-09
1641802507
+5.000613E+01,-4.202335E-09
1641802511
+5.000624E+01,-4.248737E-09
1641802515
+5.000623E+01,-4.092653E-09
1641802519
+5.000626E+01,-4.379508E-09
1641802523
+5.000622E+01,-3.206781E-09
1641802527
+5.000618E+01,-5.370848E-09
1641802531
+5.000619E+01,-4.425910E-09
1641802535
+5.000619E+01,-3.712995E-09
1641802539
+5.000618E+01,-5.020718E-09
1641802543
+5.000621E+01,-2.198576E-09
1641802547
+5.000616E+01,-4.231866E-09
1641802551
+5.000623E+01,-4.771828E-09
1641802555
+5.000607E+01,-4.299364E-09
1641802559
+5.000607E+01,-4.594659E-09
1641802563
+5.000613E+01,-1.667046E-09
1641802567
+5.000611E+01,-3.050696E-09
1641802571
+5.000610E+01,-2.502301E-09
1641802575
+5.000624E+01,-2.333563E-09
1641802579
+5.000620E+01,+3.662528E-10
1641802583
+5.000619E+01,-2.970543E-09
1641802587
+5.000611E+01,-2.341995E-09
1641802591
+5.000619E+01,-3.396608E-09
1641802595
+5.000629E+01,-5.265377E-09
1641802599
+5.000623E+01,-1.637509E-09
1641802603
+5.000623E+01,-4.240296E-09
1641802607
+5.000623E+01,-3.675023E-09
1641802611
+5.000629E+01,-2.860863E-09
1641802615
+5.000631E+01,-3.569560E-09
1641802619
+5.000633E+01,-3.210988E-09
1641802623
+5.000626E+01,-4.324667E-09
1641802627
+5.000629E+01,-3.312236E-09
1641802631
+5.000621E+01,-4.383727E-09
1641802635
+5.000615E+01,-1.177699E-09
1641802639
+5.000618E+01,-3.999844E-09
1641802643
+5.000626E+01,-4.050468E-09
1641802647
+5.000624E+01,-4.324661E-09
1641802651
+5.000620E+01,-4.970086E-09
1641802655
+5.000610E+01,-4.619960E-09
1641802660
+5.000617E+01,-5.965646E-09
1641802664
+5.000611E+01,-6.573106E-09
1641802668
+5.000626E+01,-5.906585E-09
1641802672
+5.000617E+01,-4.632613E-09
1641802676
+5.000610E+01,-7.665683E-09
1641802680
+5.000627E+01,-5.763157E-09
1641802684
+5.000623E+01,-3.552688E-09
1641802688
+5.000636E+01,-4.839314E-09
1641802692
+5.000629E+01,-2.746957E-09
1641802696
+5.000620E+01,-5.632383E-09
1641802700
+5.000627E+01,-5.185228E-09
1641802704
+5.000631E+01,-4.814005E-09
1641802708
+5.000632E+01,-4.594646E-09
1641802712
+5.000623E+01,-4.181238E-09
1641802716
+5.000616E+01,-2.232301E-09
1641802720
+5.000634E+01,-2.253395E-09
1641802724
+5.000619E+01,-3.881722E-09
1641802728
+5.000629E+01,-1.485632E-09
1641802732
+5.000629E+01,-3.497839E-09
1641802736
+5.000632E+01,-4.193888E-09
1641802740
+5.000627E+01,-4.387935E-09
1641802744
+5.000620E+01,-4.750722E-09
1641802748
+5.000618E+01,-1.839981E-09
1641802752
+5.000608E+01,-5.227410E-09
1641802756
+5.000618E+01,-4.518712E-09
1641802760
+5.000613E+01,-5.252725E-09
1641802764
+5.000627E+01,-5.261158E-09
1641802768
+5.000622E+01,-6.476075E-09
1641802772
+5.000622E+01,-6.163910E-09
1641802776
+5.000610E+01,-3.362860E-09
1641802780
+5.000616E+01,-5.278035E-09
1641802784
+5.000624E+01,-1.481422E-09
1641802788
+5.000622E+01,-3.742512E-09
1641802792
+5.000624E+01,-3.632835E-09
1641802796
+5.000618E+01,-4.400594E-09
1641802800
+5.000623E+01,-4.560897E-09
1641802804
+5.000617E+01,-1.401274E-09
1641802808
+5.000617E+01,-3.582217E-09
1641802812
+5.000634E+01,-3.248950E-09
1641802816
+5.000626E+01,-3.653930E-09
1641802820
+5.000613E+01,-3.776265E-09
1641802824
+5.000622E+01,-3.772048E-09
1641802828
+5.000625E+01,-3.881725E-09
1641802832
+5.000626E+01,-4.016713E-09
1641802836
+5.000626E+01,-4.257168E-09
1641802840
+5.000637E+01,-1.219870E-09
1641802844
+5.000624E+01,-4.202327E-09
1641802848
+5.000619E+01,-1.616409E-09
1641802852
+5.000621E+01,-1.941233E-09
1641802856
+5.000616E+01,-1.738741E-09
1641802860
+5.000622E+01,-2.877723E-09
1641802864
+5.000620E+01,-2.637274E-09
1641802868
+5.000630E+01,-2.536021E-09
1641802872
+5.000616E+01,-1.713425E-09
1641802876
+5.000613E+01,+3.198624E-10
1641802880
+5.000631E+01,-2.046681E-09
1641802884
+5.000629E+01,-3.219416E-09
1641802888
+5.000629E+01,-3.658144E-09
1641802892
+5.000632E+01,-3.350193E-09
1641802896
+5.000639E+01,-5.533485E-10
1641802900
+5.000620E+01,-2.806015E-09
1641802904
+5.000629E+01,-3.556895E-09
1641802908
+5.000631E+01,-3.649702E-09
1641802912
+5.000629E+01,-3.324883E-09
1641802916
+5.000630E+01,-4.079981E-09
1641802920
+5.000629E+01,-3.797349E-09
1641802924
+5.000623E+01,-3.261602E-09
1641802928
+5.000612E+01,-4.345752E-09
1641802933
+5.000618E+01,-1.679678E-09
1641802937
+5.000612E+01,-1.591089E-09
1641802941
+5.000617E+01,-4.354191E-09
1641802945
+5.000615E+01,-2.700554E-09
1641802949
+5.000624E+01,-4.957423E-09
1641802953
+5.000614E+01,-2.595099E-09
1641802957
+5.000616E+01,-3.565341E-09
1641802961
+5.000614E+01,-3.219428E-09
1641802965
+5.000620E+01,-2.244963E-09
1641802969
+5.000617E+01,-4.375281E-09
1641802973
+5.000608E+01,-3.675020E-09
1641802977
+5.000613E+01,-3.046466E-09
1641802981
+5.000610E+01,-4.548240E-09
1641802985
+5.000620E+01,-4.898368E-09
1641802989
+5.000626E+01,-9.372387E-10
1641802993
+5.000620E+01,-2.725865E-09
1641802997
+5.000626E+01,-2.460101E-09
1641803001
+5.000630E+01,-2.244957E-09
1641803005
+5.000619E+01,-1.536264E-09
1641803009
+5.000624E+01,-2.873512E-09
1641803013
+5.000623E+01,-4.902593E-09
1641803017
+5.000613E+01,-2.282930E-09
1641803021
+5.000625E+01,-3.995625E-09
1641803025
+5.000620E+01,-9.354917E-11
1641803029
+5.000635E+01,-2.801799E-09
1641803033
+5.000631E+01,-4.219203E-09
1641803037
+5.000628E+01,-3.189899E-09
1641803041
+5.000630E+01,-3.624400E-09
1641803045
+5.000634E+01,-1.359081E-09
1641803049
+5.000626E+01,-2.827108E-09
1641803053
+5.000622E+01,-4.501837E-09
1641803057
+5.000616E+01,-3.219425E-09
1641803061
+5.000625E+01,-3.801570E-09
1641803065
+5.000640E+01,-2.072000E-09
1641803069
+5.000632E+01,-2.666798E-09
1641803073
+5.000619E+01,-4.995392E-09
1641803077
+5.000624E+01,-3.679232E-09
1641803081
+5.000620E+01,-1.165035E-09
1641803085
+5.000625E+01,-3.113960E-09
1641803089
+5.000626E+01,-5.746279E-09
1641803093
+5.000621E+01,-4.219197E-09
1641803097
+5.000626E+01,-3.531584E-09
1641803101
+5.000620E+01,-3.615959E-09
1641803105
+5.000622E+01,-4.105302E-09
1641803109
+5.000622E+01,-4.822433E-09
1641803113
+5.000625E+01,-3.776253E-09
1641803117
+5.000628E+01,-2.143713E-09
1641803121
+5.000625E+01,-4.037808E-09
1641803125
+5.000637E+01,-4.012485E-09
1641803129
+5.000620E+01,-5.290682E-09
1641803133
+5.000632E+01,-3.286912E-09
1641803137
+5.000630E+01,-2.050903E-09
1641803141
+5.000632E+01,-6.176559E-09
1641803145
+5.000620E+01,-5.033362E-09
1641803149
+5.000618E+01,-3.599083E-09
1641803153
+5.000623E+01,-5.071325E-09
1641803157
+5.000624E+01,-3.257390E-09
1641803161
+5.000620E+01,-4.434343E-09
1641803165
+5.000615E+01,-3.822666E-09
1641803169
+5.000625E+01,-4.771820E-09
1641803173
+5.000629E+01,-1.717650E-09
1641803177
+5.000619E+01,-3.915472E-09
1641803181
+5.000617E+01,-5.366619E-09
1641803185
+5.000618E+01,-4.037805E-09
1641803189
+5.000626E+01,-4.105297E-09
1641803193
+5.000625E+01,-2.046691E-09
1641803197
+5.000619E+01,-3.476749E-09
1641803201
+5.000614E+01,-3.637051E-09
1641803206
+5.000634E+01,-3.236297E-09
1641803210
+5.000623E+01,-3.700332E-09
1641803214
+5.000624E+01,-3.261612E-09
1641803218
+5.000633E+01,-3.852191E-09
1641803222
+5.000628E+01,-3.426131E-09
1641803226
+5.000620E+01,-2.856645E-09
1641803230
+5.000626E+01,-1.764060E-09
1641803234
+5.000629E+01,-3.392382E-09
1641803238
+5.000629E+01,-3.236301E-09
1641803242
+5.000624E+01,-4.261388E-09
1641803246
+5.000619E+01,-4.847748E-09
1641803250
+5.000625E+01,-2.270271E-09
1641803254
+5.000617E+01,-2.865077E-09
1641803258
+5.000625E+01,-5.206322E-09
1641803262
+5.000620E+01,-2.093099E-09
1641803266
+5.000614E+01,-4.257170E-09
1641803270
+5.000620E+01,-3.843761E-09
1641803274
+5.000618E+01,-3.367074E-09
1641803278
+5.000627E+01,-3.902811E-09
1641803282
+5.000619E+01,-3.995624E-09
1641803286
+5.000627E+01,-2.118401E-09
1641803290
+5.000633E+01,-3.569558E-09
1641803294
+5.000620E+01,-3.552691E-09
1641803298
+5.000617E+01,-4.915251E-09
1641803302
+5.000624E+01,-4.227640E-09
1641803306
+5.000615E+01,-2.320904E-09
1641803310
+5.000607E+01,-3.544257E-09
1641803314
+5.000613E+01,-4.552462E-09
1641803318
+5.000616E+01,-3.911260E-09
1641803322
+5.000618E+01,-5.058678E-09
1641803326
+5.000628E+01,-3.763609E-09
1641803330
+5.000618E+01,-4.248729E-09
1641803334
+5.000621E+01,-4.147490E-09
1641803338
+5.000615E+01,-4.991184E-09
1641803342
+5.000619E+01,-2.358864E-09
1641803346
+5.000610E+01,-3.071785E-09
1641803350
+5.000618E+01,-3.038036E-09
1641803354
+5.000618E+01,-4.345757E-09
1641803358
+5.000607E+01,-3.493635E-09
1641803362
+5.000627E+01,-3.160375E-09
1641803366
+5.000615E+01,-3.088659E-09
1641803370
+5.000612E+01,-3.793146E-09
1641803374
+5.000624E+01,-2.523382E-09
1641803378
+5.000601E+01,-2.038279E-09
1641803382
+5.000608E+01,-2.240755E-09
1641803386
+5.000611E+01,-2.147948E-09
1641803390
+5.000595E+01,-4.885734E-09
1641803394
+5.000614E+01,-2.801812E-09
1641803398
+5.000613E+01,-1.148170E-09
1641803402
+5.000625E+01,-2.152161E-09
1641803406
+5.000617E+01,-2.810249E-09
1641803410
+5.000614E+01,-6.461827E-10
1641803414
+5.000614E+01,-8.655405E-10
1641803418
+5.000627E+01,-1.266293E-09
1641803422
+5.000614E+01,-1.962335E-09
1641803426
+5.000618E+01,-3.675031E-09
1641803430
+5.000613E+01,-2.299815E-09
1641803434
+5.000632E+01,-4.605631E-10
1641803438
+5.000624E+01,-3.818453E-09
1641803442
+5.000624E+01,-1.523617E-09
1641803446
+5.000616E+01,-4.223428E-09
1641803450
+5.000613E+01,-4.189683E-09
1641803454
+5.000622E+01,-3.308021E-09
1641803458
+5.000613E+01,-4.463888E-09
1641803462
+5.000617E+01,-3.362854E-09
1641803466
+5.000619E+01,-4.687456E-09
1641803470
+5.000622E+01,-2.953676E-09
1641803474
+5.000637E+01,-4.092647E-09
1641803478
+5.000625E+01,-3.759400E-09
1641803482
+5.000629E+01,-3.548474E-09
1641803486
+5.000626E+01,-3.223653E-09
1641803490
+5.000619E+01,-9.752181E-10
1641803494
+5.000608E+01,-1.852664E-09
1641803498
+5.000615E+01,-2.658386E-09
1641803502
+5.000620E+01,-3.898606E-09
1641803506
+5.000613E+01,-3.455674E-09
1641803510
+5.000622E+01,-4.206551E-09
1641803515
+5.000612E+01,-4.999625E-09
1641803519
+5.000630E+01,-2.219658E-09
1641803523
+5.000620E+01,-3.506285E-09
1641803527
+5.000629E+01,-1.059584E-09
1641803531
+5.000608E+01,-4.198113E-09
1641803535
+5.000612E+01,-1.548927E-09
1641803539
+5.000596E+01,-2.384186E-09
1641803543
+5.000601E+01,-2.713219E-09
1641803547
+5.000615E+01,-1.152387E-09
1641803551
+5.000614E+01,-2.012950E-09
1641803555
+5.000614E+01,-2.806021E-09
1641803559
+5.000606E+01,-3.308013E-09
1641803563
+5.000609E+01,-3.299580E-09
1641803567
+5.000615E+01,-3.464092E-09
1641803571
+5.000613E+01,-3.088656E-09
1641803575
+5.000615E+01,-3.337550E-09
1641803579
+5.000615E+01,-2.582445E-09
1641803583
+5.000617E+01,-1.272991E-10
1641803587
+5.000605E+01,-3.278493E-09
1641803591
+5.000620E+01,-1.734531E-09
1641803595
+5.000614E+01,-2.755397E-09
1641803599
+5.000612E+01,-4.518713E-09
1641803603
+5.000603E+01,-2.721656E-09
1641803607
+5.000620E+01,-2.409486E-09
1641803611
+5.000607E+01,-2.012950E-09
1641803615
+5.000614E+01,-2.253397E-09
1641803619
+5.000619E+01,-2.552913E-09
1641803623
+5.000620E+01,-1.962326E-09
1641803627
+5.000618E+01,-3.902819E-09
1641803631
+5.000624E+01,-3.033817E-09
1641803635
+5.000616E+01,-3.451444E-09
1641803639
+5.000613E+01,-2.194343E-09
1641803643
+5.000608E+01,-2.978975E-09
1641803647
+5.000621E+01,-3.000067E-09
1641803651
+5.000620E+01,-1.861081E-09
1641803655
+5.000619E+01,-1.169259E-09
1641803659
+5.000618E+01,-3.084439E-09
1641803663
+5.000619E+01,-4.387940E-09
1641803667
+5.000625E+01,-1.506725E-09
1641803671
+5.000632E+01,-2.586655E-09
1641803675
+5.000620E+01,-3.810007E-09
1641803679
+5.000610E+01,-4.244514E-09
1641803683
+5.000622E+01,-3.350196E-09
1641803687
+5.000613E+01,-3.388166E-09
1641803691
+5.000628E+01,-4.185456E-09
1641803695
+5.000609E+01,-2.074589E-10
1641803699
+5.000607E+01,-3.029595E-09
1641803703
+5.000613E+01,-2.582440E-09
1641803707
+5.000618E+01,-3.181457E-09
1641803711
+5.000609E+01,-4.025158E-09
1641803715
+5.000623E+01,-3.746731E-09
1641803719
+5.000622E+01,-3.164582E-09
1641803723
+5.000614E+01,-3.324896E-09
1641803727
+5.000623E+01,-3.181453E-09
1641803731
+5.000619E+01,-1.947926E-10
1641803735
+5.000630E+01,-3.561115E-09
1641803739
+5.000620E+01,-2.274498E-09
1641803743
+5.000622E+01,-3.244741E-09
1641803747
+5.000630E+01,-2.282928E-09
1641803751
+5.000624E+01,+4.168790E-10
1641803755
+5.000617E+01,-1.000527E-09
1641803759
+5.000627E+01,-2.388390E-09
1641803763
+5.000618E+01,-3.270050E-09
1641803767
+5.000629E+01,-8.570842E-10
1641803771
+5.000623E+01,-2.780709E-09
1641803775
+5.000627E+01,-3.476757E-09
1641803779
+5.000620E+01,-3.864845E-09
1641803783
+5.000620E+01,-1.300037E-09
1641803787
+5.000620E+01,+1.511138E-10
1641803791
+5.000620E+01,-2.055136E-09
1641803795
+5.000624E+01,-1.953890E-09
1641803799
+5.000630E+01,-2.831333E-09
1641803803
+5.000615E+01,-3.101317E-09
1641803807
+5.000621E+01,-5.449330E-10
1641803811
+5.000629E+01,-2.476980E-09
1641803815
+5.000629E+01,-2.860860E-09
1641803819
+5.000628E+01,-2.274496E-09
1641803823
+5.000631E+01,-2.780711E-09
1641803827
+5.000617E+01,-2.852430E-09
1641803832
+5.000611E+01,-2.270284E-09
1641803836
+5.000621E+01,-2.173254E-09
1641803840
+5.000621E+01,-3.704556E-09
1641803844
+5.000611E+01,-1.852664E-09
1641803848
+5.000622E+01,-4.067347E-09
1641803852
+5.000620E+01,-4.092657E-09
1641803856
+5.000617E+01,-3.097101E-09
1641803860
+5.000624E+01,-3.021166E-09
1641803864
+5.000627E+01,-2.983208E-09
1641803868
+5.000622E+01,-3.772052E-09
1641803872
+5.000619E+01,-3.333334E-09
1641803876
+5.000610E+01,-3.400833E-09
1641803880
+5.000607E+01,-1.861098E-09
1641803884
+5.000605E+01,-3.666592E-09
1641803888
+5.000620E+01,-3.308027E-09
1641803892
+5.000618E+01,-3.556916E-09
1641803896
+5.000614E+01,-4.105319E-09
1641803900
+5.000628E+01,-2.244966E-09
1641803904
+5.000604E+01,-4.312023E-09
1641803908
+5.000610E+01,-1.802042E-09
1641803912
+5.000618E+01,-2.645727E-09
1641803916
+5.000617E+01,-2.877746E-09
1641803920
+5.000612E+01,-3.059140E-09
1641803924
+5.000601E+01,-1.329578E-09
1641803928
+5.000614E+01,-2.451678E-09
1641803932
+5.000616E+01,-2.561361E-09
1641803936
+5.000620E+01,-1.540495E-09
1641803940
+5.000608E+01,-3.396623E-09
1641803944
+5.000619E+01,-3.468328E-09
1641803948
+5.000614E+01,-2.822905E-09
1641803952
+5.000613E+01,-3.257403E-09
1641803956
+5.000620E+01,-2.413715E-09
1641803960
+5.000626E+01,-3.750957E-09
1641803964
+5.000613E+01,-3.923922E-09
1641803968
+5.000606E+01,-3.890172E-09
1641803972
+5.000618E+01,-3.573789E-09
1641803976
+5.000624E+01,-3.772052E-09
1641803980
+5.000619E+01,-5.585987E-09
1641803984
+5.000616E+01,-3.202566E-09
1641803988
+5.000619E+01,-4.227642E-09
1641803992
+5.000621E+01,-4.484971E-09
1641803996
+5.000634E+01,-4.438564E-09
1641804000
+5.000616E+01,-5.480526E-09
1641804004
+5.000624E+01,-4.670579E-09
1641804008
+5.000628E+01,-4.375289E-09
1641804012
+5.000625E+01,-4.590428E-09
1641804016
+5.000618E+01,-3.729867E-09
1641804020
+5.000620E+01,-4.037815E-09
1641804024
+5.000628E+01,-3.409261E-09
1641804028
+5.000627E+01,-3.008513E-09
1641804032
+5.000630E+01,-3.700334E-09
1641804036
+5.000637E+01,-3.907034E-09
1641804040
+5.000624E+01,-3.548474E-09
1641804044
+5.000629E+01,-3.852199E-09
1641804048
+5.000626E+01,-4.451226E-09
1641804052
+5.000628E+01,-5.164141E-09
1641804056
+5.000619E+01,-4.029379E-09
1641804060
+5.000631E+01,-3.847981E-09
1641804064
+5.000623E+01,-4.851977E-09
1641804068
+5.000622E+01,-5.155702E-09
1641804072
+5.000610E+01,-2.810241E-09
1641804076
+5.000616E+01,-3.405045E-09
1641804080
+5.000628E+01,-4.763386E-09
1641804084
+5.000611E+01,-4.611529E-09
1641804088
+5.000632E+01,-3.932351E-09
1641804092
+5.000620E+01,-4.628388E-09
1641804096
+5.000623E+01,-4.012501E-09
1641804100
+5.000626E+01,-4.982745E-09
1641804104
+5.000619E+01,-4.362633E-09
1641804108
+5.000613E+01,-4.434348E-09
1641804112
+5.000611E+01,-4.645276E-09
1641804116
+5.000619E+01,-4.337325E-09
1641804120
+5.000626E+01,-4.953214E-09
1641804124
+5.000630E+01,-4.501839E-09
