1645781378
+2.170910E-03,+1.131300E-10
1645781386
-4.999896E+01,-2.045559E-10
1645781394
-9.999657E+01,-2.120641E-10
1645781402
-1.500030E+02,-5.818582E-11
1645781410
-1.999943E+02,-1.108263E-10
1645781418
-2.500057E+02,-2.717184E-10
1645781426
-2.999938E+02,-2.558763E-10
1645781434
-3.500013E+02,-1.360740E-10
1645781442
-4.000088E+02,-3.337649E-10
1645781450
-4.499973E+02,-2.677575E-10
1645781458
-5.000010E+02,-1.565774E-10
1645781466
-5.499909E+02,-2.187888E-10
1645781474
-5.999957E+02,-3.117345E-10
1645781482
-6.499803E+02,-3.016684E-10
1645781490
-6.999851E+02,-4.012974E-10
1645781498
-7.499739E+02,-4.485748E-10
1645781506
-7.999796E+02,-4.866115E-10
1645781514
-8.499802E+02,-5.477916E-10
1645781522
-8.999708E+02,-5.248955E-10
1645781530
-9.499733E+02,-4.310417E-10
1645781538
-9.999595E+02,-6.088063E-10
1645781546
-9.999620E+02,-3.789788E-10
1645781554
-9.499764E+02,-2.148696E-10
1645781562
-8.999739E+02,-2.067839E-10
1645781571
-8.499848E+02,-2.618584E-10
1645781579
-7.999843E+02,-1.708512E-10
1645781587
-7.499800E+02,-1.059171E-10
1645781595
-6.999918E+02,-3.619732E-11
1645781603
-6.499872E+02,-1.009665E-10
1645781611
-6.000027E+02,+6.779687E-11
1645781619
-5.499969E+02,-7.646150E-11
1645781627
-5.000064E+02,-2.283090E-11
