1645784031
+1.898787E-03,+1.124704E-10
1645784039
-4.999908E+01,-9.040561E-11
1645784047
-9.999528E+01,-1.949858E-10
1645784055
-1.500007E+02,-1.724608E-10
1645784063
-1.999932E+02,-1.840120E-10
1645784071
-2.500068E+02,-4.981139E-11
1645784079
-2.999939E+02,-1.071137E-10
1645784087
-3.500010E+02,-1.298862E-10
1645784095
-4.000085E+02,-8.038102E-11
1645784103
-4.499960E+02,-1.810829E-10
1645784112
-4.999990E+02,-2.196143E-10
1645784120
-5.499897E+02,-3.336414E-10
1645784128
-5.999944E+02,-2.085584E-10
1645784136
-6.499806E+02,-2.003898E-10
1645784144
-6.999844E+02,-3.741945E-10
1645784152
-7.499741E+02,-3.547232E-10
1645784160
-7.999799E+02,-3.514226E-10
1645784168
-8.499798E+02,-3.011330E-10
1645784176
-8.999695E+02,-2.623536E-10
1645784184
-9.499725E+02,-3.921396E-10
1645784192
-9.999604E+02,-4.389640E-10
1645784200
-9.999604E+02,-3.129316E-10
1645784208
-9.499764E+02,-8.186599E-11
1645784216
-8.999756E+02,-9.972929E-11
1645784224
-8.499848E+02,-9.052947E-11
1645784232
-7.999827E+02,-2.204714E-11
1645784240
-7.499790E+02,-5.228671E-11
1645784248
-6.999906E+02,+1.012502E-10
1645784256
-6.499869E+02,+8.892784E-12
1645784264
-6.000021E+02,+3.417870E-11
1645784272
-5.499968E+02,-1.150759E-10
1645784280
-5.000073E+02,+3.252872E-11
1645784288
-4.500036E+02,+7.093189E-11
1645784296
-4.000146E+02,-4.651103E-11
1645784304
-3.500053E+02,+4.461489E-11
1645784312
-2.999989E+02,+1.921612E-12
1645784320
-2.500118E+02,-7.566867E-12
1645784329
-1.999988E+02,+4.939974E-11
1645784337
-1.500062E+02,+6.952949E-11
1645784345
-1.000007E+02,+2.470672E-10
1645784353
-5.000195E+01,+1.076028E-10
1645784361
+1.038038E-02,+1.137490E-10
