1645754886
+3.113095E-04,-3.227814E-11
1645754892
-1.999911E+01,-2.592496E-11
1645754898
-3.999940E+01,+1.462640E-11
1645754904
-6.000463E+01,-2.327537E-12
1645754910
-7.999139E+01,+7.490264E-12
1645754916
-9.999806E+01,-1.581860E-10
1645754922
-1.200005E+02,-2.840020E-11
1645754928
-1.400055E+02,-3.137052E-11
1645754934
-1.600080E+02,-1.415606E-10
1645754940
-1.799943E+02,-1.088046E-10
1645754946
-1.999953E+02,-1.332685E-10
1645754952
-2.199987E+02,-3.170058E-11
1645754958
-2.199991E+02,-1.590018E-11
1645754964
-2.600070E+02,-1.026579E-10
1645754970
-2.800123E+02,-5.830945E-11
1645754976
-2.999958E+02,-1.863214E-10
1645754982
-3.200006E+02,-1.987389E-10
1645754988
-3.400016E+02,-1.561141E-11
1645754994
-3.600068E+02,-5.649435E-11
1645755000
-3.800063E+02,-2.226663E-10
1645755006
-4.000110E+02,-1.078558E-10
1645755012
-4.199940E+02,-1.286067E-10
1645755018
-4.399956E+02,-1.783181E-10
1645755024
-4.599995E+02,-1.126413E-10
1645755031
-4.800000E+02,-1.211398E-10
1645755037
-5.000015E+02,-2.816186E-10
1645755043
-5.199904E+02,-9.391184E-11
1645755049
-5.399943E+02,-2.136731E-10
1645755055
-5.599936E+02,-1.863216E-10
1645755061
-5.799964E+02,-2.492750E-10
1645755067
-5.999985E+02,-1.474600E-10
1645755073
-6.200009E+02,-1.326084E-10
1645755079
-6.399828E+02,-3.225840E-10
1645755085
-6.599857E+02,-3.503071E-10
1645755091
-6.799894E+02,-2.443662E-10
1645755097
-6.999886E+02,-1.734914E-10
1645755103
-7.199903E+02,-1.585985E-10
1645755109
-7.399954E+02,-3.293908E-10
1645755115
-7.399968E+02,-1.807523E-10
1645755121
-7.799808E+02,-2.414373E-10
1645755127
-7.999846E+02,-2.595479E-10
1645755133
-8.199888E+02,-2.951915E-10
1645755139
-8.399875E+02,-3.164367E-10
1645755145
-8.599715E+02,-3.891686E-10
1645755151
-8.799726E+02,-4.269153E-10
1645755157
-8.999780E+02,-2.582277E-10
1645755163
-9.199781E+02,-3.419325E-10
1645755169
-9.199788E+02,-3.503484E-10
1645755175
-9.599828E+02,-4.354969E-10
1645755181
-9.799664E+02,-4.024940E-10
1645755187
-9.999682E+02,-4.683767E-10
1645755193
-9.999684E+02,-4.384676E-10
1645755199
-9.799700E+02,-2.856618E-10
1645755205
-9.599854E+02,-2.069070E-10
1645755211
-9.399820E+02,-1.904882E-10
1645755217
-9.199816E+02,-1.711400E-10
1645755223
-8.999808E+02,-3.241519E-10
1645755229
-8.799783E+02,-1.712633E-10
1645755235
-8.599764E+02,-1.621875E-10
1645755241
-8.399948E+02,-3.107024E-10
1645755247
-8.199952E+02,-1.660656E-10
1645755253
-7.999911E+02,-1.729961E-10
1645755259
-7.799890E+02,-1.731613E-10
1645755265
-7.599872E+02,-3.167672E-10
1645755271
-7.400052E+02,-6.408506E-11
1645755277
-7.200002E+02,-2.732761E-11
1645755283
-6.999979E+02,-8.380453E-11
1645755289
-6.799971E+02,-2.283183E-10
1645755295
-6.599951E+02,-1.920970E-10
1645755301
-6.399935E+02,-2.481109E-11
1645755307
-6.200111E+02,+7.737757E-12
1645755313
-6.000083E+02,-1.730284E-11
1645755319
-5.800080E+02,-9.816112E-11
1645755325
-5.600043E+02,-5.971219E-11
1645755331
-5.400026E+02,+2.749619E-11
1645755337
-5.199989E+02,-1.626827E-10
1645755344
-5.000125E+02,-2.386225E-11
1645755350
-4.800107E+02,-7.650269E-11
1645755356
-4.600092E+02,+1.149146E-11
1645755362
-4.400055E+02,-9.077660E-11
1645755368
-4.200021E+02,-3.933264E-11
1645755374
DCL
-4.200008E+02,-1.425505E-10
1645755380
-3.800151E+02,+1.639901E-10
1645755386
-3.600135E+02,+1.033535E-10
1645755392
-3.400107E+02,+1.017862E-10
1645755398
-3.400100E+02,+5.929944E-11
1645755404
-3.000021E+02,+4.300593E-11
1645755410
-2.800174E+02,-2.943161E-11
1645755416
-2.600125E+02,-3.516592E-11
1645755422
-2.400131E+02,-4.298411E-13
1645755428
-2.200044E+02,+2.980616E-11
1645755434
-2.000026E+02,+1.437780E-10
1645755440
-1.799985E+02,+3.124985E-11
1645755446
-1.600110E+02,+7.476793E-11
1645755452
-1.400092E+02,+3.438482E-11
1645755458
-1.200056E+02,+1.857700E-10
1645755464
-1.000022E+02,+1.225347E-10
1645755470
-7.999424E+01,+7.489167E-11
1645755476
-6.000790E+01,+2.022694E-10
1645755482
-4.000149E+01,+2.087459E-10
1645755488
-2.000179E+01,+2.154281E-10
1645755494
+9.019647E-03,+1.441905E-10
