1645766823
+9.790689E-03,+1.227821E-10
1645766831
-5.000288E+01,-1.584960E-12
1645766839
-9.999932E+01,-2.093826E-10
1645766847
-1.500065E+02,-2.171383E-10
1645766855
-1.999980E+02,-8.986900E-11
1645766863
-2.500096E+02,-1.800920E-10
1645766871
-2.999969E+02,-2.428809E-10
1645766879
-3.500040E+02,-1.021627E-10
1645766887
-4.000112E+02,-2.566187E-10
1645766895
-4.500002E+02,-3.474194E-10
1645766903
-5.000023E+02,-3.096718E-10
1645766912
-5.499911E+02,-3.316184E-10
1645766920
-5.999964E+02,-3.568667E-10
1645766928
-6.499827E+02,-3.149110E-10
1645766936
-6.999863E+02,-3.794320E-10
1645766944
-7.499770E+02,-3.846716E-10
1645766952
-7.999834E+02,-3.089290E-10
1645766960
-8.499843E+02,-3.005547E-10
1645766968
-8.999712E+02,-3.439123E-10
1645766976
-9.499785E+02,-4.465949E-10
1645766984
-9.999639E+02,-3.964287E-10
1645766992
-9.999642E+02,-4.061647E-10
1645767000
-9.499800E+02,-2.589292E-10
1645767008
-8.999766E+02,-1.038543E-10
1645767016
-8.499874E+02,-1.831861E-10
1645767024
-7.999893E+02,-2.126325E-11
1645767032
-7.499830E+02,-1.207273E-10
1645767040
-6.999940E+02,-1.125589E-10
1645767048
-6.499903E+02,-9.638721E-11
1645767056
-6.000043E+02,-4.754220E-11
1645767064
-5.500002E+02,-5.674192E-11
1645767072
-5.000103E+02,+1.384981E-10
1645767080
-4.500068E+02,+1.514917E-10
1645767088
-4.000175E+02,+2.774369E-11
1645767096
-3.500084E+02,+1.482330E-10
1645767104
-3.000023E+02,+1.221221E-10
1645767113
-2.500141E+02,+1.980210E-10
1645767121
-2.000007E+02,+1.213385E-10
1645767129
-1.500093E+02,+1.484392E-10
1645767137
-1.000035E+02,+2.543674E-10
1645767145
-5.000381E+01,+2.599774E-10
1645767153
+8.566086E-03,+3.001542E-10
