1645770200
+9.473205E-03,+6.429059E-11
1645770208
-5.000288E+01,-7.212970E-11
1645770216
-1.000012E+02,-1.223362E-10
1645770224
-1.500067E+02,-9.143670E-11
1645770232
-1.999982E+02,-1.640028E-10
1645770240
-2.500099E+02,-1.097122E-10
1645770248
-2.999975E+02,-1.735739E-10
1645770256
-3.500028E+02,-1.475837E-10
1645770264
-4.000113E+02,-3.161899E-10
1645770272
-4.500004E+02,-2.374769E-10
1645770280
-5.000033E+02,-3.126008E-10
1645770288
-5.499930E+02,-1.586810E-10
1645770296
-5.999979E+02,-2.210989E-10
1645770304
-6.499825E+02,-3.531126E-10
1645770312
-6.999877E+02,-3.052573E-10
1645770320
-7.499776E+02,-3.178401E-10
1645770328
-7.999817E+02,-3.398286E-10
1645770336
-8.499827E+02,-4.330218E-10
1645770344
-8.999734E+02,-3.808762E-10
1645770352
-9.499751E+02,-5.284417E-10
1645770360
-9.999628E+02,-3.828566E-10
1645770368
-9.999620E+02,-3.085157E-10
1645770376
-9.499790E+02,-3.009256E-10
1645770384
-8.999765E+02,-9.288068E-11
1645770392
-8.499872E+02,-7.122204E-11
1645770400
-7.999866E+02,+2.169106E-12
1645770409
-7.499835E+02,-5.187388E-11
1645770417
-6.999951E+02,-5.043000E-11
1645770425
-6.499890E+02,-1.276485E-11
1645770433
-6.000049E+02,+3.822102E-11
1645770441
-5.500001E+02,+3.380730E-11
1645770449
1645770457
-4.500067E+02,+1.316509E-10
1645770465
-4.000181E+02,-3.438206E-11
1645770473
-3.500093E+02,+1.687751E-10
1645770481
-3.000021E+02,+1.038487E-10
1645770489
-2.500133E+02,+9.346491E-12
1645770497
-2.000023E+02,+2.009494E-10
1645770505
-1.500102E+02,+2.497064E-10
1645770513
-1.000019E+02,+1.517391E-10
1645770521
-5.000422E+01,+1.986809E-10
1645770529
+7.931110E-03,+3.006906E-10
