1645680500
-2.046394E-02,-3.954312E-11
1645680506
-5.001400E+01,-1.799555E-10
1645680512
-1.000108E+02,-2.155778E-10
1645680518
-1.500181E+02,-3.489630E-10
1645680524
-2.000095E+02,-1.194829E-10
1645680530
-2.500218E+02,-2.267623E-10
1645680536
-3.000110E+02,-9.918737E-11
1645680542
-3.500161E+02,-1.985943E-10
1645680548
-4.000253E+02,-2.901408E-10
1645680554
-4.500146E+02,-2.014936E-10
1645680560
-5.000172E+02,-3.125101E-10
1645680566
-5.500065E+02,-2.217913E-10
1645680572
-6.000132E+02,-3.601475E-10
1645680578
-6.499989E+02,-5.117589E-10
1645680584
-7.000034E+02,-5.540111E-10
1645680590
-7.499933E+02,-4.541798E-10
1645680596
-7.999984E+02,-5.167294E-10
1645680602
-8.500002E+02,-7.130798E-10
1645680608
-8.999907E+02,-6.360308E-10
1645680614
-9.499948E+02,-7.959272E-10
1645680620
-9.999812E+02,-6.526008E-10
1645680626
-9.999802E+02,-7.168068E-10
1645680632
-9.499979E+02,-4.504517E-10
1645680638
-8.999944E+02,-4.537656E-10
1645680644
-8.500033E+02,-4.985028E-10
1645680650
-8.000038E+02,-3.783739E-10
1645680656
-7.499984E+02,-3.854160E-10
1645680662
-7.000103E+02,-3.224515E-10
1645680668
-6.500044E+02,-1.542755E-10
1645680674
-6.000210E+02,-1.290096E-10
1645680680
-5.500146E+02,-1.985943E-10
1645680686
-5.000262E+02,-7.557856E-11
1645680692
-4.500225E+02,-1.513761E-10
1645680698
-4.000340E+02,-3.094441E-12
1645680704
-3.500247E+02,+4.992226E-11
1645680710
-3.000180E+02,+1.393883E-10
1645680716
-2.500300E+02,-2.918897E-11
1645680722
-2.000175E+02,+1.642396E-10
1645680728
-1.500251E+02,+3.915304E-11
1645680734
-1.000186E+02,+5.075054E-11
1645680740
-5.001989E+01,+1.398019E-10
1645680746
-7.626613E-03,+9.714035E-11
