1641810050
-4.999344E+01,-1.798436E-08
1641810052
-4.999343E+01,-1.524214E-08
1641810056
-4.999355E+01,-1.565136E-08
1641810060
-4.999359E+01,-1.398916E-08
1641810064
-4.999349E+01,-1.436041E-08
1641810068
-4.999350E+01,-1.420010E-08
1641810072
-4.999355E+01,-1.306109E-08
1641810076
-4.999366E+01,-1.449541E-08
1641810080
-4.999363E+01,-1.378245E-08
1641810084
-4.999360E+01,-1.411150E-08
1641810088
-4.999355E+01,-1.216678E-08
1641810092
-4.999348E+01,-1.328467E-08
1641810096
-4.999352E+01,-1.300203E-08
1641810100
-4.999353E+01,-1.356309E-08
1641810104
-4.999354E+01,-1.247472E-08
1641810108
-4.999337E+01,-1.399338E-08
1641810112
-4.999345E+01,-1.252535E-08
1641810116
-4.999348E+01,-1.264768E-08
1641810120
-4.999361E+01,-1.399338E-08
1641810124
-4.999350E+01,-1.203601E-08
1641810128
-4.999354E+01,-1.325092E-08
1641810132
-4.999353E+01,-1.298938E-08
1641810136
-4.999347E+01,-1.292610E-08
1641810140
-4.999350E+01,-1.252113E-08
1641810144
-4.999357E+01,-1.255488E-08
1641810148
-4.999350E+01,-1.140324E-08
1641810152
-4.999360E+01,-1.228911E-08
1641810156
-4.999364E+01,-1.248316E-08
1641810160
-4.999357E+01,-1.278689E-08
1641810164
-4.999347E+01,-1.249160E-08
1641810168
-4.999357E+01,-1.210772E-08
1641810172
-4.999361E+01,-1.253378E-08
1641810176
-4.999357E+01,-1.245785E-08
1641810180
-4.999352E+01,-1.343231E-08
1641810184
-4.999358E+01,-1.239035E-08
1641810188
-4.999350E+01,-1.189680E-08
1641810192
-4.999350E+01,-1.309484E-08
1641810196
-4.999346E+01,-1.257175E-08
1641810200
-4.999350E+01,-1.290079E-08
1641810204
-4.999356E+01,-1.248738E-08
1641810208
-4.999342E+01,-1.272783E-08
1641810212
-4.999352E+01,-1.286282E-08
1641810216
-4.999356E+01,-1.274471E-08
1641810220
-4.999352E+01,-1.180399E-08
1641810224
-4.999358E+01,-1.336060E-08
1641810228
-4.999366E+01,-1.251269E-08
1641810232
-4.999362E+01,-1.305265E-08
1641810236
-4.999362E+01,-1.100670E-08
1641810240
-4.999369E+01,-1.268987E-08
1641810244
-4.999361E+01,-1.307796E-08
1641810248
-4.999350E+01,-1.260971E-08
1641810252
-4.999357E+01,-1.399760E-08
1641810256
-4.999366E+01,-1.204866E-08
1641810260
-4.999357E+01,-1.306109E-08
1641810264
-4.999350E+01,-1.279954E-08
1641810268
-4.999360E+01,-1.214990E-08
1641810272
-4.999359E+01,-1.219209E-08
1641810276
-4.999369E+01,-1.205288E-08
1641810280
-4.999356E+01,-1.115435E-08
1641810284
-4.999356E+01,-1.017566E-08
1641810288
-4.999351E+01,-1.276158E-08
1641810292
-4.999348E+01,-1.223005E-08
1641810296
-4.999345E+01,-1.117966E-08
1641810300
-4.999369E+01,-1.354621E-08
1641810304
-4.999357E+01,-1.305687E-08
1641810308
-4.999361E+01,-1.241145E-08
1641810312
-4.999363E+01,-1.143276E-08
1641810316
-4.999371E+01,-1.122606E-08
1641810320
-4.999364E+01,-1.212881E-08
1641810324
-4.999362E+01,-1.282064E-08
1641810328
-4.999363E+01,-1.126403E-08
1641810332
-4.999359E+01,-1.131043E-08
1641810336
-4.999358E+01,-1.210772E-08
1641810340
-4.999361E+01,-1.138214E-08
1641810344
-4.999355E+01,-1.328467E-08
1641810348
-4.999358E+01,-1.274892E-08
1641810352
-4.999360E+01,-1.121341E-08
1641810357
-4.999361E+01,-1.158885E-08
1641810361
-4.999367E+01,-1.180821E-08
1641810365
-4.999357E+01,-1.082953E-08
1641810369
-4.999364E+01,-1.165634E-08
1641810373
-4.999360E+01,-1.201913E-08
1641810377
-4.999356E+01,-1.231864E-08
1641810381
-4.999366E+01,-1.115857E-08
1641810385
-4.999357E+01,-1.287126E-08
1641810389
-4.999355E+01,-1.155932E-08
1641810393
-4.999361E+01,-1.080422E-08
1641810397
-4.999345E+01,-1.221318E-08
1641810401
-4.999356E+01,-1.224271E-08
1641810405
-4.999358E+01,-1.037815E-08
1641810409
-4.999364E+01,-1.111217E-08
1641810413
-4.999350E+01,-1.214147E-08
1641810417
-4.999360E+01,-1.190523E-08
1641810421
-4.999358E+01,-1.251691E-08
1641810425
-4.999355E+01,-1.101092E-08
1641810429
-4.999353E+01,-1.217521E-08
1641810433
-4.999358E+01,-1.356309E-08
1641810437
-4.999352E+01,-1.161416E-08
1641810441
-4.999356E+01,-1.109529E-08
1641810445
-4.999366E+01,-1.148339E-08
1641810449
-4.999377E+01,-1.126403E-08
1641810453
-4.999365E+01,-1.275736E-08
1641810457
-4.999378E+01,-1.244941E-08
1641810461
-4.999376E+01,-1.146230E-08
1641810465
-4.999352E+01,-1.165634E-08
1641810469
-4.999357E+01,-1.122184E-08
1641810473
-4.999358E+01,-1.149604E-08
1641810477
-4.999358E+01,-1.100670E-08
1641810481
-4.999364E+01,-9.973182E-09
1641810485
-4.999362E+01,-1.165213E-08
1641810489
-4.999361E+01,-1.146651E-08
1641810493
-4.999354E+01,-1.108264E-08
1641810497
-4.999359E+01,-1.348715E-08
1641810501
-4.999363E+01,-1.171540E-08
1641810505
-4.999355E+01,-1.167322E-08
1641810509
-4.999363E+01,-1.113748E-08
1641810513
-4.999358E+01,-1.195164E-08
1641810517
-4.999359E+01,-1.093499E-08
1641810521
-4.999371E+01,-1.117544E-08
1641810525
-4.999360E+01,-1.270252E-08
1641810529
-4.999358E+01,-1.157198E-08
1641810533
-4.999366E+01,-1.206975E-08
1641810537
-4.999357E+01,-1.175337E-08
1641810541
-4.999357E+01,-1.107842E-08
1641810545
-4.999359E+01,-1.199804E-08
1641810549
-4.999363E+01,-1.049627E-08
1641810553
-4.999365E+01,-1.055111E-08
1641810557
-4.999355E+01,-1.214147E-08
1641810561
-4.999358E+01,-1.225536E-08
1641810565
-4.999350E+01,-1.236505E-08
1641810569
-4.999355E+01,-1.050049E-08
1641810573
-4.999360E+01,-1.111638E-08
1641810577
-4.999354E+01,-1.090546E-08
1641810581
-4.999353E+01,-1.114169E-08
1641810585
-4.999347E+01,-1.098983E-08
1641810589
-4.999354E+01,-1.174493E-08
1641810593
-4.999357E+01,-1.101092E-08
1641810597
-4.999360E+01,-1.193898E-08
1641810601
-4.999351E+01,-1.080844E-08
1641810605
-4.999357E+01,-1.179134E-08
1641810609
-4.999353E+01,-1.239457E-08
1641810613
-4.999356E+01,-1.248316E-08
1641810617
-4.999358E+01,-1.252113E-08
1641810621
-4.999352E+01,-1.216678E-08
1641810625
-4.999356E+01,-1.160994E-08
1641810629
-4.999355E+01,-1.228489E-08
1641810633
-4.999363E+01,-1.015036E-08
1641810637
-4.999357E+01,-1.054267E-08
1641810641
-4.999364E+01,-1.075360E-08
1641810645
-4.999359E+01,-1.273205E-08
1641810649
-4.999362E+01,-1.114169E-08
1641810653
-4.999364E+01,-1.371073E-08
1641810657
-4.999358E+01,-1.234395E-08
1641810661
-4.999363E+01,-1.075360E-08
1641810665
-4.999350E+01,-1.069454E-08
1641810669
-4.999365E+01,-1.171119E-08
1641810673
-4.999357E+01,-1.140324E-08
1641810677
-4.999347E+01,-1.092656E-08
1641810682
-4.999353E+01,-1.200648E-08
1641810686
-4.999352E+01,-1.031910E-08
1641810690
-4.999367E+01,-1.150870E-08
1641810694
-4.999350E+01,-1.033175E-08
1641810698
-4.999348E+01,-1.031910E-08
1641810702
-4.999358E+01,-1.115857E-08
1641810706
-4.999350E+01,-1.164369E-08
1641810710
-4.999360E+01,-1.182087E-08
1641810714
-4.999363E+01,-1.080422E-08
1641810718
-4.999351E+01,-1.056377E-08
1641810722
-4.999354E+01,-1.015458E-08
1641810726
-4.999365E+01,-1.273205E-08
1641810730
-4.999359E+01,-1.194742E-08
1641810734
-4.999350E+01,-1.148339E-08
1641810738
-4.999359E+01,-1.015458E-08
1641810742
-4.999367E+01,-1.127246E-08
1641810746
-4.999371E+01,-1.173228E-08
1641810750
-4.999370E+01,-1.242832E-08
1641810754
-4.999367E+01,-1.110795E-08
1641810758
-4.999367E+01,-1.037816E-08
1641810762
-4.999363E+01,-1.026426E-08
1641810766
-4.999364E+01,-1.133153E-08
1641810770
-4.999358E+01,-1.148339E-08
1641810774
-4.999354E+01,-1.123028E-08
1641810778
-4.999354E+01,-1.095186E-08
1641810782
-4.999361E+01,-1.082953E-08
1641810786
-4.999356E+01,-1.077047E-08
1641810790
-4.999352E+01,-1.076203E-08
1641810794
-4.999357E+01,-1.147073E-08
1641810798
-4.999366E+01,-1.056377E-08
1641810802
-4.999364E+01,-1.209085E-08
1641810806
-4.999363E+01,-1.226380E-08
1641810810
-4.999362E+01,-1.133574E-08
1641810814
-4.999363E+01,-1.092655E-08
1641810818
-4.999356E+01,-1.226380E-08
1641810822
-4.999361E+01,-1.053002E-08
1641810826
-4.999356E+01,-1.171962E-08
1641810830
-4.999356E+01,-1.160572E-08
1641810834
-4.999353E+01,-1.109107E-08
1641810838
-4.999363E+01,-1.078734E-08
1641810842
-4.999374E+01,-1.262237E-08
1641810846
-4.999366E+01,-1.248738E-08
1641810850
-4.999364E+01,-1.282908E-08
1641810854
-4.999362E+01,-9.445876E-09
1641810858
-4.999368E+01,-1.179134E-08
1641810862
-4.999359E+01,-1.140324E-08
1641810866
-4.999362E+01,-1.213725E-08
1641810870
-4.999376E+01,-1.197273E-08
1641810874
-4.999369E+01,-1.080422E-08
1641810878
-4.999370E+01,-1.104467E-08
1641810882
-4.999358E+01,-1.095608E-08
1641810886
-4.999356E+01,-1.174071E-08
1641810890
-4.999362E+01,-1.124294E-08
1641810894
-4.999360E+01,-1.135683E-08
1641810898
-4.999370E+01,-1.179555E-08
1641810902
-4.999350E+01,-1.327623E-08
1641810906
-4.999361E+01,-1.165213E-08
