1645686861
-6.583287E-03,+1.871955E-09
1645686867
-2.001653E+01,-8.489140E-09
1645686873
-4.001553E+01,-8.834218E-09
1645686879
-6.002224E+01,-9.247206E-09
1645686885
DCL
-6.002254E+01,-8.976698E-09
1645686891
-1.000153E+02,-9.752567E-09
1645686897
-1.200176E+02,-9.819275E-09
1645686903
-1.400226E+02,-9.924485E-09
1645686909
-1.600223E+02,-1.011420E-08
1645686915
-1.800117E+02,-1.021983E-08
1645686921
-2.000124E+02,-1.035280E-08
1645686927
-2.200148E+02,-1.029233E-08
1645686933
-2.400234E+02,-1.061128E-08
1645686939
-2.600240E+02,-1.069496E-08
1645686945
-2.800294E+02,-1.062412E-08
1645686951
-2.800282E+02,-1.075709E-08
1645686957
-3.200172E+02,-1.102056E-08
1645686963
-3.400182E+02,-1.092361E-08
1645686969
-3.600217E+02,-1.113571E-08
1645686975
-3.800237E+02,-1.133371E-08
1645686981
-4.000273E+02,-1.128939E-08
1645686987
-4.200100E+02,-1.141202E-08
1645686993
-4.400133E+02,-1.132418E-08
1645686999
-4.600154E+02,-1.162699E-08
1645687005
-4.800156E+02,-1.174050E-08
1645687011
-4.800162E+02,-1.151640E-08
1645687018
-5.200063E+02,-1.168623E-08
1645687024
-5.400112E+02,-1.184405E-08
1645687030
-5.600112E+02,-1.178771E-08
1645687036
-5.800141E+02,-1.184571E-08
1645687042
-6.000148E+02,-1.212904E-08
1645687048
-6.200182E+02,-1.198199E-08
1645687054
-6.400002E+02,-1.207934E-08
1645687060
-6.600040E+02,-1.219989E-08
1645687066
-6.800046E+02,-1.223094E-08
1645687072
-7.000062E+02,-1.238753E-08
1645687078
-7.200070E+02,-1.244096E-08
1645687084
-7.400131E+02,-1.257477E-08
1645687090
-7.599968E+02,-1.262075E-08
1645687096
-7.799966E+02,-1.268205E-08
1645687102
-8.000001E+02,-1.286762E-08
1645687108
-8.200056E+02,-1.282661E-08
1645687114
-8.400062E+02,-1.301137E-08
1645687120
-8.599876E+02,-1.306398E-08
1645687126
-8.799909E+02,-1.313398E-08
1645687132
-8.999933E+02,-1.326239E-08
1645687138
-9.199961E+02,-1.327610E-08
1645687144
-9.399960E+02,-1.328022E-08
1645687150
-9.600002E+02,-1.350514E-08
1645687156
-9.799831E+02,-1.367331E-08
