1641811158
-1.439721E+00,-3.884906E-07
1641811160
-1.439722E+00,-3.437589E-07
1641811164
-1.439839E+00,-3.358949E-07
1641811168
-1.439848E+00,-3.378483E-07
1641811172
-1.439689E+00,-3.071147E-07
1641811176
-1.439731E+00,-3.046592E-07
1641811180
-1.439747E+00,-3.200367E-07
1641811184
-1.439772E+00,-3.379158E-07
1641811188
-1.439722E+00,-3.473407E-07
1641811192
-1.439747E+00,-3.226269E-07
1641811196
-1.439721E+00,-3.253269E-07
1641811200
-1.439520E+00,-3.602799E-07
1641811204
-1.439780E+00,-2.993519E-07
1641811208
-1.439646E+00,-2.929015E-07
1641811212
-1.439714E+00,-2.903955E-07
1641811216
-1.439697E+00,-3.133416E-07
1641811220
-1.439790E+00,-3.143709E-07
1641811224
-1.439790E+00,-3.110043E-07
1641811228
-1.439723E+00,-3.587442E-07
1641811232
-1.439790E+00,-3.366461E-07
1641811236
-1.439773E+00,-3.131263E-07
1641811240
-1.439773E+00,-3.634313E-07
1641811244
-1.439781E+00,-3.291620E-07
1641811248
-1.439798E+00,-3.220491E-07
1641811252
-1.439815E+00,-3.207370E-07
1641811256
-1.439764E+00,-3.265463E-07
1641811260
-1.439663E+00,-2.746721E-07
1641811264
-1.439764E+00,-2.834597E-07
1641811268
-1.439823E+00,-3.016848E-07
1641811272
-1.439764E+00,-2.902985E-07
1641811276
-1.439865E+00,-2.943865E-07
1641811280
-1.439764E+00,-2.749294E-07
1641811284
-1.439756E+00,-2.822027E-07
1641811288
-1.439756E+00,-2.634503E-07
1641811292
-1.439748E+00,-2.747439E-07
1641811296
-1.439655E+00,-2.876913E-07
1641811300
-1.439722E+00,-2.865101E-07
1641811304
-1.439689E+00,-2.711157E-07
1641811308
-1.439705E+00,-2.894083E-07
1641811312
-1.439824E+00,-2.678674E-07
1641811317
-1.439748E+00,-2.854174E-07
1641811321
-1.439681E+00,-2.844050E-07
1641811325
-1.439705E+00,-2.673737E-07
1641811329
-1.439714E+00,-2.480432E-07
1641811333
-1.439723E+00,-2.436051E-07
1641811337
-1.439730E+00,-2.632898E-07
1641811341
-1.439831E+00,-2.607922E-07
1641811345
-1.439672E+00,-2.682808E-07
1641811349
-1.439715E+00,-2.499460E-07
1641811353
-1.439823E+00,-2.635049E-07
1641811357
-1.439688E+00,-2.393862E-07
1641811361
-1.439570E+00,-2.302652E-07
1641811365
-1.439747E+00,-2.360786E-07
1641811369
-1.439722E+00,-2.302061E-07
1641811373
-1.439714E+00,-2.295691E-07
1641811377
-1.439697E+00,-2.215324E-07
1641811381
-1.439705E+00,-2.421032E-07
1641811385
-1.439715E+00,-2.244181E-07
1641811389
-1.439773E+00,-2.370913E-07
1641811393
-1.439807E+00,-2.469042E-07
1641811397
-1.439816E+00,-2.335012E-07
1641811401
-1.439900E+00,-2.451576E-07
1641811405
-1.439859E+00,-2.341215E-07
1641811409
-1.439766E+00,-2.559283E-07
1641811413
-1.439707E+00,-2.542197E-07
1641811417
-1.439740E+00,-2.514775E-07
1641811421
-1.439648E+00,-2.377411E-07
1641811425
-1.439807E+00,-2.654922E-07
1641811429
-1.439809E+00,-2.399308E-07
1641811433
-1.439749E+00,-2.545910E-07
1641811437
-1.439665E+00,-2.547682E-07
1641811441
-1.439858E+00,-2.390784E-07
1641811445
-1.439800E+00,-2.655641E-07
1641811449
-1.439843E+00,-2.518025E-07
1641811453
-1.439791E+00,-2.571981E-07
1641811457
-1.439757E+00,-2.376568E-07
1641811461
-1.439859E+00,-2.605817E-07
1641811465
-1.439707E+00,-2.314426E-07
1641811469
-1.439792E+00,-2.174278E-07
1641811473
-1.439766E+00,-2.357288E-07
1641811477
-1.439800E+00,-2.452084E-07
1641811481
-1.439900E+00,-2.269662E-07
1641811485
-1.439792E+00,-2.350708E-07
1641811489
-1.439757E+00,-2.285989E-07
1641811493
-1.439742E+00,-2.183813E-07
1641811497
-1.439664E+00,-2.178241E-07
1641811501
-1.439732E+00,-2.325225E-07
1641811505
-1.439749E+00,-2.469002E-07
1641811509
-1.439724E+00,-2.232623E-07
1641811513
-1.439741E+00,-2.216929E-07
1641811517
-1.439733E+00,-2.353535E-07
1641811521
-1.439715E+00,-2.470815E-07
1641811525
-1.439732E+00,-2.394454E-07
1641811529
-1.439749E+00,-2.437318E-07
1641811533
-1.439706E+00,-2.304847E-07
1641811537
-1.439798E+00,-2.359479E-07
1641811541
-1.439723E+00,-2.412468E-07
1641811545
-1.439799E+00,-2.341677E-07
1641811549
-1.439781E+00,-2.340705E-07
1641811553
-1.439689E+00,-2.239751E-07
1641811557
-1.439731E+00,-2.634208E-07
1641811561
-1.439731E+00,-2.495282E-07
1641811565
-1.439773E+00,-2.408671E-07
1641811569
-1.439757E+00,-2.288773E-07
1641811573
-1.439790E+00,-2.476551E-07
1641811577
-1.439816E+00,-2.497309E-07
1641811581
-1.439825E+00,-2.435714E-07
1641811585
-1.439697E+00,-2.227685E-07
1641811589
-1.439681E+00,-2.504016E-07
1641811593
-1.439749E+00,-2.342607E-07
1641811597
-1.439790E+00,-2.665469E-07
1641811601
-1.439740E+00,-2.843924E-07
1641811605
-1.439816E+00,-2.492499E-07
1641811609
-1.439858E+00,-2.581009E-07
1641811613
-1.439773E+00,-2.339188E-07
1641811617
-1.439766E+00,-2.794396E-07
1641811621
-1.439833E+00,-2.730945E-07
1641811626
-1.439825E+00,-2.554686E-07
1641811630
-1.439799E+00,-2.347921E-07
1641811634
-1.439698E+00,-2.439680E-07
1641811638
-1.439656E+00,-2.420570E-07
1641811642
-1.439791E+00,-2.450691E-07
1641811646
-1.439706E+00,-2.626952E-07
1641811650
-1.439841E+00,-2.414788E-07
1641811654
-1.439723E+00,-2.525616E-07
1641811658
-1.439833E+00,-2.481235E-07
1641811662
-1.439841E+00,-2.407616E-07
1641811666
-1.439724E+00,-2.266036E-07
1641811670
-1.439664E+00,-2.563333E-07
1641811674
-1.439741E+00,-2.301473E-07
1641811678
-1.439799E+00,-2.204019E-07
1641811682
-1.439749E+00,-2.374880E-07
1641811686
-1.439698E+00,-2.329485E-07
1641811690
-1.439724E+00,-2.374627E-07
1641811694
-1.439790E+00,-2.440354E-07
1641811698
-1.439622E+00,-2.245321E-07
1641811702
-1.439665E+00,-2.347796E-07
1641811706
-1.439656E+00,-2.400065E-07
1641811710
-1.439842E+00,-2.508195E-07
1641811714
-1.439935E+00,-2.492796E-07
1641811718
-1.439724E+00,-2.543548E-07
1641811722
-1.439715E+00,-2.323537E-07
1641811726
-1.439875E+00,-2.381166E-07
1641811730
-1.439884E+00,-2.506000E-07
1641811734
-1.439725E+00,-2.421289E-07
1641811738
-1.439783E+00,-2.354757E-07
1641811742
-1.439775E+00,-2.447487E-07
1641811746
-1.439758E+00,-2.483810E-07
1641811750
-1.439758E+00,-2.459214E-07
1641811754
-1.439682E+00,-2.535743E-07
1641811758
-1.439741E+00,-2.595776E-07
1641811762
-1.439724E+00,-2.608433E-07
1641811766
-1.439715E+00,-2.418713E-07
1641811770
-1.439674E+00,-2.631932E-07
1641811774
-1.439808E+00,-2.488196E-07
1641811778
-1.439732E+00,-2.469044E-07
1641811782
-1.439800E+00,-2.476723E-07
1641811786
-1.439706E+00,-2.743306E-07
1641811790
-1.439850E+00,-2.814139E-07
1641811794
-1.439689E+00,-2.588139E-07
1641811798
-1.439833E+00,-2.571306E-07
1641811802
-1.439866E+00,-2.505493E-07
1641811806
-1.439833E+00,-2.324465E-07
1641811810
-1.439883E+00,-2.536712E-07
1641811814
-1.439841E+00,-2.583033E-07
1641811818
-1.439757E+00,-2.565696E-07
1641811822
-1.439681E+00,-2.534433E-07
1641811826
-1.439783E+00,-2.541481E-07
1641811830
-1.439681E+00,-2.612693E-07
1641811834
-1.439741E+00,-2.519079E-07
1641811838
-1.439733E+00,-2.505579E-07
1641811842
-1.439647E+00,-2.443266E-07
1641811846
-1.439732E+00,-2.429259E-07
1641811850
-1.439715E+00,-2.249370E-07
1641811854
-1.439716E+00,-2.338473E-07
1641811858
-1.439750E+00,-2.424663E-07
1641811862
-1.439816E+00,-2.262364E-07
1641811866
-1.439723E+00,-2.350031E-07
1641811870
-1.439833E+00,-2.506042E-07
1641811875
-1.439842E+00,-2.545150E-07
1641811879
-1.439834E+00,-2.523931E-07
1641811883
-1.439707E+00,-2.577594E-07
1641811887
-1.439757E+00,-2.636445E-07
1641811891
-1.439724E+00,-2.587761E-07
1641811895
-1.439767E+00,-2.740945E-07
1641811899
-1.439681E+00,-2.790051E-07
1641811903
-1.439707E+00,-2.644672E-07
1641811907
-1.439631E+00,-2.664668E-07
1641811911
-1.439716E+00,-2.466261E-07
1641811915
-1.439673E+00,-2.703735E-07
1641811919
-1.439615E+00,-2.416563E-07
1641811923
-1.439555E+00,-2.447655E-07
1641811927
-1.439657E+00,-2.531440E-07
1641811931
-1.439657E+00,-2.428206E-07
1641811935
-1.439707E+00,-2.642099E-07
1641811939
-1.439656E+00,-2.406268E-07
1641811943
-1.439682E+00,-2.558778E-07
1641811947
-1.439800E+00,-2.577593E-07
1641811951
-1.439783E+00,-2.509756E-07
1641811955
-1.439683E+00,-2.729894E-07
1641811959
-1.439792E+00,-2.857132E-07
1641811963
-1.439573E+00,-2.917166E-07
1641811967
-1.439767E+00,-2.959732E-07
1641811971
-1.439792E+00,-2.656570E-07
1641811975
-1.439691E+00,-2.652056E-07
1641811979
-1.439623E+00,-2.801823E-07
1641811983
-1.439673E+00,-2.550804E-07
1641811987
-1.439791E+00,-2.467145E-07
1641811991
-1.439632E+00,-2.652309E-07
1641811995
-1.439615E+00,-2.684161E-07
1641811999
-1.439581E+00,-2.586918E-07
1641812003
-1.439741E+00,-2.456008E-07
1641812007
-1.439690E+00,-2.635475E-07
1641812011
-1.439766E+00,-2.655050E-07
1641812015
-1.439717E+00,-2.741327E-07
1641812019
-1.439784E+00,-2.493430E-07
1641812023
-1.439784E+00,-2.842197E-07
1641812027
-1.439725E+00,-2.682306E-07
1641812031
-1.439767E+00,-2.834140E-07
1641812035
-1.439641E+00,-2.943281E-07
1641812039
-1.439749E+00,-2.852153E-07
1641812043
-1.439716E+00,-2.610839E-07
1641812047
-1.439775E+00,-2.695763E-07
1641812051
-1.439758E+00,-2.658890E-07
1641812055
-1.439632E+00,-2.916786E-07
1641812059
-1.439548E+00,-2.965008E-07
1641812063
-1.439683E+00,-2.837768E-07
1641812067
-1.439708E+00,-2.968298E-07
1641812071
-1.439598E+00,-2.923072E-07
1641812075
-1.439682E+00,-3.067016E-07
1641812079
-1.439581E+00,-2.900290E-07
1641812083
-1.439657E+00,-2.939102E-07
1641812087
-1.439682E+00,-2.744701E-07
1641812091
-1.439674E+00,-2.475711E-07
1641812095
-1.439700E+00,-2.805579E-07
1641812099
-1.439709E+00,-2.559541E-07
1641812103
-1.439709E+00,-2.366783E-07
1641812107
-1.439683E+00,-2.428588E-07
1641812111
-1.439691E+00,-2.714917E-07
1641812115
-1.439682E+00,-2.816674E-07
1641812119
-1.439607E+00,-2.647922E-07
1641812124
-1.439767E+00,-2.725548E-07
1641812128
-1.439784E+00,-2.682094E-07
1641812132
-1.439742E+00,-2.459131E-07
1641812136
-1.439724E+00,-2.435758E-07
1641812140
-1.439708E+00,-2.331766E-07
1641812144
-1.439759E+00,-2.175459E-07
1641812148
-1.439817E+00,-2.417534E-07
1641812152
-1.439691E+00,-2.503049E-07
1641812156
-1.439826E+00,-2.555699E-07
1641812160
-1.439717E+00,-2.702683E-07
1641812164
-1.439708E+00,-2.421922E-07
1641812168
-1.439784E+00,-2.325100E-07
1641812172
-1.439758E+00,-2.266543E-07
1641812176
-1.439623E+00,-2.235746E-07
1641812180
-1.439691E+00,-2.420445E-07
1641812184
-1.439631E+00,-2.261691E-07
1641812188
-1.439725E+00,-2.178497E-07
1641812192
-1.439683E+00,-2.362269E-07
1641812196
-1.439766E+00,-2.195371E-07
1641812200
-1.439708E+00,-2.134664E-07
1641812204
-1.439776E+00,-2.249415E-07
1641812208
-1.439658E+00,-2.238067E-07
1641812212
-1.439775E+00,-2.158584E-07
1641812216
-1.439894E+00,-2.055140E-07
1641812220
-1.439783E+00,-2.212922E-07
1641812224
-1.439708E+00,-2.099985E-07
1641812228
-1.439716E+00,-2.223680E-07
1641812232
-1.439700E+00,-2.223512E-07
1641812236
-1.439725E+00,-2.096526E-07
1641812240
-1.439565E+00,-2.197947E-07
1641812244
-1.439683E+00,-2.024849E-07
1641812248
-1.439598E+00,-2.270720E-07
1641812252
-1.439700E+00,-2.211446E-07
1641812256
-1.439725E+00,-2.044339E-07
1641812260
-1.439691E+00,-2.045141E-07
1641812264
-1.439657E+00,-2.243213E-07
1641812268
-1.439632E+00,-2.430064E-07
1641812272
-1.439632E+00,-2.236548E-07
1641812276
-1.439590E+00,-2.368680E-07
1641812280
-1.439666E+00,-2.257051E-07
1641812284
-1.439591E+00,-2.091928E-07
1641812288
-1.439708E+00,-2.222288E-07
1641812292
-1.439557E+00,-2.258739E-07
1641812296
-1.439574E+00,-2.007763E-07
1641812300
-1.439524E+00,-2.203010E-07
1641812304
-1.439640E+00,-2.091252E-07
1641812308
-1.439657E+00,-2.211825E-07
1641812312
-1.439657E+00,-2.094120E-07
1641812316
-1.439758E+00,-2.131668E-07
1641812320
-1.439633E+00,-2.171410E-07
1641812324
-1.439564E+00,-2.004429E-07
1641812328
-1.439556E+00,-2.015272E-07
1641812332
-1.439632E+00,-2.114751E-07
1641812336
-1.439582E+00,-1.975447E-07
1641812340
-1.439614E+00,-2.247600E-07
1641812344
-1.439640E+00,-2.102390E-07
1641812348
-1.439725E+00,-2.029363E-07
1641812352
-1.439564E+00,-2.177357E-07
1641812356
-1.439623E+00,-2.226928E-07
1641812360
-1.439590E+00,-2.067796E-07
1641812364
-1.439649E+00,-2.270719E-07
1641812368
-1.439682E+00,-2.192123E-07
1641812372
-1.439683E+00,-2.144452E-07
1641812376
-1.439573E+00,-2.165925E-07
1641812380
-1.439700E+00,-2.074463E-07
1641812384
-1.439808E+00,-2.234605E-07
1641812388
-1.439684E+00,-2.175714E-07
1641812392
-1.439623E+00,-2.168203E-07
1641812396
-1.439733E+00,-2.137701E-07
1641812400
-1.439725E+00,-2.057755E-07
1641812404
-1.439716E+00,-2.219124E-07
1641812408
-1.439581E+00,-2.285232E-07
1641812413
-1.439640E+00,-2.186006E-07
1641812417
-1.439581E+00,-2.139641E-07
1641812421
-1.439539E+00,-2.274643E-07
1641812425
-1.439632E+00,-2.154619E-07
1641812429
-1.439540E+00,-2.133314E-07
1641812433
-1.439506E+00,-2.110575E-07
1641812437
-1.439598E+00,-2.099268E-07
1641812441
-1.439742E+00,-2.029658E-07
1641812445
-1.439598E+00,-1.909253E-07
1641812449
-1.439726E+00,-2.063072E-07
1641812453
-1.439700E+00,-2.116861E-07
1641812457
-1.439700E+00,-2.394205E-07
1641812461
-1.439683E+00,-2.151160E-07
