1645771550
+8.792860E-03,+1.835835E-10
1645771558
-5.000270E+01,-1.791846E-10
1645771566
-1.000016E+02,-1.301745E-10
1645771574
-1.500073E+02,-1.091346E-10
1645771582
-1.999980E+02,-9.675855E-11
1645771590
-2.500094E+02,-2.038546E-10
1645771598
-2.999971E+02,-2.390445E-10
1645771606
-3.500040E+02,-1.251414E-10
1645771614
-4.000123E+02,-1.281942E-10
1645771622
-4.499987E+02,-2.959342E-10
1645771630
-5.000043E+02,-1.916433E-10
1645771639
-5.499922E+02,-2.673450E-10
1645771647
-5.999969E+02,-2.527404E-10
1645771655
-6.499829E+02,-3.143334E-10
1645771663
-6.999868E+02,-4.236161E-10
1645771671
-7.499764E+02,-4.357030E-10
1645771679
-7.999832E+02,-3.294323E-10
1645771687
-8.499826E+02,-3.894164E-10
1645771695
-8.999725E+02,-3.871056E-10
1645771703
-9.499775E+02,-4.859513E-10
1645771711
-9.999637E+02,-4.642108E-10
1645771719
-9.999631E+02,-2.888385E-10
1645771727
-9.499793E+02,-1.000588E-10
1645771735
-8.999763E+02,-9.878006E-11
1645771743
-8.499877E+02,-1.300505E-10
1645771751
-7.999872E+02,-1.749351E-10
1645771759
-7.499828E+02,-7.460497E-11
1645771767
-6.999940E+02,-9.069407E-11
1645771775
-6.499886E+02,-7.831791E-11
1645771783
-6.000058E+02,+5.840299E-12
1645771791
-5.499993E+02,-3.805373E-11
1645771799
-5.000111E+02,-5.875404E-12
1645771807
-4.500063E+02,+3.129114E-11
1645771815
-4.000180E+02,+1.763651E-10
1645771823
-3.500080E+02,+8.244030E-11
1645771831
-3.000024E+02,+1.536367E-10
1645771840
-2.500142E+02,+1.072723E-10
1645771848
-2.000019E+02,+1.373843E-10
1645771856
-1.500104E+02,+1.617626E-10
1645771864
-1.000030E+02,+1.594116E-10
1645771872
-5.000482E+01,+1.238959E-10
1645771880
+8.021816E-03,+2.610911E-10
