1645776034
+9.564107E-03,-7.415239E-11
1645776042
-4.999564E+01,-4.720370E-12
1645776050
-9.999207E+01,-1.265048E-10
1645776058
-1.499984E+02,-2.009698E-10
1645776066
-1.999898E+02,-2.034038E-10
1645776074
-2.500025E+02,-1.452757E-10
1645776082
-2.999896E+02,-2.400380E-10
1645776091
-3.499956E+02,-9.531612E-11
1645776099
-4.000034E+02,-7.782394E-11
1645776107
-4.499919E+02,-3.319949E-10
1645776115
-4.999952E+02,-2.576952E-10
1645776123
-5.499860E+02,-3.080670E-10
1645776131
-5.999910E+02,-8.401217E-11
1645776139
-6.499760E+02,-1.958951E-10
1645776147
-6.999802E+02,-2.222981E-10
1645776155
-7.499689E+02,-3.697013E-10
1645776163
-7.999752E+02,-2.567872E-10
1645776171
-8.499765E+02,-3.769214E-10
1645776179
-8.999663E+02,-3.453199E-10
1645776187
-9.499686E+02,-4.664434E-10
1645776195
-9.999586E+02,-3.357490E-10
1645776203
-9.999581E+02,-3.941653E-10
1645776211
-9.499736E+02,-2.312503E-10
1645776219
-8.999694E+02,-2.325705E-10
1645776227
-8.499823E+02,-3.966322E-11
1645776235
-7.999814E+02,-1.037730E-10
1645776243
-7.499751E+02,-1.247717E-10
1645776251
-6.999889E+02,-1.160672E-10
1645776259
-6.499844E+02,-7.897896E-11
1645776267
-5.999986E+02,-4.927549E-11
1645776275
-5.499938E+02,-3.496008E-11
1645776283
-5.000042E+02,-1.515784E-11
1645776291
-4.500011E+02,+1.186174E-10
1645776299
-4.000125E+02,-8.433291E-12
1645776307
-3.500042E+02,+8.388501E-11
1645776315
-2.999969E+02,+1.207211E-10
1645776323
-2.500098E+02,+1.106563E-10
1645776331
-1.999964E+02,+2.205456E-10
1645776339
-1.500047E+02,+1.066137E-10
1645776347
-9.999783E+01,+2.252483E-10
1645776355
-4.999899E+01,+2.352310E-10
1645776363
+1.332865E-02,+2.558556E-10
