1645775653
+1.437201E-02,+1.484424E-10
1645775661
-4.999009E+01,-8.677672E-11
1645775669
-9.998659E+01,-1.818698E-10
1645775677
-1.499934E+02,-2.037348E-10
1645775685
-1.999867E+02,-1.226685E-10
1645775693
-2.499980E+02,-1.531560E-10
1645775701
-2.999869E+02,-1.019997E-10
1645775709
-3.499923E+02,-1.519594E-10
1645775717
-4.000017E+02,-8.591023E-11
1645775725
-4.499892E+02,-1.370665E-10
1645775733
-4.999928E+02,-1.739896E-10
1645775741
-5.499821E+02,-2.148735E-10
1645775749
-5.999876E+02,-3.075321E-10
1645775757
-6.499736E+02,-1.235761E-10
1645775765
-6.999787E+02,-3.147515E-10
1645775773
-7.499677E+02,-6.153773E-10
1645775781
-7.999725E+02,-3.977977E-10
1645775789
-8.499738E+02,-2.513018E-10
1645775797
-8.999623E+02,-4.501083E-10
1645775805
-9.499699E+02,-3.201560E-10
1645775813
-9.999561E+02,-5.056798E-10
1645775822
-9.999541E+02,-3.141733E-10
1645775830
-9.499680E+02,-2.501459E-10
1645775838
-8.999673E+02,-1.531971E-10
1645775846
-8.499777E+02,-1.629331E-10
1645775854
-7.999795E+02,-9.407874E-11
1645775862
-7.499736E+02,-9.581134E-11
1645775870
-6.999863E+02,-9.473878E-11
1645775878
-6.499813E+02,-7.444113E-11
1645775886
-5.999968E+02,+9.271296E-11
1645775894
-5.499919E+02,-7.599167E-13
1645775902
-5.000020E+02,+1.364791E-10
1645775910
-4.499991E+02,+2.021080E-10
1645775918
-4.000111E+02,+1.846593E-10
1645775926
-3.500028E+02,+2.324682E-10
1645775934
-2.999951E+02,+2.529695E-10
1645775942
-2.500079E+02,+1.304978E-10
1645775950
-1.999947E+02,+1.606928E-10
1645775958
-1.500035E+02,+2.431926E-10
1645775966
-9.999596E+01,+2.417078E-10
1645775974
-4.999841E+01,+2.460389E-10
1645775982
+1.423582E-02,+2.695100E-10
