1664016173
1664016176
1664016178
1664016180
1664016182
1664016184
1664016186
1664016188
1664016191
1664016193
1664016195
1664016197
1664016200
1664016202
1664016204
1664016206
1664016208
1664016210
1664016212
1664016214
1664016217
1664016219
1664016221
1664016223
1664016225
1664016227
1664016229
1664016231
1664016234
1664016236
1664016238
1664016240
1664016243
1664016245
1664016247
1664016249
1664016252
1664016254
1664016256
1664016259
1664016261
1664016263
1664016266
1664016268
1664016270
1664016272
1664016275
1664016277
1664016279
