1676392178
-9.992894E-01,-1.797375E-02
1676392180
-9.310770E-01,-1.796313E-02
1676392183
-8.661228E-01,-1.793411E-02
1676392185
-7.944424E-01,-1.790426E-02
1676392188
-7.295750E-01,-1.790771E-02
1676392191
-6.612597E-01,-1.789161E-02
1676392193
-5.894576E-01,-1.789112E-02
1676392196
-5.245985E-01,-1.784263E-02
1676392198
-4.562966E-01,-1.784445E-02
1676392201
-3.913636E-01,-1.780415E-02
1676392204
-3.197140E-01,-1.778746E-02
1676392206
-2.512560E-01,-1.775876E-02
1676392209
-1.864555E-01,-1.774481E-02
1676392211
-1.147459E-01,-1.772768E-02
1676392214
-4.975428E-02,-1.769885E-02
1676392217
+1.951150E-02,-1.767087E-02
1676392219
+9.090223E-02,-1.764366E-02
1676392222
+1.557673E-01,-1.760387E-02
1676392224
+2.242550E-01,-1.757887E-02
1676392227
+2.892052E-01,-1.755548E-02
1676392230
+3.610330E-01,-1.748954E-02
1676392232
+4.292389E-01,-1.739157E-02
1676392235
+4.940266E-01,-1.720850E-02
1676392237
+5.657934E-01,-1.655892E-02
1676392240
+6.308334E-01,-1.457507E-02
1676392243
+6.992756E-01,-7.561949E-03
1676392245
+7.713615E-01,+1.046812E-02
1676392248
+8.365094E-01,+3.552997E-02
1676392250
+9.053689E-01,+6.820284E-02
1676392253
+9.645733E-01,+9.999902E-02
