1676544361
-9.955720E-01,-1.876165E-02
1676544364
-9.751618E-01,-1.875811E-02
1676544367
-9.580958E-01,-1.875176E-02
1676544369
-9.375998E-01,-1.880783E-02
1676544372
-9.171317E-01,-1.877619E-02
1676544374
-8.966190E-01,-1.875800E-02
1676544377
-8.761758E-01,-1.872214E-02
1676544380
-8.556723E-01,-1.872616E-02
1676544382
-8.351158E-01,-1.872448E-02
1676544385
-8.180907E-01,-1.872988E-02
1676544387
-7.975922E-01,-1.868836E-02
1676544390
-7.771401E-01,-1.868229E-02
1676544392
-7.566206E-01,-1.869356E-02
1676544395
-7.360908E-01,-1.866958E-02
1676544398
-7.156699E-01,-1.867533E-02
1676544400
-6.950698E-01,-1.866628E-02
1676544403
-6.779956E-01,-1.866888E-02
1676544405
-6.574907E-01,-1.869589E-02
1676544408
-6.370342E-01,-1.869682E-02
1676544411
-6.164933E-01,-1.869849E-02
1676544413
-5.960094E-01,-1.869080E-02
1676544416
-5.753978E-01,-1.867505E-02
1676544418
-5.549353E-01,-1.866568E-02
1676544421
-5.379303E-01,-1.866599E-02
1676544424
-5.174987E-01,-1.863820E-02
1676544426
-4.970480E-01,-1.864773E-02
1676544429
-4.764664E-01,-1.863092E-02
1676544431
-4.559498E-01,-1.862843E-02
1676544434
-4.355243E-01,-1.861839E-02
1676544437
-4.150535E-01,-1.860181E-02
1676544439
-3.979585E-01,-1.858762E-02
1676544442
-3.774470E-01,-1.858146E-02
1676544444
-3.569854E-01,-1.858170E-02
1676544447
-3.365349E-01,-1.858375E-02
1676544449
-3.160742E-01,-1.858020E-02
1676544452
-2.956386E-01,-1.856255E-02
1676544455
-2.750988E-01,-1.856520E-02
1676544457
-2.579520E-01,-1.855718E-02
1676544460
-2.375264E-01,-1.853590E-02
1676544462
-2.169732E-01,-1.848800E-02
1676544465
-1.964976E-01,-1.850930E-02
1676544468
-1.760370E-01,-1.850622E-02
1676544470
-1.555481E-01,-1.850680E-02
1676544473
-1.350475E-01,-1.850054E-02
1676544475
-1.179649E-01,-1.847732E-02
1676544478
-9.757020E-02,-1.848025E-02
1676544481
-7.698456E-02,-1.847922E-02
1676544483
-5.643559E-02,-1.847599E-02
1676544486
-3.584659E-02,-1.846008E-02
1676544488
-1.534017E-02,-1.846146E-02
1676544491
+5.081553E-03,-1.846879E-02
1676544494
+1.816680E-02,-1.843626E-02
1676544496
+3.855026E-02,-1.841980E-02
1676544499
+5.891204E-02,-1.841322E-02
1676544501
+7.939306E-02,-1.840870E-02
1676544504
+9.981904E-02,-1.838601E-02
1676544507
+1.167974E-01,-1.838937E-02
1676544509
+1.373917E-01,-1.839070E-02
1676544512
+1.578794E-01,-1.840139E-02
1676544514
+1.783713E-01,-1.836042E-02
1676544517
+1.990107E-01,-1.835274E-02
1676544519
+2.195767E-01,-1.836499E-02
1676544522
+2.400495E-01,-1.834113E-02
1676544525
+2.571152E-01,-1.833719E-02
1676544527
+2.776905E-01,-1.832947E-02
1676544530
+2.982432E-01,-1.831699E-02
1676544532
+3.186975E-01,-1.831102E-02
1676544535
+3.392361E-01,-1.830802E-02
1676544538
+3.597069E-01,-1.829428E-02
1676544540
+3.801553E-01,-1.826331E-02
1676544543
+3.971269E-01,-1.824372E-02
1676544545
+4.176470E-01,-1.824055E-02
1676544548
+4.382164E-01,-1.821037E-02
1676544551
+4.587257E-01,-1.817293E-02
1676544553
+4.792433E-01,-1.814007E-02
1676544556
+4.996901E-01,-1.809029E-02
1676544558
+5.202270E-01,-1.800525E-02
1676544561
+5.373152E-01,-1.790068E-02
1676544564
+5.577709E-01,-1.773269E-02
1676544566
+5.782886E-01,-1.749891E-02
1676544569
+5.987747E-01,-1.712573E-02
1676544571
+6.193731E-01,-1.649690E-02
1676544574
+6.399266E-01,-1.556269E-02
1676544576
+6.604298E-01,-1.413879E-02
1676544579
+6.775081E-01,-1.247633E-02
1676544582
+6.965229E-01,-1.016473E-02
1676544584
+7.177269E-01,-6.292832E-03
1676544587
+7.392285E-01,-1.059290E-03
1676544589
+7.609243E-01,+5.964582E-03
1676544592
+7.804279E-01,+1.249995E-02
1676544595
+8.010080E-01,+2.072618E-02
1676544597
+8.216531E-01,+2.988646E-02
1676544600
+8.388305E-01,+3.818905E-02
1676544602
+8.595333E-01,+4.882147E-02
1676544605
+8.801652E-01,+6.011663E-02
1676544608
+9.009095E-01,+7.211760E-02
1676544610
+9.215752E-01,+8.473675E-02
1676544613
+9.423124E-01,+9.802760E-02
1676544615
+9.437165E-01,+9.999971E-02
1676544618
+9.426040E-01,+9.999972E-02
