1676393535
-9.996955E-01,-1.782822E-02
1676393538
-9.314762E-01,-1.783758E-02
1676393540
-8.665059E-01,-1.780086E-02
1676393543
-7.947818E-01,-1.780630E-02
1676393545
-7.299460E-01,-1.779825E-02
1676393548
-6.617529E-01,-1.776893E-02
1676393551
-5.897588E-01,-1.775939E-02
1676393553
-5.250054E-01,-1.775406E-02
1676393556
-4.566842E-01,-1.773808E-02
1676393558
-3.918190E-01,-1.771898E-02
1676393561
-3.201692E-01,-1.770374E-02
1676393564
-2.517995E-01,-1.769691E-02
1676393566
-1.869236E-01,-1.766764E-02
1676393569
-1.151953E-01,-1.766043E-02
1676393571
-5.032939E-02,-1.762281E-02
1676393574
+1.964303E-02,-1.761390E-02
1676393577
+9.105317E-02,-1.757013E-02
1676393579
+1.558877E-01,-1.757427E-02
1676393582
+2.242756E-01,-1.754972E-02
1676393584
+2.892394E-01,-1.750210E-02
1676393587
+3.609722E-01,-1.746186E-02
1676393589
+4.292100E-01,-1.738697E-02
1676393592
+4.940814E-01,-1.722967E-02
1676393595
+5.657848E-01,-1.667439E-02
1676393597
+6.308727E-01,-1.479849E-02
1676393600
+6.992308E-01,-8.279041E-03
1676393602
+7.713031E-01,+7.263717E-03
1676393605
+8.363644E-01,+2.758070E-02
1676393608
+9.051078E-01,+5.305587E-02
1676393610
+9.705561E-01,+7.935370E-02
