1676392495
-9.992115E-01,-1.785868E-02
1676392497
-9.309941E-01,-1.784324E-02
1676392500
-8.661410E-01,-1.782585E-02
1676392503
-7.944392E-01,-1.781917E-02
1676392505
-7.295812E-01,-1.779331E-02
1676392508
-6.612427E-01,-1.778184E-02
1676392510
-5.893958E-01,-1.775083E-02
1676392513
-5.246476E-01,-1.774634E-02
1676392516
-4.562659E-01,-1.772871E-02
1676392518
-3.913870E-01,-1.771398E-02
1676392521
-3.197843E-01,-1.769530E-02
1676392523
-2.513774E-01,-1.767522E-02
1676392526
-1.864552E-01,-1.766479E-02
1676392529
-1.148174E-01,-1.763891E-02
1676392531
-4.992016E-02,-1.761967E-02
1676392534
+1.942888E-02,-1.757859E-02
1676392536
+9.091790E-02,-1.755380E-02
1676392539
+1.557487E-01,-1.752603E-02
1676392541
+2.243673E-01,-1.749260E-02
1676392544
+2.892615E-01,-1.747011E-02
1676392547
+3.609181E-01,-1.738826E-02
1676392549
+4.291830E-01,-1.729624E-02
1676392552
+4.939913E-01,-1.709508E-02
1676392554
+5.657562E-01,-1.644755E-02
1676392557
+6.307204E-01,-1.451005E-02
1676392560
+6.991573E-01,-7.733171E-03
1676392562
+7.712891E-01,+1.025445E-02
1676392565
+8.365370E-01,+3.586881E-02
1676392567
+9.053357E-01,+6.951618E-02
1676392570
+9.607922E-01,+9.999899E-02
