1676393814
-9.997110E-01,-1.789873E-02
1676393816
-9.314756E-01,-1.787514E-02
1676393819
-8.665679E-01,-1.782822E-02
1676393822
-7.948629E-01,-1.781689E-02
1676393824
-7.300654E-01,-1.778572E-02
1676393827
-6.616997E-01,-1.777174E-02
1676393829
-5.898190E-01,-1.774571E-02
1676393832
-5.250555E-01,-1.772078E-02
1676393835
-4.566819E-01,-1.772081E-02
1676393837
-3.917959E-01,-1.769580E-02
1676393840
-3.201604E-01,-1.766295E-02
1676393842
-2.517075E-01,-1.764159E-02
1676393845
-1.869041E-01,-1.760487E-02
1676393848
-1.152369E-01,-1.759684E-02
1676393850
-5.025927E-02,-1.756120E-02
1676393853
+1.977725E-02,-1.752097E-02
1676393855
+9.116481E-02,-1.751123E-02
1676393858
+1.560067E-01,-1.749203E-02
1676393861
+2.245513E-01,-1.744888E-02
1676393863
+2.894500E-01,-1.741282E-02
1676393866
+3.610792E-01,-1.723872E-02
1676393868
+4.293487E-01,-1.711449E-02
1676393871
+4.941989E-01,-1.708434E-02
1676393873
+5.659358E-01,-1.653467E-02
1676393876
+6.308578E-01,-1.447693E-02
1676393879
+6.992826E-01,-7.124376E-03
1676393881
+7.714225E-01,+1.122725E-02
1676393884
+8.366521E-01,+3.629063E-02
1676393886
+9.055337E-01,+6.853274E-02
1676393889
+9.649268E-01,+9.999888E-02
