1676394083
-9.997648E-01,-1.787394E-02
1676394086
-9.315465E-01,-1.785487E-02
1676394088
-8.667251E-01,-1.783942E-02
1676394091
-7.950100E-01,-1.782457E-02
1676394094
-7.301669E-01,-1.778552E-02
1676394096
-6.618213E-01,-1.777135E-02
1676394099
-5.899333E-01,-1.775116E-02
1676394101
-5.251443E-01,-1.772960E-02
1676394104
-4.568747E-01,-1.772165E-02
1676394107
-3.919258E-01,-1.771626E-02
1676394109
-3.203253E-01,-1.767254E-02
1676394112
-2.519048E-01,-1.765324E-02
1676394114
-1.870541E-01,-1.764444E-02
1676394117
-1.152926E-01,-1.762275E-02
1676394119
-5.034930E-02,-1.759611E-02
1676394122
+1.970383E-02,-1.756880E-02
1676394125
+9.114549E-02,-1.754973E-02
1676394127
+1.559865E-01,-1.752236E-02
1676394130
+2.244743E-01,-1.750946E-02
1676394132
+2.894288E-01,-1.748200E-02
1676394135
+3.611197E-01,-1.743324E-02
1676394138
+4.294249E-01,-1.736137E-02
1676394140
+4.942434E-01,-1.723308E-02
1676394143
+5.659761E-01,-1.671185E-02
1676394145
+6.309774E-01,-1.505553E-02
1676394148
+6.993361E-01,-8.789483E-03
1676394151
+7.713848E-01,+8.627721E-03
1676394153
+8.365903E-01,+3.430527E-02
1676394156
+9.055562E-01,+6.856912E-02
1676394158
+9.610945E-01,+9.999885E-02
