1685099717
-1.998560E+00,-1.808888E-02
1685099720
-1.971274E+00,-1.811065E-02
1685099724
-1.940467E+00,-1.809584E-02
1685099728
-1.909689E+00,-1.805347E-02
1685099731
-1.879063E+00,-1.801402E-02
1685099735
-1.848374E+00,-1.794258E-02
1685099738
-1.821049E+00,-1.787560E-02
1685099742
-1.790326E+00,-1.783523E-02
1685099746
-1.759471E+00,-1.779379E-02
1685099749
-1.728818E+00,-1.775135E-02
1685099753
-1.698099E+00,-1.766065E-02
1685099756
-1.670737E+00,-1.761725E-02
1685099760
-1.640020E+00,-1.756993E-02
1685099763
-1.609325E+00,-1.751107E-02
1685099767
-1.578623E+00,-1.741549E-02
1685099771
-1.547775E+00,-1.736945E-02
1685099774
-1.520490E+00,-1.731045E-02
1685099778
-1.489766E+00,-1.726397E-02
1685099781
-1.458910E+00,-1.721398E-02
1685099785
-1.428102E+00,-1.714147E-02
1685099789
-1.400859E+00,-1.708263E-02
1685099792
-1.370228E+00,-1.700910E-02
1685099796
-1.339421E+00,-1.697020E-02
1685099799
-1.308721E+00,-1.689552E-02
1685099803
-1.277934E+00,-1.683673E-02
1685099806
-1.250580E+00,-1.679290E-02
1685099810
-1.219751E+00,-1.671795E-02
1685099814
-1.189175E+00,-1.667114E-02
1685099817
-1.158409E+00,-1.659421E-02
1685099821
-1.127600E+00,-1.653519E-02
1685099824
-1.100287E+00,-1.649864E-02
1685099828
-1.069483E+00,-1.641933E-02
1685099832
-1.038743E+00,-1.637314E-02
1685099835
-1.007884E+00,-1.628749E-02
1685099839
-9.771195E-01,-1.623341E-02
1685099842
-9.498576E-01,-1.617289E-02
1685099846
-9.191232E-01,-1.609715E-02
1685099849
-8.883913E-01,-1.604170E-02
1685099853
-8.577052E-01,-1.599854E-02
1685099857
-8.303319E-01,-1.590330E-02
1685099860
-7.995766E-01,-1.584302E-02
1685099864
-7.689430E-01,-1.578124E-02
1685099867
-7.382327E-01,-1.568047E-02
1685099871
-7.074523E-01,-1.561986E-02
1685099875
-6.800840E-01,-1.552872E-02
1685099878
-6.493593E-01,-1.545156E-02
1685099882
-6.186168E-01,-1.536796E-02
1685099885
-5.877596E-01,-1.527992E-02
1685099889
-5.570703E-01,-1.519526E-02
1685099892
-5.297861E-01,-1.510076E-02
1685099896
-4.990199E-01,-1.499740E-02
1685099900
-4.682163E-01,-1.491289E-02
1685099903
-4.374768E-01,-1.482497E-02
1685099907
-4.067448E-01,-1.469170E-02
1685099910
-3.793891E-01,-1.461236E-02
1685099914
-3.486011E-01,-1.449187E-02
1685099918
-3.179817E-01,-1.436420E-02
1685099921
-2.872030E-01,-1.421897E-02
1685099925
-2.597872E-01,-1.409192E-02
1685099928
-2.290852E-01,-1.393949E-02
1685099932
-1.983740E-01,-1.377759E-02
1685099935
-1.675954E-01,-1.358695E-02
1685099939
-1.369035E-01,-1.339620E-02
1685099943
-1.096444E-01,-1.321813E-02
1685099946
-7.885487E-02,-1.298922E-02
1685099950
-4.801192E-02,-1.273932E-02
1685099953
-1.718151E-02,-1.243344E-02
1685099957
+1.080380E-02,-1.211522E-02
1685099960
+4.147023E-02,-1.169814E-02
1685099964
+7.205661E-02,-1.120837E-02
1685099967
+1.025871E-01,-1.057757E-02
1685099971
+1.285275E-01,-9.978929E-03
1685099975
+1.593957E-01,-9.053904E-03
1685099978
+1.904375E-01,-7.896005E-03
1685099982
+2.215417E-01,-6.536824E-03
1685099985
+2.491742E-01,-5.146507E-03
1685099989
+2.802168E-01,-3.416533E-03
1685099993
+3.113528E-01,-1.546611E-03
1685099996
+3.435545E-01,+6.386681E-04
1685100000
+3.734978E-01,+2.656473E-03
1685100003
+4.010103E-01,+4.695908E-03
1685100007
+4.322939E-01,+7.194757E-03
1685100010
+4.635567E-01,+9.958141E-03
1685100014
+4.925868E-01,+1.263020E-02
1685100018
+5.234584E-01,+1.596009E-02
1685100021
+5.507654E-01,+1.925804E-02
1685100025
+5.814428E-01,+2.330836E-02
1685100028
+6.122893E-01,+2.787433E-02
1685100032
+6.432027E-01,+3.300577E-02
1685100036
+6.740152E-01,+3.865568E-02
1685100039
+7.014225E-01,+4.420657E-02
1685100043
+7.323389E-01,+5.084921E-02
1685100046
+7.631072E-01,+5.802989E-02
1685100050
+7.940431E-01,+6.594954E-02
1685100053
+8.249339E-01,+7.446402E-02
1685100057
+8.523361E-01,+8.264609E-02
1685100061
+8.832010E-01,+9.218113E-02
1685100064
+9.062716E-01,+9.999946E-02
1685100068
+9.024674E-01,+9.999947E-02
1685100071
+8.998337E-01,+9.999945E-02
