1684954291
-1.994397E+00,-1.933181E-02
1684954294
-1.967089E+00,-1.933608E-02
1684954298
-1.936355E+00,-1.931053E-02
1684954302
-1.905608E+00,-1.926957E-02
1684954305
-1.874867E+00,-1.919385E-02
1684954309
-1.844218E+00,-1.917187E-02
1684954312
-1.816882E+00,-1.912311E-02
1684954316
-1.786131E+00,-1.906467E-02
1684954320
-1.755492E+00,-1.896827E-02
1684954323
-1.724826E+00,-1.890659E-02
1684954327
-1.694095E+00,-1.884901E-02
1684954330
-1.666804E+00,-1.880357E-02
1684954334
-1.636115E+00,-1.874994E-02
1684954338
-1.605346E+00,-1.866296E-02
1684954341
-1.574593E+00,-1.860251E-02
1684954345
-1.543786E+00,-1.855410E-02
1684954348
-1.516498E+00,-1.849995E-02
1684954352
-1.485836E+00,-1.847313E-02
1684954355
-1.454920E+00,-1.844878E-02
1684954359
-1.424322E+00,-1.831582E-02
1684954363
-1.397007E+00,-1.833642E-02
1684954366
-1.366328E+00,-1.827072E-02
1684954370
-1.335525E+00,-1.818444E-02
1684954373
-1.304801E+00,-1.813392E-02
1684954377
-1.274107E+00,-1.806992E-02
1684954381
-1.246746E+00,-1.804765E-02
1684954384
-1.216015E+00,-1.796899E-02
1684954388
-1.185333E+00,-1.793019E-02
1684954391
-1.154703E+00,-1.788244E-02
1684954395
-1.123895E+00,-1.782461E-02
1684954398
-1.096609E+00,-1.777402E-02
1684954402
-1.065845E+00,-1.773999E-02
1684954406
-1.035002E+00,-1.767661E-02
1684954409
-1.004158E+00,-1.765094E-02
1684954413
-9.734680E-01,-1.755320E-02
1684954416
-9.462013E-01,-1.754053E-02
1684954420
-9.154704E-01,-1.748046E-02
1684954424
-8.847088E-01,-1.741620E-02
1684954427
-8.539848E-01,-1.744026E-02
1684954431
-8.266314E-01,-1.736211E-02
1684954434
-7.959673E-01,-1.734426E-02
1684954438
-7.652326E-01,-1.727256E-02
1684954441
-7.345701E-01,-1.721447E-02
1684954445
-7.038621E-01,-1.717235E-02
1684954449
-6.764887E-01,-1.709572E-02
1684954452
-6.457814E-01,-1.705512E-02
1684954456
-6.149632E-01,-1.696236E-02
1684954459
-5.841999E-01,-1.690135E-02
1684954463
-5.534886E-01,-1.679305E-02
1684954467
-5.262204E-01,-1.673635E-02
1684954470
-4.955639E-01,-1.665976E-02
1684954474
-4.647824E-01,-1.662868E-02
1684954477
-4.340227E-01,-1.660732E-02
1684954481
-4.032330E-01,-1.649138E-02
1684954484
-3.758904E-01,-1.639848E-02
1684954488
-3.452107E-01,-1.632349E-02
1684954492
-3.145303E-01,-1.624118E-02
1684954495
-2.838382E-01,-1.611547E-02
1684954499
-2.564239E-01,-1.599955E-02
1684954502
-2.256918E-01,-1.589156E-02
1684954506
-1.949454E-01,-1.573575E-02
1684954510
-1.641624E-01,-1.561503E-02
1684954513
-1.335095E-01,-1.543246E-02
1684954517
-1.062205E-01,-1.527454E-02
1684954520
-7.552007E-02,-1.508593E-02
1684954524
-4.471373E-02,-1.484957E-02
1684954527
-1.388071E-02,-1.459348E-02
1684954531
+9.226928E-03,-1.436273E-02
1684954535
+3.987842E-02,-1.404263E-02
1684954538
+7.056744E-02,-1.365804E-02
1684954542
+1.012106E-01,-1.316751E-02
1684954545
+1.285760E-01,-1.261981E-02
1684954549
+1.592967E-01,-1.188319E-02
1684954553
+1.901050E-01,-1.090687E-02
1684954556
+2.209207E-01,-9.692573E-03
1684954560
+2.483895E-01,-8.363554E-03
1684954563
+2.791969E-01,-6.583555E-03
1684954567
+3.100010E-01,-4.521119E-03
1684954570
+3.407725E-01,-2.213019E-03
1684954574
+3.715030E-01,+3.901883E-04
1684954578
+3.988435E-01,+2.831112E-03
1684954581
+4.297342E-01,+5.814285E-03
1684954585
+4.605156E-01,+9.084967E-03
1684954588
+4.912596E-01,+1.267372E-02
1684954592
+5.221828E-01,+1.667015E-02
1684954596
+5.495239E-01,+2.061003E-02
1684954599
+5.802986E-01,+2.544912E-02
1684954603
+6.111326E-01,+3.083962E-02
1684954606
+6.421168E-01,+3.681657E-02
1684954610
+6.729691E-01,+4.335791E-02
1684954613
+7.003885E-01,+4.979077E-02
1684954617
+7.313783E-01,+5.748358E-02
1684954621
+7.622364E-01,+6.582171E-02
1684954624
+7.931311E-01,+7.481243E-02
1684954628
+8.240216E-01,+8.437620E-02
1684954631
+8.513917E-01,+9.356774E-02
1684954635
+8.682737E-01,+1.000002E-01
1684954639
+8.642452E-01,+1.000001E-01
1684954642
+8.619100E-01,+1.000001E-01
1684954646
+8.600358E-01,+1.000001E-01
