1685117347
-1.999014E+00,-1.835390E-02
1685117350
-1.971711E+00,-1.831248E-02
1685117354
-1.941001E+00,-1.827000E-02
1685117358
-1.910237E+00,-1.825545E-02
1685117361
-1.879438E+00,-1.818533E-02
1685117365
-1.848763E+00,-1.810825E-02
1685117368
-1.821387E+00,-1.807190E-02
1685117372
-1.790664E+00,-1.801314E-02
1685117376
-1.760063E+00,-1.795328E-02
1685117379
-1.729340E+00,-1.790934E-02
1685117383
-1.698571E+00,-1.784477E-02
1685117386
-1.671372E+00,-1.781811E-02
1685117390
-1.640662E+00,-1.776466E-02
1685117393
-1.609835E+00,-1.768924E-02
1685117397
-1.579199E+00,-1.762663E-02
1685117401
-1.548390E+00,-1.761519E-02
1685117404
-1.521087E+00,-1.755241E-02
1685117408
-1.490355E+00,-1.747761E-02
1685117411
-1.459422E+00,-1.743153E-02
1685117415
-1.428605E+00,-1.739926E-02
1685117419
-1.401356E+00,-1.736952E-02
1685117422
-1.370768E+00,-1.730085E-02
1685117426
-1.339911E+00,-1.725643E-02
1685117429
-1.309193E+00,-1.720172E-02
1685117433
-1.278486E+00,-1.713091E-02
1685117436
-1.251118E+00,-1.709760E-02
1685117440
-1.220414E+00,-1.700673E-02
1685117444
-1.189672E+00,-1.697923E-02
1685117447
-1.158964E+00,-1.691086E-02
1685117451
-1.128169E+00,-1.687993E-02
1685117454
-1.100905E+00,-1.680639E-02
1685117458
-1.070103E+00,-1.674704E-02
1685117462
-1.039349E+00,-1.669398E-02
1685117465
-1.008355E+00,-1.664331E-02
1685117469
-9.777073E-01,-1.656416E-02
1685117472
-9.504010E-01,-1.652890E-02
1685117476
-9.197327E-01,-1.641902E-02
1685117479
-8.889803E-01,-1.639459E-02
1685117483
-8.582570E-01,-1.633003E-02
1685117487
-8.309107E-01,-1.625969E-02
1685117490
-8.002006E-01,-1.618849E-02
1685117494
-7.694716E-01,-1.612014E-02
1685117497
-7.388182E-01,-1.605242E-02
1685117501
-7.081101E-01,-1.596188E-02
1685117505
-6.806804E-01,-1.590102E-02
1685117508
-6.499981E-01,-1.581582E-02
1685117512
-6.192253E-01,-1.571958E-02
1685117515
-5.882911E-01,-1.562914E-02
1685117519
-5.576397E-01,-1.556043E-02
1685117522
-5.304009E-01,-1.548652E-02
1685117526
-4.997051E-01,-1.537692E-02
1685117530
-4.688675E-01,-1.524805E-02
1685117533
-4.380942E-01,-1.514884E-02
1685117537
-4.073282E-01,-1.503761E-02
1685117540
-3.799953E-01,-1.493779E-02
1685117544
-3.493094E-01,-1.482303E-02
1685117548
-3.186837E-01,-1.469712E-02
1685117551
-2.879152E-01,-1.456723E-02
1685117555
-2.605047E-01,-1.440694E-02
1685117558
-2.298046E-01,-1.426791E-02
1685117562
-1.990497E-01,-1.406919E-02
1685117565
-1.682428E-01,-1.389512E-02
1685117569
-1.375036E-01,-1.369034E-02
1685117573
-1.102348E-01,-1.348623E-02
1685117576
-7.950477E-02,-1.326057E-02
1685117580
-4.868546E-02,-1.296891E-02
1685117583
-1.781947E-02,-1.267600E-02
1685117587
+1.106550E-02,-1.232596E-02
1685117591
+4.167329E-02,-1.191478E-02
1685117594
+7.240783E-02,-1.138773E-02
1685117598
+1.029415E-01,-1.076544E-02
1685117601
+1.288265E-01,-1.016922E-02
1685117605
+1.596945E-01,-9.251704E-03
1685117608
+1.907109E-01,-8.177433E-03
1685117612
+2.217349E-01,-6.911110E-03
1685117616
+2.494647E-01,-5.639544E-03
1685117619
+2.804286E-01,-4.086778E-03
1685117623
+3.114793E-01,-2.394849E-03
1685117626
+3.414166E-01,-7.294493E-04
1685117630
+3.734897E-01,+1.330640E-03
1685117634
+4.010260E-01,+3.125927E-03
1685117637
+4.322476E-01,+5.318053E-03
1685117641
+4.633309E-01,+7.708337E-03
1685117644
+4.945233E-01,+1.036101E-02
1685117648
+5.235274E-01,+1.289913E-02
1685117651
+5.509196E-01,+1.572364E-02
1685117655
+5.817559E-01,+1.915875E-02
1685117659
+6.124153E-01,+2.294658E-02
1685117662
+6.434042E-01,+2.713677E-02
1685117666
+6.742138E-01,+3.170271E-02
1685117669
+7.016160E-01,+3.614184E-02
1685117673
+7.325152E-01,+4.143824E-02
1685117677
+7.632673E-01,+4.717474E-02
1685117680
+7.941443E-01,+5.329267E-02
1685117684
+8.249243E-01,+5.978895E-02
1685117687
+8.523512E-01,+6.599810E-02
1685117691
+8.831639E-01,+7.319573E-02
1685117694
+9.140273E-01,+8.077415E-02
1685117698
+9.448619E-01,+8.873457E-02
1685117702
+9.723455E-01,+9.618247E-02
