1685081158
-1.999491E+00,-1.641509E-02
1685081162
-1.972196E+00,-1.644091E-02
1685081165
-1.941427E+00,-1.639097E-02
1685081169
-1.910662E+00,-1.634327E-02
1685081173
-1.879894E+00,-1.627331E-02
1685081176
-1.849219E+00,-1.622400E-02
1685081180
-1.821939E+00,-1.617573E-02
1685081183
-1.791157E+00,-1.616452E-02
1685081187
-1.760447E+00,-1.610253E-02
1685081190
-1.729844E+00,-1.602328E-02
1685081194
-1.699065E+00,-1.594079E-02
1685081198
-1.671804E+00,-1.589238E-02
1685081201
-1.641146E+00,-1.585450E-02
1685081205
-1.610332E+00,-1.575764E-02
1685081208
-1.579559E+00,-1.571753E-02
1685081212
-1.548802E+00,-1.562387E-02
1685081216
-1.521459E+00,-1.564180E-02
1685081219
-1.490775E+00,-1.556503E-02
1685081223
-1.459841E+00,-1.548547E-02
1685081226
-1.429107E+00,-1.542556E-02
1685081230
-1.401744E+00,-1.537063E-02
1685081233
-1.371130E+00,-1.532525E-02
1685081237
-1.340302E+00,-1.524304E-02
1685081241
-1.309583E+00,-1.517445E-02
1685081244
-1.278855E+00,-1.513495E-02
1685081248
-1.251552E+00,-1.507133E-02
1685081251
-1.220811E+00,-1.503414E-02
1685081255
-1.190077E+00,-1.494717E-02
1685081259
-1.159335E+00,-1.488748E-02
1685081262
-1.128558E+00,-1.481480E-02
1685081266
-1.101258E+00,-1.476922E-02
1685081269
-1.070512E+00,-1.475586E-02
1685081273
-1.039744E+00,-1.465254E-02
1685081276
-1.008803E+00,-1.458334E-02
1685081280
-9.781027E-01,-1.451830E-02
1685081284
-9.507717E-01,-1.446246E-02
1685081287
-9.201348E-01,-1.438509E-02
1685081291
-8.893320E-01,-1.432045E-02
1685081294
-8.586398E-01,-1.425077E-02
1685081298
-8.313076E-01,-1.420330E-02
1685081302
-8.005922E-01,-1.409501E-02
1685081305
-7.699509E-01,-1.402068E-02
1685081309
-7.392038E-01,-1.396198E-02
1685081312
-7.084780E-01,-1.387747E-02
1685081316
-6.810752E-01,-1.377492E-02
1685081319
-6.503431E-01,-1.371903E-02
1685081323
-6.195093E-01,-1.360194E-02
1685081327
-5.886505E-01,-1.358229E-02
1685081330
-5.580409E-01,-1.347147E-02
1685081334
-5.306841E-01,-1.340462E-02
1685081337
-4.999937E-01,-1.328493E-02
1685081341
-4.690966E-01,-1.318001E-02
1685081345
-4.384005E-01,-1.306197E-02
1685081348
-4.076858E-01,-1.295802E-02
1685081352
-3.802441E-01,-1.285394E-02
1685081355
-3.495862E-01,-1.273376E-02
1685081359
-3.189181E-01,-1.260603E-02
1685081362
-2.883253E-01,-1.245888E-02
1685081366
-2.608400E-01,-1.234420E-02
1685081370
-2.301646E-01,-1.219718E-02
1685081373
-1.994124E-01,-1.201748E-02
1685081377
-1.686661E-01,-1.183938E-02
1685081380
-1.379381E-01,-1.161954E-02
1685081384
-1.106221E-01,-1.142595E-02
1685081388
-7.985487E-02,-1.116229E-02
1685081391
-4.899766E-02,-1.084589E-02
1685081395
-1.814794E-02,-1.045542E-02
1685081398
+1.109108E-02,-1.002830E-02
1685081402
+4.172517E-02,-9.465531E-03
1685081405
+7.230001E-02,-8.789964E-03
1685081409
+1.030058E-01,-7.972446E-03
1685081413
+1.304092E-01,-7.108103E-03
1685081416
+1.611007E-01,-6.030222E-03
1685081420
+1.919165E-01,-4.809620E-03
1685081423
+2.226990E-01,-3.504217E-03
1685081427
+2.500998E-01,-2.261320E-03
1685081431
+2.808006E-01,-8.064234E-04
1685081434
+3.116249E-01,+7.362737E-04
1685081438
+3.424757E-01,+2.289049E-03
1685081441
+3.731840E-01,+3.900263E-03
1685081445
+4.004256E-01,+5.405870E-03
1685081448
+4.311798E-01,+7.204579E-03
1685081452
+4.620188E-01,+9.148384E-03
1685081456
+4.927962E-01,+1.126796E-02
1685081459
+5.236479E-01,+1.361308E-02
1685081463
+5.508996E-01,+1.592346E-02
1685081466
+5.815253E-01,+1.871769E-02
1685081470
+6.122567E-01,+2.182669E-02
1685081474
+6.432630E-01,+2.527763E-02
1685081477
+6.739744E-01,+2.901970E-02
1685081481
+7.013642E-01,+3.267731E-02
1685081484
+7.322860E-01,+3.702288E-02
1685081488
+7.630675E-01,+4.174346E-02
1685081491
+7.938945E-01,+4.686363E-02
1685081495
+8.247060E-01,+5.235309E-02
1685081499
+8.520223E-01,+5.760881E-02
1685081502
+8.828708E-01,+6.372811E-02
1685081506
+9.136447E-01,+7.025714E-02
1685081509
+9.444172E-01,+7.710942E-02
1685081513
+9.720053E-01,+8.360339E-02
