1684997869
-1.997066E+00,-1.241029E-03
1684997873
-1.969807E+00,-1.160377E-03
1684997876
-1.939071E+00,-1.103040E-03
1684997880
-1.908238E+00,-1.059357E-03
1684997883
-1.877439E+00,-1.021833E-03
1684997887
-1.846756E+00,-9.845201E-04
1684997890
-1.819407E+00,-9.527702E-04
1684997894
-1.788686E+00,-9.212013E-04
1684997898
-1.758042E+00,-8.889150E-04
1684997901
-1.727232E+00,-8.617261E-04
1684997905
-1.696520E+00,-8.353260E-04
1684997908
-1.669271E+00,-8.118183E-04
1684997912
-1.638478E+00,-7.856393E-04
1684997916
-1.607780E+00,-7.610383E-04
1684997919
-1.577003E+00,-7.368169E-04
1684997923
-1.546181E+00,-7.133860E-04
1684997926
-1.518847E+00,-6.923321E-04
1684997930
-1.488198E+00,-6.695260E-04
1684997933
-1.457269E+00,-6.477634E-04
1684997937
-1.426609E+00,-6.263300E-04
1684997941
-1.399271E+00,-6.077111E-04
1684997944
-1.368601E+00,-5.876899E-04
1684997948
-1.337797E+00,-5.677693E-04
1684997951
-1.307134E+00,-5.481416E-04
1684997955
-1.276355E+00,-5.291453E-04
1684997959
-1.248993E+00,-5.123895E-04
1684997962
-1.218239E+00,-4.940132E-04
1684997966
-1.187526E+00,-4.754652E-04
1684997969
-1.156872E+00,-4.580343E-04
1684997973
-1.126004E+00,-4.408799E-04
1684997976
-1.098728E+00,-4.255721E-04
1684997980
-1.067967E+00,-4.093587E-04
1684997984
-1.037213E+00,-3.930989E-04
1684997987
-1.006243E+00,-3.767421E-04
1684997991
-9.755193E-01,-3.610596E-04
1684997994
-9.483194E-01,-3.471962E-04
1684997998
-9.175867E-01,-3.319563E-04
1684998002
-8.868697E-01,-3.168153E-04
1684998005
-8.560796E-01,-3.024917E-04
1684998009
-8.287734E-01,-2.895131E-04
1684998012
-7.979816E-01,-2.753204E-04
1684998016
-7.673271E-01,-2.611342E-04
1684998019
-7.366378E-01,-2.475502E-04
1684998023
-7.058861E-01,-2.341018E-04
1684998027
-6.785287E-01,-2.224199E-04
1684998030
-6.478335E-01,-2.094814E-04
1684998034
-6.170465E-01,-1.966270E-04
1684998037
-5.861713E-01,-1.839921E-04
1684998041
-5.555037E-01,-1.718020E-04
1684998045
-5.282491E-01,-1.612227E-04
1684998048
-4.974657E-01,-1.496135E-04
1684998052
-4.667331E-01,-1.383303E-04
1684998055
-4.360504E-01,-1.272548E-04
1684998059
-4.053028E-01,-1.165083E-04
1684998062
-3.779872E-01,-1.070685E-04
1684998066
-3.472728E-01,-9.682236E-05
1684998070
-3.166845E-01,-8.675633E-05
1684998073
-2.858184E-01,-7.689128E-05
1684998077
-2.584562E-01,-6.853398E-05
1684998080
-2.277245E-01,-5.980978E-05
1684998084
-1.969517E-01,-5.154837E-05
1684998088
-1.662183E-01,-4.291214E-05
1684998091
-1.354573E-01,-3.445518E-05
1684998095
-1.082111E-01,-2.700772E-05
1684998098
-7.745173E-02,-1.886684E-05
1684998102
-4.667491E-02,-1.090900E-05
1684998105
-1.588891E-02,-3.045406E-06
1684998109
+1.032131E-02,+3.794883E-06
1684998113
+4.102005E-02,+1.194456E-05
1684998116
+7.164708E-02,+2.067418E-05
1684998120
+1.022649E-01,+3.049366E-05
1684998123
+1.296194E-01,+4.122744E-05
1684998127
+1.602981E-01,+5.809048E-05
1684998131
+1.911344E-01,+8.640565E-05
1684998134
+2.219966E-01,+1.406066E-04
1684998138
+2.494646E-01,+2.341330E-04
1684998141
+2.800732E-01,+4.328234E-04
1684998145
+3.108812E-01,+8.004260E-04
1684998148
+3.416266E-01,+1.409066E-03
1684998152
+3.722795E-01,+2.316997E-03
1684998156
+3.995155E-01,+3.420713E-03
1684998159
+4.303617E-01,+4.998854E-03
1684998163
+4.611647E-01,+6.944741E-03
1684998166
+4.919694E-01,+9.253536E-03
1684998170
+5.227832E-01,+1.192683E-02
1684998174
+5.501060E-01,+1.461139E-02
1684998177
+5.809388E-01,+1.790731E-02
1684998181
+6.117235E-01,+2.154409E-02
1684998184
+6.426724E-01,+2.551013E-02
1684998188
+6.734095E-01,+2.976749E-02
1684998191
+7.007697E-01,+3.385495E-02
1684998195
+7.316111E-01,+3.863814E-02
1684998199
+7.623456E-01,+4.366650E-02
1684998202
+7.932768E-01,+4.896925E-02
1684998206
+8.241140E-01,+5.380716E-02
1684998209
+8.514986E-01,+5.871998E-02
1684998213
+8.822740E-01,+6.417039E-02
1684998217
+9.130750E-01,+6.950127E-02
1684998220
+9.438307E-01,+7.540950E-02
1684998224
+9.713017E-01,+8.085516E-02
