1685349358
-1.993447E+00,-1.888501E-02
1685349361
-1.966121E+00,-1.890339E-02
1685349365
-1.935413E+00,-1.888806E-02
1685349368
-1.904644E+00,-1.883030E-02
1685349372
-1.873884E+00,-1.881391E-02
1685349376
-1.843191E+00,-1.876933E-02
1685349379
-1.815898E+00,-1.875195E-02
1685349383
-1.785076E+00,-1.870528E-02
1685349386
-1.754386E+00,-1.866823E-02
1685349390
-1.723685E+00,-1.860869E-02
1685349393
-1.693012E+00,-1.855421E-02
1685349397
-1.665693E+00,-1.853984E-02
1685349401
-1.634984E+00,-1.848244E-02
1685349404
-1.604222E+00,-1.842554E-02
1685349408
-1.573490E+00,-1.846956E-02
1685349411
-1.542665E+00,-1.843609E-02
1685349415
-1.515329E+00,-1.841226E-02
1685349419
-1.484664E+00,-1.833550E-02
1685349422
-1.453729E+00,-1.827994E-02
1685349426
-1.423023E+00,-1.823199E-02
1685349429
-1.395754E+00,-1.823540E-02
1685349433
-1.365044E+00,-1.819891E-02
1685349436
-1.334224E+00,-1.815563E-02
1685349440
-1.303489E+00,-1.813130E-02
1685349444
-1.272756E+00,-1.805531E-02
1685349447
-1.245381E+00,-1.807218E-02
1685349451
-1.214687E+00,-1.804394E-02
1685349454
-1.183908E+00,-1.800850E-02
1685349458
-1.153202E+00,-1.796773E-02
1685349462
-1.122510E+00,-1.789548E-02
1685349465
-1.095202E+00,-1.788527E-02
1685349469
-1.064403E+00,-1.786636E-02
1685349472
-1.033699E+00,-1.779705E-02
1685349476
-1.002731E+00,-1.774880E-02
1685349479
-9.719790E-01,-1.772290E-02
1685349483
-9.446473E-01,-1.770217E-02
1685349487
-9.139783E-01,-1.763187E-02
1685349490
-8.832498E-01,-1.763630E-02
1685349494
-8.525224E-01,-1.755988E-02
1685349497
-8.251181E-01,-1.754896E-02
1685349501
-7.944528E-01,-1.746896E-02
1685349505
-7.637722E-01,-1.742635E-02
1685349508
-7.330908E-01,-1.735586E-02
1685349512
-7.023174E-01,-1.736056E-02
1685349515
-6.750161E-01,-1.730805E-02
1685349519
-6.442311E-01,-1.725702E-02
1685349522
-6.134470E-01,-1.721613E-02
1685349526
-5.825726E-01,-1.716329E-02
1685349530
-5.519480E-01,-1.710695E-02
1685349533
-5.246192E-01,-1.700486E-02
1685349537
-4.939235E-01,-1.698369E-02
1685349540
-4.630874E-01,-1.687188E-02
1685349544
-4.323407E-01,-1.680440E-02
1685349548
-4.015524E-01,-1.672992E-02
1685349551
-3.742397E-01,-1.661943E-02
1685349555
-3.435439E-01,-1.655837E-02
1685349558
-3.128423E-01,-1.646555E-02
1685349562
-2.820648E-01,-1.637411E-02
1685349565
-2.546345E-01,-1.626840E-02
1685349569
-2.240037E-01,-1.614048E-02
1685349573
-1.932420E-01,-1.605065E-02
1685349576
-1.626071E-01,-1.589440E-02
1685349580
-1.318304E-01,-1.571301E-02
1685349583
-1.045210E-01,-1.557590E-02
1685349587
-7.373264E-02,-1.537389E-02
1685349591
-4.289671E-02,-1.514635E-02
1685349594
-1.208580E-02,-1.492453E-02
1685349598
+8.811821E-03,-1.473485E-02
1685349601
+3.945874E-02,-1.439275E-02
1685349605
+7.010151E-02,-1.401801E-02
1685349608
+1.007217E-01,-1.353884E-02
1685349612
+1.280276E-01,-1.299498E-02
1685349615
+1.587570E-01,-1.229080E-02
1685349619
+1.896358E-01,-1.134100E-02
1685349622
+2.204729E-01,-1.016913E-02
1685349626
+2.465994E-01,-9.046115E-03
1685349629
+2.776266E-01,-7.361637E-03
1685349633
+3.087547E-01,-5.421557E-03
1685349637
+3.398379E-01,-3.229695E-03
1685349640
+3.695897E-01,-1.009519E-03
1685349644
+3.986146E-01,+1.596555E-03
1685349647
+4.299121E-01,+4.436532E-03
1685349651
+4.611903E-01,+7.530460E-03
1685349655
+4.906295E-01,+1.052770E-02
1685349658
+5.215032E-01,+1.404482E-02
1685349662
+5.488759E-01,+1.748022E-02
1685349665
+5.796145E-01,+2.163878E-02
1685349669
+6.103649E-01,+2.621343E-02
1685349672
+6.414148E-01,+3.125040E-02
1685349676
+6.722302E-01,+3.673893E-02
1685349680
+6.996062E-01,+4.210385E-02
1685349683
+7.305522E-01,+4.849300E-02
1685349687
+7.614060E-01,+5.546390E-02
1685349690
+7.921929E-01,+6.302681E-02
1685349694
+8.230377E-01,+7.111107E-02
1685349698
+8.504312E-01,+7.903539E-02
1685349701
+8.813596E-01,+8.821847E-02
1685349705
+9.122288E-01,+9.824651E-02
1685349708
+9.130651E-01,+1.000007E-01
1685349712
+9.102434E-01,+1.000006E-01
