1683552674
-1.170538E-03,-1.556983E-02
1683552677
+2.619546E-02,-1.525220E-02
1683552681
+4.993680E-02,-1.503436E-02
1683552685
+7.381493E-02,-1.482980E-02
1683552688
+1.010333E-01,-1.450446E-02
1683552692
+1.248997E-01,-1.416171E-02
1683552695
+1.487553E-01,-1.379628E-02
1683552699
+1.760271E-01,-1.325336E-02
1683552702
+2.000728E-01,-1.265108E-02
1683552706
+2.240377E-01,-1.189001E-02
1683552710
+2.480426E-01,-1.094371E-02
1683552713
+2.739807E-01,-9.755890E-03
1683552717
+2.982192E-01,-8.266382E-03
1683552720
+3.223859E-01,-6.555953E-03
1683552724
+3.501514E-01,-4.287665E-03
1683552728
+3.743891E-01,-2.145455E-03
1683552731
+3.991646E-01,+3.055419E-04
1683552735
+4.264379E-01,+2.954793E-03
1683552738
+4.508515E-01,+5.456528E-03
1683552742
+4.751324E-01,+8.035405E-03
1683552745
+5.010824E-01,+1.071293E-02
1683552749
+5.252063E-01,+1.346729E-02
1683552753
+5.491254E-01,+1.636662E-02
1683552756
+5.764438E-01,+1.988882E-02
1683552760
+6.004103E-01,+2.328988E-02
1683552763
+6.245102E-01,+2.692356E-02
1683552767
+6.519598E-01,+3.139646E-02
1683552771
+6.759745E-01,+3.581246E-02
1683552774
+6.998027E-01,+4.047269E-02
1683552778
+7.272711E-01,+4.624350E-02
1683552781
+7.513535E-01,+5.189227E-02
1683552785
+7.753024E-01,+5.790406E-02
1683552788
+8.026559E-01,+6.510071E-02
1683552792
+8.267076E-01,+7.212207E-02
1683552796
+8.506826E-01,+7.960206E-02
1683552799
+8.781618E-01,+8.844730E-02
1683552803
+9.021499E-01,+9.695569E-02
1683552806
+9.068357E-01,+1.000009E-01
1683552810
+9.038249E-01,+1.000008E-01
1683552814
+9.019358E-01,+1.000008E-01
