1685404931
-1.994294E+00,-1.886696E-02
1685404935
-1.967033E+00,-1.886091E-02
1685404938
-1.936338E+00,-1.874588E-02
1685404942
-1.905530E+00,-1.876217E-02
1685404946
-1.874780E+00,-1.871176E-02
1685404949
-1.844114E+00,-1.870645E-02
1685404953
-1.816762E+00,-1.862323E-02
1685404956
-1.785983E+00,-1.860296E-02
1685404960
-1.755274E+00,-1.853213E-02
1685404963
-1.724536E+00,-1.847301E-02
1685404967
-1.693764E+00,-1.841235E-02
1685404971
-1.666503E+00,-1.843470E-02
1685404974
-1.635797E+00,-1.839688E-02
1685404978
-1.605040E+00,-1.836815E-02
1685404981
-1.574282E+00,-1.830989E-02
1685404985
-1.543479E+00,-1.832112E-02
1685404989
-1.516147E+00,-1.824694E-02
1685404992
-1.485419E+00,-1.826761E-02
1685404996
-1.454532E+00,-1.823725E-02
1685404999
-1.423755E+00,-1.819325E-02
1685405003
-1.396488E+00,-1.817100E-02
1685405006
-1.365825E+00,-1.811850E-02
1685405010
-1.335049E+00,-1.816426E-02
1685405014
-1.304353E+00,-1.817797E-02
1685405017
-1.273618E+00,-1.810905E-02
1685405021
-1.246261E+00,-1.803159E-02
1685405024
-1.215468E+00,-1.802231E-02
1685405028
-1.184730E+00,-1.799312E-02
1685405032
-1.154042E+00,-1.793608E-02
1685405035
-1.123175E+00,-1.792338E-02
1685405039
-1.095979E+00,-1.788252E-02
1685405042
-1.065163E+00,-1.785489E-02
1685405046
-1.034351E+00,-1.780849E-02
1685405049
-1.003367E+00,-1.777616E-02
1685405053
-9.726880E-01,-1.775126E-02
1685405057
-9.453880E-01,-1.770080E-02
1685405060
-9.146430E-01,-1.767512E-02
1685405064
-8.838720E-01,-1.765482E-02
1685405067
-8.531483E-01,-1.762549E-02
1685405071
-8.258023E-01,-1.759990E-02
1685405075
-7.950404E-01,-1.748966E-02
1685405078
-7.643767E-01,-1.748388E-02
1685405082
-7.336419E-01,-1.739440E-02
1685405085
-7.028550E-01,-1.743639E-02
1685405089
-6.755253E-01,-1.740833E-02
1685405092
-6.448109E-01,-1.734956E-02
1685405096
-6.139847E-01,-1.730925E-02
1685405100
-5.831378E-01,-1.727284E-02
1685405103
-5.524014E-01,-1.724460E-02
1685405107
-5.251461E-01,-1.719623E-02
1685405110
-4.944089E-01,-1.712858E-02
1685405114
-4.636035E-01,-1.711900E-02
1685405118
-4.327873E-01,-1.703573E-02
1685405121
-4.020628E-01,-1.695608E-02
1685405125
-3.747674E-01,-1.694253E-02
1685405128
-3.440312E-01,-1.683685E-02
1685405132
-3.133858E-01,-1.678214E-02
1685405135
-2.826188E-01,-1.668041E-02
1685405139
-2.551739E-01,-1.656405E-02
1685405143
-2.244243E-01,-1.654329E-02
1685405146
-1.936765E-01,-1.639437E-02
1685405150
-1.629411E-01,-1.629010E-02
1685405153
-1.322374E-01,-1.617089E-02
1685405157
-1.049501E-01,-1.605570E-02
1685405161
-7.419716E-02,-1.590315E-02
1685405164
-4.337833E-02,-1.574833E-02
1685405168
-1.254115E-02,-1.554561E-02
1685405171
+9.005922E-03,-1.537780E-02
1685405175
+3.966911E-02,-1.511546E-02
1685405178
+7.033480E-02,-1.478911E-02
1685405182
+1.008955E-01,-1.440031E-02
1685405186
+1.282634E-01,-1.396303E-02
1685405189
+1.589800E-01,-1.336914E-02
1685405193
+1.897758E-01,-1.257098E-02
1685405196
+2.206276E-01,-1.154276E-02
1685405200
+2.480340E-01,-1.040785E-02
1685405204
+2.787298E-01,-8.799214E-03
1685405207
+3.095597E-01,-6.870592E-03
1685405211
+3.403073E-01,-4.620086E-03
1685405214
+3.711098E-01,-2.078556E-03
1685405218
+3.983852E-01,+4.553645E-04
1685405221
+4.292696E-01,+3.479061E-03
1685405225
+4.600639E-01,+6.723156E-03
1685405229
+4.908031E-01,+1.018782E-02
1685405232
+5.216296E-01,+1.391350E-02
1685405236
+5.490212E-01,+1.745916E-02
1685405239
+5.797930E-01,+2.168648E-02
1685405243
+6.106466E-01,+2.627672E-02
1685405247
+6.415666E-01,+3.117617E-02
1685405250
+6.723466E-01,+3.649082E-02
1685405254
+6.997576E-01,+4.158842E-02
1685405257
+7.306191E-01,+4.761517E-02
1685405261
+7.614775E-01,+5.412691E-02
1685405264
+7.923239E-01,+6.105940E-02
1685405268
+8.231499E-01,+6.855906E-02
1685405272
+8.505689E-01,+7.568213E-02
1685405275
+8.814232E-01,+8.409465E-02
1685405279
+9.123293E-01,+9.308593E-02
1685405282
+9.337576E-01,+1.000008E-01
1685405286
+9.291522E-01,+1.000008E-01
