1684730933
-1.999020E+00,-3.636671E-04
1684730937
-1.971684E+00,-3.330190E-04
1684730940
-1.941012E+00,-3.135492E-04
1684730944
-1.910113E+00,-2.968705E-04
1684730947
-1.879379E+00,-2.823323E-04
1684730951
-1.848784E+00,-2.697026E-04
1684730954
-1.821464E+00,-2.589874E-04
1684730958
-1.790729E+00,-2.477278E-04
1684730962
-1.760042E+00,-2.373283E-04
1684730965
-1.729387E+00,-2.273287E-04
1684730969
-1.698700E+00,-2.176092E-04
1684730972
-1.671379E+00,-2.093570E-04
1684730976
-1.640716E+00,-2.007120E-04
1684730980
-1.609954E+00,-1.925394E-04
1684730983
-1.579256E+00,-1.846516E-04
1684730987
-1.548378E+00,-1.772788E-04
1684730990
-1.521122E+00,-1.708223E-04
1684730994
-1.490354E+00,-1.636621E-04
1684730997
-1.459434E+00,-1.569367E-04
1684731001
-1.428744E+00,-1.505432E-04
1684731005
-1.401465E+00,-1.449145E-04
1684731008
-1.370694E+00,-1.388800E-04
1684731012
-1.339965E+00,-1.330286E-04
1684731015
-1.309262E+00,-1.274244E-04
1684731019
-1.278554E+00,-1.221775E-04
1684731023
-1.251207E+00,-1.173539E-04
1684731026
-1.220477E+00,-1.121378E-04
1684731030
-1.189706E+00,-1.072237E-04
1684731033
-1.159050E+00,-1.024776E-04
1684731037
-1.128231E+00,-9.788824E-05
1684731040
-1.100953E+00,-9.397019E-05
1684731044
-1.070244E+00,-8.969357E-05
1684731048
-1.039420E+00,-8.566420E-05
1684731051
-1.008432E+00,-8.164566E-05
1684731055
-9.777183E-01,-7.780096E-05
1684731058
-9.504213E-01,-7.441164E-05
1684731062
-9.197393E-01,-7.073041E-05
1684731066
-8.890007E-01,-6.734313E-05
1684731069
-8.582506E-01,-6.403466E-05
1684731073
-8.309236E-01,-6.121732E-05
1684731076
-8.002185E-01,-5.809107E-05
1684731080
-7.695476E-01,-5.506862E-05
1684731083
-7.388833E-01,-5.231802E-05
1684731087
-7.081405E-01,-4.944734E-05
1684731091
-6.807764E-01,-4.703239E-05
1684731094
-6.501470E-01,-4.443814E-05
1684731098
-6.193951E-01,-4.188309E-05
1684731101
-5.885164E-01,-3.937641E-05
1684731105
-5.578429E-01,-3.694936E-05
1684731109
-5.305579E-01,-3.494342E-05
1684731112
-4.998710E-01,-3.266689E-05
1684731116
-4.689665E-01,-3.034492E-05
1684731119
-4.382813E-01,-2.820306E-05
1684731123
-4.075820E-01,-2.612375E-05
1684731126
-3.801993E-01,-2.431211E-05
1684731130
-3.495609E-01,-2.225198E-05
1684731134
-3.188657E-01,-2.036237E-05
1684731137
-2.880937E-01,-1.848986E-05
1684731141
-2.606904E-01,-1.680623E-05
1684731144
-2.299426E-01,-1.502086E-05
1684731148
-1.992316E-01,-1.326176E-05
1684731152
-1.684897E-01,-1.153394E-05
1684731155
-1.377770E-01,-9.835295E-06
1684731159
-1.104962E-01,-8.309686E-06
1684731162
-7.973761E-02,-6.528905E-06
1684731166
-4.892980E-02,-4.537565E-06
1684731170
-1.806196E-02,-1.988769E-06
1684731173
+1.174141E-02,+1.721355E-06
1684731177
+4.236355E-02,+8.251774E-06
1684731180
+7.303660E-02,+2.049965E-05
1684731184
+1.036087E-01,+4.391727E-05
1684731187
+1.309818E-01,+8.225219E-05
1684731191
+1.617749E-01,+1.587416E-04
1684731195
+1.925230E-01,+2.895530E-04
1684731198
+2.232910E-01,+4.966799E-04
1684731202
+2.506375E-01,+7.636463E-04
1684731205
+2.813313E-01,+1.167939E-03
1684731209
+3.120795E-01,+1.690779E-03
1684731213
+3.428258E-01,+2.334184E-03
1684731216
+3.735756E-01,+3.101750E-03
1684731220
+4.007976E-01,+3.902233E-03
1684731223
+4.316533E-01,+4.942521E-03
1684731227
+4.624147E-01,+6.143586E-03
1684731230
+4.931853E-01,+7.531663E-03
1684731234
+5.239325E-01,+9.138457E-03
1684731238
+5.513315E-01,+1.081782E-02
1684731241
+5.820412E-01,+1.288768E-02
1684731245
+6.128035E-01,+1.524023E-02
1684731248
+6.438075E-01,+1.790361E-02
1684731252
+6.744745E-01,+2.086119E-02
1684731256
+7.017993E-01,+2.387758E-02
1684731259
+7.326575E-01,+2.750070E-02
1684731263
+7.635166E-01,+3.153644E-02
1684731266
+7.943180E-01,+3.597015E-02
1684731270
+8.250934E-01,+4.080875E-02
1684731273
+8.524925E-01,+4.558615E-02
1684731277
+8.832812E-01,+5.115755E-02
1684731281
+9.141126E-01,+5.716657E-02
1684731284
+9.448563E-01,+6.355139E-02
1684731288
+9.723054E-01,+6.965870E-02
