1688703789
-1.998553E+00,-5.130856E-04
1688703793
-1.971306E+00,-4.908101E-04
1688703796
-1.940607E+00,-4.718645E-04
1688703800
-1.909765E+00,-4.537750E-04
1688703803
-1.879020E+00,-4.354956E-04
1688703807
-1.848336E+00,-4.191733E-04
1688703810
-1.820975E+00,-4.043945E-04
1688703814
-1.790245E+00,-3.885568E-04
1688703818
-1.759604E+00,-3.740108E-04
1688703821
-1.728772E+00,-3.591102E-04
1688703825
-1.698115E+00,-3.452435E-04
1688703828
-1.670841E+00,-3.329746E-04
1688703832
-1.640212E+00,-3.203988E-04
1688703836
-1.609377E+00,-3.080966E-04
1688703839
-1.578626E+00,-2.956374E-04
1688703843
-1.547920E+00,-2.837893E-04
1688703846
-1.520574E+00,-2.735831E-04
1688703850
-1.489916E+00,-2.628131E-04
1688703854
-1.458965E+00,-2.517218E-04
1688703857
-1.428213E+00,-2.413388E-04
1688703861
-1.400902E+00,-2.323350E-04
1688703864
-1.370309E+00,-2.223539E-04
1688703868
-1.339449E+00,-2.130162E-04
1688703871
-1.308783E+00,-2.041984E-04
1688703875
-1.277987E+00,-1.952110E-04
1688703879
-1.250684E+00,-1.876508E-04
1688703882
-1.219980E+00,-1.795981E-04
1688703886
-1.189283E+00,-1.716509E-04
1688703889
-1.158549E+00,-1.639444E-04
1688703893
-1.127731E+00,-1.566869E-04
1688703897
-1.100435E+00,-1.502711E-04
1688703900
-1.069597E+00,-1.432680E-04
1688703904
-1.038890E+00,-1.364186E-04
1688703907
-1.007931E+00,-1.298258E-04
1688703911
-9.772592E-01,-1.237675E-04
1688703914
-9.500077E-01,-1.183391E-04
1688703918
-9.192970E-01,-1.124738E-04
1688703922
-8.885528E-01,-1.069696E-04
1688703925
-8.577837E-01,-1.015162E-04
1688703929
-8.304407E-01,-9.695350E-05
1688703932
-7.997275E-01,-9.202928E-05
1688703936
-7.690476E-01,-8.737856E-05
1688703940
-7.383800E-01,-8.249267E-05
1688703943
-7.076025E-01,-7.785656E-05
1688703947
-6.802903E-01,-7.399472E-05
1688703950
-6.495395E-01,-6.941989E-05
1688703954
-6.187878E-01,-6.547675E-05
1688703957
-5.879632E-01,-6.155859E-05
1688703961
-5.572537E-01,-5.770972E-05
1688703965
-5.299906E-01,-5.432988E-05
1688703968
-4.992206E-01,-5.054518E-05
1688703972
-4.684424E-01,-4.696605E-05
1688703975
-4.377190E-01,-4.355953E-05
1688703979
-4.069464E-01,-4.023138E-05
1688703983
-3.796486E-01,-3.735232E-05
1688703986
-3.489720E-01,-3.414552E-05
1688703990
-3.182554E-01,-3.109968E-05
1688703993
-2.875555E-01,-2.808801E-05
1688703997
-2.601284E-01,-2.546038E-05
1688704000
-2.293734E-01,-2.263259E-05
1688704004
-1.985959E-01,-1.989112E-05
1688704008
-1.678568E-01,-1.719259E-05
1688704011
-1.370636E-01,-1.455328E-05
1688704015
-1.098732E-01,-1.221541E-05
1688704018
-7.910577E-02,-9.429324E-06
1688704022
-4.833833E-02,-6.345117E-06
1688704026
-1.749916E-02,-2.433255E-06
1688704029
+1.167002E-02,+2.870417E-06
1688704033
+4.236021E-02,+1.176025E-05
1688704036
+7.297536E-02,+2.736907E-05
1688704040
+1.034713E-01,+5.509129E-05
1688704043
+1.308190E-01,+9.755388E-05
1688704047
+1.614674E-01,+1.753994E-04
1688704051
+1.922643E-01,+2.984767E-04
1688704054
+2.230854E-01,+4.785088E-04
1688704058
+2.504791E-01,+6.943581E-04
1688704061
+2.812484E-01,+1.002399E-03
1688704065
+3.120278E-01,+1.381780E-03
1688704069
+3.428540E-01,+1.830809E-03
1688704072
+3.734197E-01,+2.351220E-03
1688704076
+4.007232E-01,+2.890245E-03
1688704079
+4.315462E-01,+3.584998E-03
1688704083
+4.622262E-01,+4.397219E-03
1688704086
+4.929013E-01,+5.354143E-03
1688704090
+5.236765E-01,+6.488590E-03
1688704094
+5.510793E-01,+7.704478E-03
1688704097
+5.818385E-01,+9.240714E-03
1688704101
+6.125814E-01,+1.106590E-02
1688704104
+6.435233E-01,+1.322093E-02
1688704108
+6.742527E-01,+1.574698E-02
1688704111
+7.015244E-01,+1.841272E-02
1688704115
+7.323804E-01,+2.180666E-02
1688704118
+7.631655E-01,+2.581213E-02
1688704122
+7.939048E-01,+3.047054E-02
1688704126
+8.247315E-01,+3.589525E-02
1688704129
+8.520592E-01,+4.157162E-02
1688704133
+8.829888E-01,+4.849279E-02
1688704136
+9.138879E-01,+5.640159E-02
1688704140
+9.447024E-01,+6.519725E-02
1688704144
+9.721858E-01,+7.407603E-02
