1688715101
-1.994743E+00,-1.961633E-02
1688715104
-1.967378E+00,-1.957571E-02
1688715108
-1.936700E+00,-1.964724E-02
1688715111
-1.905977E+00,-1.958120E-02
1688715115
-1.875243E+00,-1.954631E-02
1688715119
-1.844503E+00,-1.947702E-02
1688715122
-1.817167E+00,-1.948857E-02
1688715126
-1.786360E+00,-1.937344E-02
1688715129
-1.755671E+00,-1.938956E-02
1688715133
-1.724938E+00,-1.930593E-02
1688715137
-1.694208E+00,-1.919774E-02
1688715140
-1.666943E+00,-1.917683E-02
1688715144
-1.636233E+00,-1.911534E-02
1688715147
-1.605380E+00,-1.893667E-02
1688715151
-1.574635E+00,-1.883891E-02
1688715154
-1.543928E+00,-1.888461E-02
1688715158
-1.516627E+00,-1.881213E-02
1688715162
-1.485879E+00,-1.878245E-02
1688715165
-1.455051E+00,-1.866840E-02
1688715169
-1.424284E+00,-1.859722E-02
1688715172
-1.396951E+00,-1.858493E-02
1688715176
-1.366160E+00,-1.843533E-02
1688715180
-1.335420E+00,-1.848507E-02
1688715183
-1.304677E+00,-1.844389E-02
1688715187
-1.273907E+00,-1.839300E-02
1688715190
-1.246582E+00,-1.835498E-02
1688715194
-1.215967E+00,-1.826058E-02
1688715198
-1.185229E+00,-1.821209E-02
1688715201
-1.154506E+00,-1.821892E-02
1688715205
-1.123695E+00,-1.814208E-02
1688715208
-1.096434E+00,-1.814507E-02
1688715212
-1.065655E+00,-1.803639E-02
1688715215
-1.034855E+00,-1.801429E-02
1688715219
-1.003903E+00,-1.800291E-02
1688715223
-9.732064E-01,-1.791459E-02
1688715226
-9.458744E-01,-1.784783E-02
1688715230
-9.152232E-01,-1.787528E-02
1688715233
-8.845260E-01,-1.778919E-02
1688715237
-8.537322E-01,-1.776584E-02
1688715241
-8.263668E-01,-1.771447E-02
1688715244
-7.956896E-01,-1.766432E-02
1688715248
-7.649522E-01,-1.764029E-02
1688715251
-7.342668E-01,-1.752336E-02
1688715255
-7.035491E-01,-1.745751E-02
1688715258
-6.762139E-01,-1.746077E-02
1688715262
-6.454579E-01,-1.741861E-02
1688715266
-6.145744E-01,-1.734649E-02
1688715269
-5.837275E-01,-1.730904E-02
1688715273
-5.530183E-01,-1.724876E-02
1688715276
-5.257605E-01,-1.718621E-02
1688715280
-4.950963E-01,-1.713315E-02
1688715284
-4.642669E-01,-1.706778E-02
1688715287
-4.335285E-01,-1.705095E-02
1688715291
-4.027976E-01,-1.696198E-02
1688715294
-3.754421E-01,-1.683496E-02
1688715298
-3.446812E-01,-1.676230E-02
1688715301
-3.140419E-01,-1.668467E-02
1688715305
-2.832735E-01,-1.660954E-02
1688715309
-2.557971E-01,-1.653055E-02
1688715312
-2.249829E-01,-1.638634E-02
1688715316
-1.942995E-01,-1.622272E-02
1688715319
-1.635894E-01,-1.613389E-02
1688715323
-1.328025E-01,-1.600295E-02
1688715327
-1.055839E-01,-1.579002E-02
1688715330
-7.475453E-02,-1.562784E-02
1688715334
-4.400107E-02,-1.543761E-02
1688715337
-1.319920E-02,-1.524147E-02
1688715341
+9.479465E-03,-1.503702E-02
1688715344
+4.015987E-02,-1.476389E-02
1688715348
+7.075606E-02,-1.444303E-02
1688715352
+1.014515E-01,-1.394438E-02
1688715355
+1.287751E-01,-1.348729E-02
1688715359
+1.595005E-01,-1.286430E-02
1688715362
+1.903094E-01,-1.199070E-02
1688715366
+2.211699E-01,-1.089402E-02
1688715370
+2.486553E-01,-9.691596E-03
1688715373
+2.793391E-01,-7.946189E-03
1688715377
+3.101429E-01,-5.896401E-03
1688715380
+3.409585E-01,-3.517895E-03
1688715384
+3.716396E-01,-8.171637E-04
1688715387
+3.989357E-01,+1.883793E-03
1688715391
+4.297614E-01,+5.091679E-03
1688715395
+4.605400E-01,+8.553859E-03
1688715398
+4.913589E-01,+1.231383E-02
1688715402
+5.221894E-01,+1.635263E-02
1688715405
+5.495307E-01,+2.023797E-02
1688715409
+5.803120E-01,+2.488166E-02
1688715413
+6.111283E-01,+2.991529E-02
1688715416
+6.421375E-01,+3.534012E-02
1688715420
+6.729658E-01,+4.114270E-02
1688715423
+7.003276E-01,+4.669175E-02
1688715427
+7.313440E-01,+5.326406E-02
1688715430
+7.621310E-01,+6.022016E-02
1688715434
+7.930471E-01,+6.755065E-02
1688715438
+8.238841E-01,+7.532043E-02
1688715441
+8.512562E-01,+8.259444E-02
1688715445
+8.821316E-01,+9.104330E-02
1688715448
+9.129407E-01,+9.980362E-02
1688715452
+9.095851E-01,+1.000003E-01
1688715456
+9.073328E-01,+1.000003E-01
