1683554402
-5.459975E-04,+7.572140E-06
1683554406
+2.685701E-02,+4.129025E-05
1683554409
+5.067545E-02,+7.141766E-05
1683554413
+7.452393E-02,+1.019420E-04
1683554416
+1.017651E-01,+1.372678E-04
1683554420
+1.256961E-01,+1.689746E-04
1683554423
+1.495929E-01,+2.019930E-04
1683554427
+1.768883E-01,+2.429221E-04
1683554431
+2.008760E-01,+2.843548E-04
1683554434
+2.248929E-01,+3.363979E-04
1683554438
+2.488698E-01,+4.106811E-04
1683554441
+2.761260E-01,+5.462610E-04
1683554445
+3.001137E-01,+7.490539E-04
1683554449
+3.240130E-01,+1.073608E-03
1683554452
+3.514235E-01,+1.659514E-03
1683554456
+3.752970E-01,+2.396008E-03
1683554459
+3.990703E-01,+3.345714E-03
1683554463
+4.264949E-01,+4.719943E-03
1683554466
+4.504986E-01,+6.149042E-03
1683554470
+4.744194E-01,+7.773041E-03
1683554474
+5.017641E-01,+9.860747E-03
1683554477
+5.257902E-01,+1.191319E-02
1683554481
+5.496936E-01,+1.418645E-02
1683554484
+5.770438E-01,+1.699356E-02
1683554488
+6.009566E-01,+1.977130E-02
1683554492
+6.250093E-01,+2.280883E-02
1683554495
+6.524197E-01,+2.657934E-02
1683554499
+6.764632E-01,+3.033577E-02
1683554502
+7.003456E-01,+3.438644E-02
1683554506
+7.278330E-01,+3.937608E-02
1683554510
+7.518731E-01,+4.434295E-02
1683554513
+7.758149E-01,+4.973596E-02
1683554517
+8.032596E-01,+5.618021E-02
1683554520
+8.272254E-01,+6.255781E-02
1683554524
+8.512274E-01,+6.940321E-02
1683554527
+8.786243E-01,+7.748907E-02
1683554531
+9.026935E-01,+8.546197E-02
1683554535
+9.266497E-01,+9.374046E-02
1683554538
+9.416382E-01,+1.000003E-01
1683554542
+9.369385E-01,+1.000003E-01
