1684743995
-1.994316E+00,-1.837464E-02
1684743998
-1.967049E+00,-1.838171E-02
1684744002
-1.936347E+00,-1.836875E-02
1684744005
-1.905553E+00,-1.830647E-02
1684744009
-1.874783E+00,-1.824431E-02
1684744013
-1.844147E+00,-1.819172E-02
1684744016
-1.816823E+00,-1.811187E-02
1684744020
-1.786086E+00,-1.803822E-02
1684744023
-1.755397E+00,-1.796681E-02
1684744027
-1.724705E+00,-1.787330E-02
1684744031
-1.693952E+00,-1.777956E-02
1684744034
-1.666739E+00,-1.773258E-02
1684744038
-1.636034E+00,-1.764016E-02
1684744041
-1.605306E+00,-1.754894E-02
1684744045
-1.574631E+00,-1.748808E-02
1684744048
-1.543877E+00,-1.742304E-02
1684744052
-1.516615E+00,-1.737111E-02
1684744056
-1.485910E+00,-1.726305E-02
1684744059
-1.454981E+00,-1.720382E-02
1684744063
-1.424281E+00,-1.714120E-02
1684744066
-1.396980E+00,-1.706185E-02
1684744070
-1.366291E+00,-1.697275E-02
1684744074
-1.335552E+00,-1.691493E-02
1684744077
-1.304799E+00,-1.687749E-02
1684744081
-1.274120E+00,-1.682318E-02
1684744084
-1.246755E+00,-1.671853E-02
1684744088
-1.216050E+00,-1.666215E-02
1684744091
-1.185302E+00,-1.661601E-02
1684744095
-1.154720E+00,-1.651068E-02
1684744099
-1.123929E+00,-1.645954E-02
1684744102
-1.096648E+00,-1.639200E-02
1684744106
-1.065861E+00,-1.634440E-02
1684744109
-1.035103E+00,-1.627788E-02
1684744113
-1.004142E+00,-1.620952E-02
1684744117
-9.735404E-01,-1.614462E-02
1684744120
-9.461795E-01,-1.607960E-02
1684744124
-9.155091E-01,-1.600946E-02
1684744127
-8.847588E-01,-1.593526E-02
1684744131
-8.540214E-01,-1.587101E-02
1684744134
-8.265882E-01,-1.580727E-02
1684744138
-7.959119E-01,-1.574587E-02
1684744142
-7.652599E-01,-1.565094E-02
1684744145
-7.345347E-01,-1.559457E-02
1684744149
-7.038479E-01,-1.554300E-02
1684744152
-6.765084E-01,-1.545616E-02
1684744156
-6.457821E-01,-1.537493E-02
1684744160
-6.150026E-01,-1.528276E-02
1684744163
-5.841411E-01,-1.518864E-02
1684744167
-5.534415E-01,-1.511224E-02
1684744170
-5.261918E-01,-1.503532E-02
1684744174
-4.954456E-01,-1.494535E-02
1684744177
-4.646584E-01,-1.482518E-02
1684744181
-4.339638E-01,-1.475869E-02
1684744185
-4.032277E-01,-1.463137E-02
1684744188
-3.758561E-01,-1.453936E-02
1684744192
-3.452134E-01,-1.441753E-02
1684744195
-3.145213E-01,-1.434418E-02
1684744199
-2.838059E-01,-1.420028E-02
1684744203
-2.563736E-01,-1.405221E-02
1684744206
-2.256424E-01,-1.390923E-02
1684744210
-1.949338E-01,-1.374836E-02
1684744213
-1.642585E-01,-1.358466E-02
1684744217
-1.335031E-01,-1.340141E-02
1684744220
-1.062601E-01,-1.323501E-02
1684744224
-7.548643E-02,-1.296128E-02
1684744227
-4.472192E-02,-1.264300E-02
1684744231
-1.386901E-02,-1.229260E-02
1684744235
+9.507090E-03,-1.197937E-02
1684744238
+4.021518E-02,-1.158672E-02
1684744242
+7.086322E-02,-1.122100E-02
1684744245
+1.014829E-01,-1.071485E-02
1684744249
+1.289050E-01,-1.000861E-02
1684744252
+1.595638E-01,-8.993337E-03
1684744256
+1.904120E-01,-7.710452E-03
1684744260
+2.213478E-01,-6.143705E-03
1684744263
+2.487340E-01,-4.570836E-03
1684744267
+2.794912E-01,-2.618135E-03
1684744270
+3.103034E-01,-4.940496E-04
1684744274
+3.410633E-01,+1.791581E-03
1684744278
+3.718279E-01,+4.147467E-03
1684744281
+3.991550E-01,+6.348284E-03
1684744285
+4.299897E-01,+8.968326E-03
1684744288
+4.608287E-01,+1.179539E-02
1684744292
+4.915326E-01,+1.484352E-02
1684744295
+5.223948E-01,+1.819731E-02
1684744299
+5.497435E-01,+2.148423E-02
1684744303
+5.805398E-01,+2.547009E-02
1684744306
+6.112844E-01,+2.986307E-02
1684744310
+6.422760E-01,+3.467423E-02
1684744313
+6.730540E-01,+3.988704E-02
1684744317
+7.004527E-01,+4.495572E-02
1684744321
+7.314358E-01,+5.084579E-02
1684744324
+7.622681E-01,+5.692698E-02
1684744328
+7.930294E-01,+6.253181E-02
1684744331
+8.234254E-01,+4.542360E-02
1684744335
+8.499818E-01,+4.351313E-03
1684744338
+8.806522E-01,+5.927497E-04
1684744342
+9.114102E-01,+6.500339E-04
1684744346
+9.420887E-01,+5.618581E-04
1684744349
+9.694563E-01,+5.422863E-04
