1683558995
-2.091138E-04,+8.641527E-06
1683558999
+2.715616E-02,+4.236398E-05
1683559002
+5.095857E-02,+7.249574E-05
1683559006
+7.477184E-02,+1.035694E-04
1683559009
+1.019970E-01,+1.396754E-04
1683559013
+1.259937E-01,+1.720607E-04
1683559017
+1.498528E-01,+2.060012E-04
1683559020
+1.771312E-01,+2.475649E-04
1683559024
+2.011789E-01,+2.884104E-04
1683559027
+2.252472E-01,+3.375401E-04
1683559031
+2.491421E-01,+4.022373E-04
1683559034
+2.764574E-01,+5.174975E-04
1683559038
+3.003731E-01,+6.880090E-04
1683559042
+3.243056E-01,+9.712427E-04
1683559045
+3.516724E-01,+1.510210E-03
1683559049
+3.755288E-01,+2.218780E-03
1683559052
+3.994138E-01,+3.172757E-03
1683559056
+4.268314E-01,+4.561066E-03
1683559060
+4.507713E-01,+6.015459E-03
1683559063
+4.746262E-01,+7.662863E-03
1683559067
+5.019688E-01,+9.737126E-03
1683559070
+5.259454E-01,+1.175949E-02
1683559074
+5.498609E-01,+1.394169E-02
1683559077
+5.771977E-01,+1.659892E-02
1683559081
+6.011369E-01,+1.913826E-02
1683559085
+6.252007E-01,+2.190568E-02
1683559088
+6.526660E-01,+2.525648E-02
1683559092
+6.766326E-01,+2.848747E-02
1683559095
+7.005214E-01,+3.193123E-02
1683559099
+7.280174E-01,+3.611367E-02
1683559103
+7.520507E-01,+4.017244E-02
1683559106
+7.759503E-01,+4.444496E-02
1683559110
+8.032965E-01,+4.957159E-02
1683559113
+8.272227E-01,+5.451068E-02
1683559117
+8.512894E-01,+5.967114E-02
1683559120
+8.786745E-01,+6.575615E-02
1683559124
+9.027157E-01,+7.157309E-02
1683559128
+9.266992E-01,+7.754961E-02
1683559131
+9.541646E-01,+8.449941E-02
1683559135
+9.781497E-01,+9.105035E-02
