1684948750
-1.997048E+00,-1.033631E-03
1684948754
-1.969744E+00,-9.910109E-04
1684948757
-1.939043E+00,-9.565832E-04
1684948761
-1.908293E+00,-9.259434E-04
1684948765
-1.877533E+00,-8.970859E-04
1684948768
-1.846846E+00,-8.690403E-04
1684948772
-1.819502E+00,-8.446448E-04
1684948775
-1.788739E+00,-8.187250E-04
1684948779
-1.757996E+00,-7.938665E-04
1684948783
-1.727345E+00,-7.687098E-04
1684948786
-1.696650E+00,-7.451291E-04
1684948790
-1.669285E+00,-7.244594E-04
1684948793
-1.638670E+00,-7.015551E-04
1684948797
-1.607911E+00,-6.799613E-04
1684948800
-1.577192E+00,-6.589706E-04
1684948804
-1.546410E+00,-6.381579E-04
1684948808
-1.519044E+00,-6.195859E-04
1684948811
-1.488376E+00,-5.998198E-04
1684948815
-1.457483E+00,-5.801254E-04
1684948818
-1.426719E+00,-5.608652E-04
1684948822
-1.399362E+00,-5.442310E-04
1684948826
-1.368691E+00,-5.252398E-04
1684948829
-1.337883E+00,-5.071564E-04
1684948833
-1.307212E+00,-4.898107E-04
1684948836
-1.276442E+00,-4.724350E-04
1684948840
-1.249090E+00,-4.571866E-04
1684948843
-1.218405E+00,-4.404596E-04
1684948847
-1.187668E+00,-4.244639E-04
1684948851
-1.156929E+00,-4.083018E-04
1684948854
-1.126127E+00,-3.922036E-04
1684948858
-1.098844E+00,-3.779246E-04
1684948861
-1.068098E+00,-3.630942E-04
1684948865
-1.037341E+00,-3.482989E-04
1684948869
-1.006449E+00,-3.331325E-04
1684948872
-9.756929E-01,-3.185984E-04
1684948876
-9.483932E-01,-3.057737E-04
1684948879
-9.177015E-01,-2.918524E-04
1684948883
-8.869605E-01,-2.781388E-04
1684948886
-8.562305E-01,-2.647950E-04
1684948890
-8.288727E-01,-2.531220E-04
1684948894
-7.981768E-01,-2.405838E-04
1684948897
-7.674819E-01,-2.280594E-04
1684948901
-7.367802E-01,-2.158531E-04
1684948904
-7.060184E-01,-2.035643E-04
1684948908
-6.786596E-01,-1.931367E-04
1684948912
-6.479145E-01,-1.816247E-04
1684948915
-6.171970E-01,-1.702937E-04
1684948919
-5.863895E-01,-1.591803E-04
1684948922
-5.556444E-01,-1.483696E-04
1684948926
-5.283298E-01,-1.390995E-04
1684948930
-4.976507E-01,-1.288468E-04
1684948933
-4.669040E-01,-1.187412E-04
1684948937
-4.361464E-01,-1.093385E-04
1684948940
-4.053671E-01,-9.981084E-05
1684948944
-3.780308E-01,-9.142856E-05
1684948947
-3.473542E-01,-8.253798E-05
1684948951
-3.166317E-01,-7.373999E-05
1684948955
-2.859275E-01,-6.516049E-05
1684948958
-2.584386E-01,-5.776558E-05
1684948962
-2.277269E-01,-4.976316E-05
1684948965
-1.970103E-01,-4.212892E-05
1684948969
-1.662444E-01,-3.467981E-05
1684948973
-1.355519E-01,-2.757387E-05
1684948976
-1.082382E-01,-2.156080E-05
1684948980
-7.749738E-02,-1.501651E-05
1684948983
-4.675151E-02,-8.736993E-06
1684948987
-1.584217E-02,-2.552962E-06
1684948990
+1.053725E-02,+2.744213E-06
1684948994
+4.117917E-02,+8.983088E-06
1684948998
+7.178941E-02,+1.583360E-05
1684949001
+1.023671E-01,+2.428301E-05
1684949005
+1.297348E-01,+3.488918E-05
1684949008
+1.604676E-01,+5.492997E-05
1684949012
+1.912154E-01,+9.409679E-05
1684949016
+2.219884E-01,+1.725497E-04
1684949019
+2.493485E-01,+3.047773E-04
1684949023
+2.802040E-01,+5.713267E-04
1684949026
+3.109286E-01,+1.016533E-03
1684949030
+3.416755E-01,+1.699982E-03
1684949033
+3.723466E-01,+2.673018E-03
1684949037
+3.996842E-01,+3.832131E-03
1684949041
+4.305238E-01,+5.481722E-03
1684949044
+4.613002E-01,+7.555708E-03
1684949048
+4.919962E-01,+1.009275E-02
1684949051
+5.228316E-01,+1.314678E-02
1684949055
+5.502050E-01,+1.636434E-02
1684949059
+5.809062E-01,+2.045389E-02
1684949062
+6.117623E-01,+2.519007E-02
1684949066
+6.427661E-01,+3.061806E-02
1684949069
+6.735775E-01,+3.672146E-02
1684949073
+7.009234E-01,+4.286318E-02
1684949076
+7.319064E-01,+5.033345E-02
1684949080
+7.628186E-01,+5.863805E-02
1684949084
+7.936458E-01,+6.774548E-02
1684949087
+8.245142E-01,+7.767408E-02
1684949091
+8.519488E-01,+8.740368E-02
1684949094
+8.828815E-01,+9.890629E-02
1684949098
+8.800111E-01,+9.999961E-02
1684949102
+8.772172E-01,+9.999959E-02
1684949105
+8.750397E-01,+9.999958E-02
