1682926732
+5.572382E-04,-1.373648E-02
1682926735
+2.795975E-02,-1.332899E-02
1682926737
+5.185114E-02,-1.301229E-02
1682926740
+7.571252E-02,-1.270009E-02
1682926742
+1.029048E-01,-1.226516E-02
1682926745
+1.268638E-01,-1.178839E-02
1682926748
+1.507268E-01,-1.123232E-02
1682926750
+1.779917E-01,-1.043857E-02
1682926753
+2.006662E-01,-9.724961E-03
1682926755
+2.248504E-01,-8.738338E-03
1682926758
+2.490052E-01,-7.589794E-03
1682926760
+2.765253E-01,-6.092899E-03
1682926763
+3.007312E-01,-4.655448E-03
1682926765
+3.249027E-01,-3.099112E-03
1682926768
+3.525988E-01,-1.249063E-03
1682926771
+3.777127E-01,+5.967012E-04
1682926773
+4.008152E-01,+2.186876E-03
1682926776
+4.285436E-01,+4.192242E-03
1682926778
+4.528036E-01,+6.008180E-03
1682926781
+4.769518E-01,+7.900693E-03
1682926784
+5.045211E-01,+1.017802E-02
1682926786
+5.268646E-01,+1.201521E-02
1682926789
+5.508144E-01,+1.426962E-02
1682926791
+5.782609E-01,+1.702928E-02
1682926794
+6.022132E-01,+1.973055E-02
1682926796
+6.262381E-01,+2.266515E-02
1682926799
+6.536423E-01,+2.627679E-02
1682926802
+6.776569E-01,+2.984448E-02
1682926804
+7.015893E-01,+3.372994E-02
1682926807
+7.289800E-01,+3.846241E-02
1682926809
+7.530090E-01,+4.317681E-02
1682926812
+7.769476E-01,+4.823257E-02
1682926815
+8.044297E-01,+5.430055E-02
1682926817
+8.283524E-01,+6.031639E-02
1682926820
+8.523279E-01,+6.668869E-02
1682926822
+8.797631E-01,+7.426849E-02
1682926825
+9.038252E-01,+8.163638E-02
1682926828
+9.277230E-01,+8.935992E-02
1682926830
+9.552521E-01,+9.847581E-02
1682926833
+9.544441E-01,+1.000001E-01
