1685029324
-1.998241E+00,-1.257438E-03
1685029327
-1.970845E+00,-1.179989E-03
1685029331
-1.940082E+00,-1.127095E-03
1685029335
-1.909290E+00,-1.085108E-03
1685029338
-1.878513E+00,-1.046423E-03
1685029342
-1.847873E+00,-1.012453E-03
1685029345
-1.822548E+00,-9.851747E-04
1685029349
-1.791743E+00,-9.533270E-04
1685029353
-1.760996E+00,-9.223403E-04
1685029356
-1.730205E+00,-8.924550E-04
1685029360
-1.699388E+00,-8.651094E-04
1685029363
-1.672009E+00,-8.406805E-04
1685029367
-1.641270E+00,-8.139780E-04
1685029370
-1.610504E+00,-7.882820E-04
1685029374
-1.579696E+00,-7.634723E-04
1685029378
-1.548815E+00,-7.391812E-04
1685029381
-1.521511E+00,-7.189725E-04
1685029385
-1.490795E+00,-6.967045E-04
1685029388
-1.459802E+00,-6.734772E-04
1685029392
-1.428986E+00,-6.517102E-04
1685029395
-1.401719E+00,-6.327452E-04
1685029399
-1.370965E+00,-6.117358E-04
1685029402
-1.340147E+00,-5.916067E-04
1685029406
-1.309387E+00,-5.717787E-04
1685029410
-1.278610E+00,-5.514800E-04
1685029413
-1.251306E+00,-5.339450E-04
1685029417
-1.220496E+00,-5.145755E-04
1685029420
-1.189686E+00,-4.961210E-04
1685029424
-1.159038E+00,-4.779843E-04
1685029428
-1.128091E+00,-4.599564E-04
1685029431
-1.100771E+00,-4.434667E-04
1685029435
-1.070035E+00,-4.263521E-04
1685029438
-1.039248E+00,-4.091345E-04
1685029442
-1.008239E+00,-3.919969E-04
1685029445
-9.774529E-01,-3.753488E-04
1685029449
-9.501129E-01,-3.613137E-04
1685029453
-9.193459E-01,-3.452660E-04
1685029456
-8.885946E-01,-3.296534E-04
1685029460
-8.578207E-01,-3.144771E-04
1685029463
-8.304751E-01,-3.007502E-04
1685029467
-7.997425E-01,-2.860684E-04
1685029471
-7.690994E-01,-2.713512E-04
1685029474
-7.383626E-01,-2.571834E-04
1685029478
-7.075514E-01,-2.431464E-04
1685029481
-6.801138E-01,-2.306947E-04
1685029485
-6.493782E-01,-2.169869E-04
1685029488
-6.185638E-01,-2.038517E-04
1685029492
-5.877292E-01,-1.910335E-04
1685029496
-5.570290E-01,-1.784272E-04
1685029499
-5.296738E-01,-1.676520E-04
1685029503
-4.989528E-01,-1.556029E-04
1685029506
-4.680940E-01,-1.435971E-04
1685029510
-4.373295E-01,-1.321936E-04
1685029514
-4.065551E-01,-1.209034E-04
1685029517
-3.792360E-01,-1.109734E-04
1685029521
-3.485282E-01,-1.001445E-04
1685029524
-3.196586E-01,-9.090738E-05
1685029528
-2.887273E-01,-8.052705E-05
1685029531
-2.610804E-01,-7.147958E-05
1685029535
-2.301775E-01,-6.171974E-05
1685029539
-1.992420E-01,-5.229154E-05
1685029542
-1.682457E-01,-4.316922E-05
1685029546
-1.372627E-01,-3.440214E-05
1685029549
-1.098652E-01,-2.690948E-05
1685029553
-7.890811E-02,-1.864975E-05
1685029557
-4.795014E-02,-1.053404E-05
1685029560
-1.744255E-02,-2.630909E-06
1685029564
+1.213226E-02,+5.707748E-06
1685029567
+4.196134E-02,+1.397133E-05
1685029571
+7.278530E-02,+2.366045E-05
1685029574
+1.035151E-01,+3.480884E-05
1685029578
+1.311650E-01,+4.661215E-05
1685029582
+1.621533E-01,+6.305989E-05
1685029585
+1.934083E-01,+8.564488E-05
1685029589
+2.229189E-01,+1.157096E-04
1685029592
+2.504237E-01,+1.642098E-04
1685029596
+2.813669E-01,+2.676997E-04
1685029600
+3.123577E-01,+4.737950E-04
1685029603
+3.437804E-01,+8.603492E-04
1685029607
+3.732375E-01,+1.490382E-03
1685029610
+4.006580E-01,+2.271906E-03
1685029614
+4.316463E-01,+3.377173E-03
1685029618
+4.626278E-01,+4.677706E-03
1685029621
+4.935870E-01,+6.151627E-03
1685029625
+5.246644E-01,+7.745489E-03
1685029628
+5.521399E-01,+9.063156E-03
1685029632
+5.830315E-01,+1.014177E-02
1685029635
+6.120173E-01,+1.171906E-02
1685029639
+6.429913E-01,+1.335474E-02
1685029643
+6.737002E-01,+1.487412E-02
1685029646
+7.010656E-01,+1.614888E-02
1685029650
+7.318770E-01,+1.559285E-02
1685029653
+7.637229E-01,+6.307374E-03
1685029657
+7.940461E-01,+6.097896E-03
1685029661
+8.249301E-01,+6.226048E-03
1685029664
+8.521532E-01,+5.825586E-03
1685029668
+8.828517E-01,+5.805202E-03
1685029671
+9.136382E-01,+6.032423E-03
1685029675
+9.443160E-01,+6.148426E-03
1685029678
+9.716834E-01,+6.277258E-03
