1685406452
-1.994374E+00,-5.984845E-04
1685406455
-1.967098E+00,-5.629701E-04
1685406459
-1.936318E+00,-5.338167E-04
1685406462
-1.905531E+00,-5.085762E-04
1685406466
-1.874819E+00,-4.862525E-04
1685406470
-1.844085E+00,-4.656101E-04
1685406473
-1.816778E+00,-4.468840E-04
1685406477
-1.786010E+00,-4.292588E-04
1685406480
-1.755288E+00,-4.125379E-04
1685406484
-1.724546E+00,-3.964834E-04
1685406488
-1.693805E+00,-3.811396E-04
1685406491
-1.666551E+00,-3.675905E-04
1685406495
-1.635823E+00,-3.529518E-04
1685406498
-1.605043E+00,-3.397764E-04
1685406502
-1.574418E+00,-3.270654E-04
1685406505
-1.543667E+00,-3.147727E-04
1685406509
-1.516311E+00,-3.044477E-04
1685406513
-1.485612E+00,-2.929490E-04
1685406516
-1.454717E+00,-2.820502E-04
1685406520
-1.424042E+00,-2.712249E-04
1685406523
-1.396732E+00,-2.617944E-04
1685406527
-1.366060E+00,-2.519524E-04
1685406531
-1.335246E+00,-2.418851E-04
1685406534
-1.304572E+00,-2.327328E-04
1685406538
-1.273862E+00,-2.232788E-04
1685406541
-1.246479E+00,-2.150384E-04
1685406545
-1.215746E+00,-2.064064E-04
1685406548
-1.184974E+00,-1.981667E-04
1685406552
-1.154270E+00,-1.898241E-04
1685406556
-1.123522E+00,-1.817217E-04
1685406559
-1.096221E+00,-1.747242E-04
1685406563
-1.065400E+00,-1.671581E-04
1685406566
-1.034674E+00,-1.598350E-04
1685406570
-1.003670E+00,-1.525628E-04
1685406574
-9.729764E-01,-1.455850E-04
1685406577
-9.457669E-01,-1.393749E-04
1685406581
-9.150729E-01,-1.325884E-04
1685406584
-8.842738E-01,-1.260813E-04
1685406588
-8.534614E-01,-1.197607E-04
1685406592
-8.261534E-01,-1.142135E-04
1685406595
-7.954178E-01,-1.082481E-04
1685406599
-7.647793E-01,-1.024283E-04
1685406602
-7.340661E-01,-9.655258E-05
1685406606
-7.033158E-01,-9.110344E-05
1685406609
-6.759233E-01,-8.617219E-05
1685406613
-6.452363E-01,-8.074598E-05
1685406617
-6.144512E-01,-7.553028E-05
1685406620
-5.835790E-01,-7.054400E-05
1685406624
-5.529153E-01,-6.567404E-05
1685406627
-5.255813E-01,-6.131282E-05
1685406631
-4.949557E-01,-5.654708E-05
1685406635
-4.641327E-01,-5.206368E-05
1685406638
-4.333939E-01,-4.765365E-05
1685406642
-4.026524E-01,-4.347337E-05
1685406645
-3.753525E-01,-3.981057E-05
1685406649
-3.446922E-01,-3.590594E-05
1685406652
-3.139783E-01,-3.202089E-05
1685406656
-2.832795E-01,-2.828805E-05
1685406660
-2.558128E-01,-2.508519E-05
1685406663
-2.250890E-01,-2.164132E-05
1685406667
-1.943819E-01,-1.835631E-05
1685406670
-1.636130E-01,-1.518890E-05
1685406674
-1.328841E-01,-1.218953E-05
1685406678
-1.056752E-01,-9.660521E-06
1685406681
-7.479873E-02,-6.884655E-06
1685406685
-4.405072E-02,-4.255568E-06
1685406688
-1.317008E-02,-1.680272E-06
1685406692
+9.593113E-03,+1.985238E-07
1685406695
+4.024470E-02,+2.740213E-06
1685406699
+7.092298E-02,+5.448680E-06
1685406703
+1.015262E-01,+8.446507E-06
1685406706
+1.288117E-01,+1.173327E-05
1685406710
+1.595184E-01,+1.714479E-05
1685406713
+1.903093E-01,+2.695090E-05
1685406717
+2.211618E-01,+4.796778E-05
1685406721
+2.485600E-01,+8.874908E-05
1685406724
+2.792933E-01,+1.884208E-04
1685406728
+3.100701E-01,+4.010527E-04
1685406731
+3.408074E-01,+8.038994E-04
1685406735
+3.715283E-01,+1.483285E-03
1685406738
+3.987537E-01,+2.369864E-03
1685406742
+4.296089E-01,+3.717024E-03
1685406746
+4.603932E-01,+5.437481E-03
1685406749
+4.911205E-01,+7.498565E-03
1685406753
+5.219531E-01,+9.926644E-03
1685406756
+5.493513E-01,+1.234652E-02
1685406760
+5.800012E-01,+1.530044E-02
1685406764
+6.108131E-01,+1.854022E-02
1685406767
+6.417623E-01,+2.203264E-02
1685406771
+6.725348E-01,+2.575648E-02
1685406774
+6.998981E-01,+2.928824E-02
1685406778
+7.307423E-01,+3.343242E-02
1685406781
+7.616165E-01,+3.773014E-02
1685406785
+7.924139E-01,+4.228924E-02
1685406789
+8.232166E-01,+4.695604E-02
1685406792
+8.505536E-01,+5.136685E-02
1685406796
+8.813890E-01,+5.635980E-02
1685406799
+9.121838E-01,+6.151986E-02
1685406803
+9.429422E-01,+6.668767E-02
1685406807
+9.702876E-01,+7.049104E-02
