1685082214
-1.999263E+00,-2.416105E-04
1685082217
-1.972034E+00,-2.319116E-04
1685082221
-1.941309E+00,-2.220137E-04
1685082224
-1.910522E+00,-2.135492E-04
1685082228
-1.879723E+00,-2.054379E-04
1685082232
-1.849059E+00,-1.975784E-04
1685082235
-1.821748E+00,-1.909689E-04
1685082239
-1.790953E+00,-1.840389E-04
1685082242
-1.760286E+00,-1.773460E-04
1685082246
-1.729511E+00,-1.712757E-04
1685082249
-1.698805E+00,-1.652370E-04
1685082253
-1.671501E+00,-1.598609E-04
1685082257
-1.640833E+00,-1.544969E-04
1685082260
-1.610079E+00,-1.493597E-04
1685082264
-1.579448E+00,-1.440761E-04
1685082267
-1.548611E+00,-1.387254E-04
1685082271
-1.521361E+00,-1.344179E-04
1685082275
-1.490606E+00,-1.295104E-04
1685082278
-1.459719E+00,-1.248861E-04
1685082282
-1.428966E+00,-1.204222E-04
1685082285
-1.401644E+00,-1.165713E-04
1685082289
-1.370976E+00,-1.125060E-04
1685082292
-1.340226E+00,-1.081527E-04
1685082296
-1.309490E+00,-1.040925E-04
1685082300
-1.278792E+00,-1.002649E-04
1685082303
-1.251313E+00,-9.675999E-05
1685082307
-1.220671E+00,-9.312713E-05
1685082310
-1.189941E+00,-8.946593E-05
1685082314
-1.159188E+00,-8.582180E-05
1685082318
-1.128397E+00,-8.230984E-05
1685082321
-1.101173E+00,-7.932242E-05
1685082325
-1.070390E+00,-7.603813E-05
1685082328
-1.039664E+00,-7.288685E-05
1685082332
-1.008717E+00,-6.981684E-05
1685082335
-9.779685E-01,-6.683860E-05
1685082339
-9.506781E-01,-6.412847E-05
1685082343
-9.199725E-01,-6.131364E-05
1685082346
-8.893291E-01,-5.853511E-05
1685082350
-8.586181E-01,-5.590585E-05
1685082353
-8.311911E-01,-5.350963E-05
1685082357
-8.004643E-01,-5.086912E-05
1685082361
-7.697881E-01,-4.830780E-05
1685082364
-7.390478E-01,-4.587866E-05
1685082368
-7.082710E-01,-4.350249E-05
1685082371
-6.809927E-01,-4.141692E-05
1685082375
-6.502524E-01,-3.919125E-05
1685082378
-6.194530E-01,-3.699561E-05
1685082382
-5.886955E-01,-3.479122E-05
1685082386
-5.580208E-01,-3.270773E-05
1685082389
-5.307260E-01,-3.084982E-05
1685082393
-4.999532E-01,-2.886473E-05
1685082396
-4.691830E-01,-2.687381E-05
1685082400
-4.384626E-01,-2.501589E-05
1685082404
-4.075774E-01,-2.312505E-05
1685082407
-3.803650E-01,-2.148144E-05
1685082411
-3.497374E-01,-1.968815E-05
1685082414
-3.190238E-01,-1.781689E-05
1685082418
-2.882944E-01,-1.608656E-05
1685082422
-2.608027E-01,-1.452176E-05
1685082425
-2.301126E-01,-1.286941E-05
1685082429
-1.994398E-01,-1.123122E-05
1685082432
-1.686404E-01,-9.609297E-06
1685082436
-1.379644E-01,-8.054086E-06
1685082439
-1.106829E-01,-6.689004E-06
1685082443
-7.982841E-02,-5.135045E-06
1685082447
-4.905402E-02,-3.517294E-06
1685082450
-1.824877E-02,-1.627693E-06
1685082454
+1.172887E-02,+9.300641E-07
1685082457
+4.235430E-02,+5.114128E-06
1685082461
+7.292803E-02,+1.261718E-05
1685082465
+1.035118E-01,+2.647471E-05
1685082468
+1.308598E-01,+4.891007E-05
1685082472
+1.615002E-01,+9.332090E-05
1685082475
+1.923759E-01,+1.706569E-04
1685082479
+2.231556E-01,+2.950674E-04
1685082482
+2.505144E-01,+4.587365E-04
1685082486
+2.811733E-01,+7.125028E-04
1685082490
+3.119288E-01,+1.051554E-03
1685082493
+3.427301E-01,+1.482466E-03
1685082497
+3.734289E-01,+2.013714E-03
1685082500
+4.007103E-01,+2.589471E-03
1685082504
+4.315750E-01,+3.350643E-03
1685082508
+4.622821E-01,+4.259287E-03
1685082511
+4.930535E-01,+5.343961E-03
1685082515
+5.237840E-01,+6.622697E-03
1685082518
+5.511612E-01,+7.994527E-03
1685082522
+5.818709E-01,+9.747324E-03
1685082525
+6.126162E-01,+1.180753E-02
1685082529
+6.436186E-01,+1.422347E-02
1685082533
+6.742448E-01,+1.698707E-02
1685082536
+7.016171E-01,+1.988733E-02
1685082540
+7.325326E-01,+2.347206E-02
1685082543
+7.633388E-01,+2.760947E-02
1685082547
+7.940535E-01,+3.230514E-02
1685082551
+8.247765E-01,+3.764498E-02
1685082554
+8.521887E-01,+4.313451E-02
1685082558
+8.831227E-01,+4.980215E-02
1685082561
+9.139445E-01,+5.727560E-02
1685082565
+9.448152E-01,+6.558543E-02
1685082568
+9.722382E-01,+7.388732E-02
