1684939197
-1.995239E+00,-1.861225E-02
1684939200
-1.967962E+00,-1.859961E-02
1684939204
-1.937244E+00,-1.858193E-02
1684939208
-1.906460E+00,-1.851277E-02
1684939211
-1.875748E+00,-1.846868E-02
1684939215
-1.845072E+00,-1.838242E-02
1684939218
-1.817785E+00,-1.831914E-02
1684939222
-1.787001E+00,-1.826622E-02
1684939226
-1.756365E+00,-1.815951E-02
1684939229
-1.725616E+00,-1.808883E-02
1684939233
-1.694889E+00,-1.803313E-02
1684939236
-1.667603E+00,-1.799626E-02
1684939240
-1.636992E+00,-1.787823E-02
1684939243
-1.606179E+00,-1.782245E-02
1684939247
-1.575490E+00,-1.775460E-02
1684939251
-1.544733E+00,-1.768779E-02
1684939254
-1.517494E+00,-1.760812E-02
1684939258
-1.486799E+00,-1.753563E-02
1684939261
-1.455850E+00,-1.747443E-02
1684939265
-1.425089E+00,-1.741369E-02
1684939269
-1.397840E+00,-1.732861E-02
1684939272
-1.367131E+00,-1.726673E-02
1684939276
-1.336393E+00,-1.719662E-02
1684939279
-1.305688E+00,-1.712909E-02
1684939283
-1.274906E+00,-1.706692E-02
1684939286
-1.247585E+00,-1.698575E-02
1684939290
-1.216899E+00,-1.691442E-02
1684939294
-1.186154E+00,-1.687912E-02
1684939297
-1.155441E+00,-1.679030E-02
1684939301
-1.124657E+00,-1.670965E-02
1684939304
-1.097376E+00,-1.666925E-02
1684939308
-1.066584E+00,-1.657733E-02
1684939312
-1.035771E+00,-1.650693E-02
1684939315
-1.004849E+00,-1.644209E-02
1684939319
-9.742280E-01,-1.635673E-02
1684939322
-9.469057E-01,-1.628245E-02
1684939326
-9.162657E-01,-1.621803E-02
1684939330
-8.855299E-01,-1.616249E-02
1684939333
-8.547678E-01,-1.608339E-02
1684939337
-8.274459E-01,-1.599114E-02
1684939340
-7.967958E-01,-1.589747E-02
1684939344
-7.660853E-01,-1.582894E-02
1684939347
-7.353851E-01,-1.576372E-02
1684939351
-7.046947E-01,-1.567701E-02
1684939355
-6.773486E-01,-1.557453E-02
1684939358
-6.466531E-01,-1.546213E-02
1684939362
-6.158840E-01,-1.539303E-02
1684939365
-5.849831E-01,-1.530061E-02
1684939369
-5.543574E-01,-1.519780E-02
1684939373
-5.271083E-01,-1.509942E-02
1684939376
-4.964077E-01,-1.499330E-02
1684939380
-4.656368E-01,-1.488510E-02
1684939383
-4.349129E-01,-1.475864E-02
1684939387
-4.040731E-01,-1.465275E-02
1684939390
-3.768004E-01,-1.451949E-02
1684939394
-3.461406E-01,-1.438656E-02
1684939398
-3.154034E-01,-1.425446E-02
1684939401
-2.847628E-01,-1.410466E-02
1684939405
-2.573160E-01,-1.398881E-02
1684939408
-2.265552E-01,-1.380881E-02
1684939412
-1.957921E-01,-1.362866E-02
1684939416
-1.650181E-01,-1.344670E-02
1684939419
-1.342750E-01,-1.322753E-02
1684939423
-1.070575E-01,-1.299747E-02
1684939426
-7.638438E-02,-1.276677E-02
1684939430
-4.555285E-02,-1.248253E-02
1684939433
-1.469130E-02,-1.214849E-02
1684939437
+9.645230E-03,-1.183977E-02
1684939441
+4.030359E-02,-1.141214E-02
1684939444
+7.102701E-02,-1.086854E-02
1684939448
+1.016712E-01,-1.019071E-02
1684939451
+1.290495E-01,-9.472689E-03
1684939455
+1.597862E-01,-8.498946E-03
1684939459
+1.905754E-01,-7.364684E-03
1684939462
+2.214247E-01,-6.042585E-03
1684939466
+2.488673E-01,-4.760106E-03
1684939469
+2.795623E-01,-3.194222E-03
1684939473
+3.103408E-01,-1.523381E-03
1684939476
+3.411667E-01,+2.717611E-04
1684939480
+3.719142E-01,+2.128038E-03
1684939484
+3.991589E-01,+3.854653E-03
1684939487
+4.300224E-01,+5.914869E-03
1684939491
+4.608325E-01,+8.121617E-03
1684939494
+4.915940E-01,+1.048918E-02
1684939498
+5.223984E-01,+1.303670E-02
1684939502
+5.497274E-01,+1.547932E-02
1684939505
+5.804965E-01,+1.838273E-02
1684939509
+6.113067E-01,+2.147735E-02
1684939512
+6.421667E-01,+2.477314E-02
1684939516
+6.729068E-01,+2.821949E-02
1684939519
+7.002833E-01,+3.146875E-02
1684939523
+7.312000E-01,+3.522529E-02
1684939527
+7.620117E-01,+3.913668E-02
1684939530
+7.928008E-01,+4.318036E-02
1684939534
+8.235609E-01,+4.721130E-02
1684939537
+8.508975E-01,+5.161630E-02
1684939541
+8.817075E-01,+5.700896E-02
1684939545
+9.125037E-01,+6.164625E-02
1684939548
+9.433800E-01,+6.705008E-02
1684939552
+9.707597E-01,+6.866892E-02
