1685029806
-1.998464E+00,-1.439608E-03
1685029810
-1.971251E+00,-1.337464E-03
1685029814
-1.940517E+00,-1.263269E-03
1685029817
-1.909655E+00,-1.206249E-03
1685029821
-1.878894E+00,-1.157163E-03
1685029824
-1.848208E+00,-1.115051E-03
1685029828
-1.820805E+00,-1.074011E-03
1685029832
-1.790069E+00,-1.033576E-03
1685029835
-1.761544E+00,-1.003616E-03
1685029839
-1.730703E+00,-9.665575E-04
1685029842
-1.699887E+00,-9.340039E-04
1685029846
-1.672465E+00,-9.052412E-04
1685029849
-1.641708E+00,-8.761602E-04
1685029853
-1.610891E+00,-8.474432E-04
1685029857
-1.580063E+00,-8.204731E-04
1685029860
-1.549143E+00,-7.936599E-04
1685029864
-1.521792E+00,-7.699502E-04
1685029867
-1.491097E+00,-7.436200E-04
1685029871
-1.460174E+00,-7.192338E-04
1685029875
-1.429319E+00,-6.945387E-04
1685029878
-1.401985E+00,-6.729477E-04
1685029882
-1.371271E+00,-6.497182E-04
1685029885
-1.340453E+00,-6.269530E-04
1685029889
-1.309758E+00,-6.062052E-04
1685029892
-1.278894E+00,-5.842661E-04
1685029896
-1.251541E+00,-5.655800E-04
1685029900
-1.220815E+00,-5.456560E-04
1685029903
-1.190084E+00,-5.258514E-04
1685029907
-1.159277E+00,-5.071297E-04
1685029910
-1.128384E+00,-4.877975E-04
1685029914
-1.101051E+00,-4.703446E-04
1685029918
-1.070252E+00,-4.517651E-04
1685029921
-1.039466E+00,-4.346141E-04
1685029925
-1.008519E+00,-4.167646E-04
1685029928
-9.778186E-01,-3.999383E-04
1685029932
-9.504020E-01,-3.845188E-04
1685029935
-9.196969E-01,-3.677396E-04
1685029939
-8.889434E-01,-3.523608E-04
1685029943
-8.582267E-01,-3.351964E-04
1685029946
-8.308285E-01,-3.211372E-04
1685029950
-8.000790E-01,-3.060289E-04
1685029953
-7.692947E-01,-2.906455E-04
1685029957
-7.385833E-01,-2.759163E-04
1685029961
-7.078100E-01,-2.615193E-04
1685029964
-6.804360E-01,-2.497676E-04
1685029968
-6.496592E-01,-2.366671E-04
1685029971
-6.189173E-01,-2.232612E-04
1685029975
-5.880111E-01,-2.092430E-04
1685029978
-5.573295E-01,-1.963248E-04
1685029982
-5.300157E-01,-1.849288E-04
1685029986
-4.992203E-01,-1.721426E-04
1685029989
-4.684043E-01,-1.592625E-04
1685029993
-4.376450E-01,-1.471434E-04
1685029996
-4.068507E-01,-1.352854E-04
1685030000
-3.794583E-01,-1.254232E-04
1685030004
-3.488207E-01,-1.140739E-04
1685030007
-3.180489E-01,-1.028363E-04
1685030011
-2.892146E-01,-9.285997E-05
1685030014
-2.616295E-01,-8.332001E-05
1685030018
-2.306684E-01,-7.272288E-05
1685030022
-1.996589E-01,-6.229467E-05
1685030025
-1.687728E-01,-5.225285E-05
1685030029
-1.378475E-01,-4.225888E-05
1685030032
-1.103368E-01,-3.355139E-05
1685030036
-7.933309E-02,-2.371327E-05
1685030039
-4.831522E-02,-1.384231E-05
1685030043
-1.799547E-02,-3.852849E-06
1685030047
+1.270176E-02,+8.454834E-06
1685030050
+4.218040E-02,+2.110753E-05
1685030054
+7.309679E-02,+3.771395E-05
1685030057
+1.041591E-01,+5.862101E-05
1685030061
+1.319031E-01,+8.225387E-05
1685030065
+1.613176E-01,+1.122729E-04
1685030068
+1.922649E-01,+1.548008E-04
1685030072
+2.231437E-01,+2.144512E-04
1685030075
+2.507084E-01,+2.951383E-04
1685030079
+2.816732E-01,+4.497204E-04
1685030082
+3.130031E-01,+7.547542E-04
1685030086
+3.426169E-01,+1.261172E-03
1685030090
+3.733832E-01,+2.177825E-03
1685030093
+4.009537E-01,+3.393118E-03
1685030097
+4.320969E-01,+5.229676E-03
1685030100
+4.632251E-01,+7.529793E-03
1685030104
+4.943925E-01,+1.023687E-02
1685030108
+5.234032E-01,+1.287353E-02
1685030111
+5.508503E-01,+1.575215E-02
1685030115
+5.815606E-01,+1.919198E-02
1685030118
+6.123084E-01,+2.286866E-02
1685030122
+6.432841E-01,+2.675065E-02
1685030125
+6.740970E-01,+3.078665E-02
1685030129
+7.014382E-01,+3.458873E-02
1685030133
+7.323704E-01,+3.892335E-02
1685030136
+7.630880E-01,+4.333651E-02
1685030140
+7.938893E-01,+4.785906E-02
1685030143
+8.246748E-01,+5.245364E-02
1685030147
+8.521160E-01,+5.662382E-02
1685030151
+8.828375E-01,+6.147747E-02
1685030154
+9.136754E-01,+6.659405E-02
1685030158
+9.444716E-01,+7.143809E-02
1685030161
+9.718769E-01,+7.487915E-02
