1685154267
-1.997189E+00,-1.897332E-02
1685154271
-1.969890E+00,-1.893772E-02
1685154274
-1.939154E+00,-1.889085E-02
1685154278
-1.908347E+00,-1.887655E-02
1685154281
-1.877571E+00,-1.883432E-02
1685154285
-1.846839E+00,-1.877067E-02
1685154289
-1.819505E+00,-1.873529E-02
1685154292
-1.788766E+00,-1.873782E-02
1685154296
-1.758110E+00,-1.869684E-02
1685154299
-1.727399E+00,-1.864674E-02
1685154303
-1.696633E+00,-1.863280E-02
1685154306
-1.669355E+00,-1.859897E-02
1685154310
-1.638659E+00,-1.854334E-02
1685154314
-1.607867E+00,-1.847932E-02
1685154317
-1.577206E+00,-1.841520E-02
1685154321
-1.546314E+00,-1.837913E-02
1685154324
-1.519027E+00,-1.836560E-02
1685154328
-1.488317E+00,-1.829376E-02
1685154332
-1.457371E+00,-1.826778E-02
1685154335
-1.426676E+00,-1.821257E-02
1685154339
-1.399364E+00,-1.817666E-02
1685154342
-1.368640E+00,-1.814434E-02
1685154346
-1.337836E+00,-1.810287E-02
1685154350
-1.307136E+00,-1.807262E-02
1685154353
-1.276382E+00,-1.799363E-02
1685154357
-1.248949E+00,-1.795278E-02
1685154360
-1.218222E+00,-1.793230E-02
1685154364
-1.187496E+00,-1.790801E-02
1685154367
-1.156756E+00,-1.783014E-02
1685154371
-1.125957E+00,-1.779583E-02
1685154375
-1.098735E+00,-1.775349E-02
1685154378
-1.068025E+00,-1.773143E-02
1685154382
-1.037215E+00,-1.768608E-02
1685154385
-1.006270E+00,-1.762534E-02
1685154389
-9.755424E-01,-1.758155E-02
1685154393
-9.482200E-01,-1.753336E-02
1685154396
-9.175131E-01,-1.746542E-02
1685154400
-8.868344E-01,-1.743329E-02
1685154403
-8.560475E-01,-1.741417E-02
1685154407
-8.287727E-01,-1.741549E-02
1685154410
-7.979805E-01,-1.737155E-02
1685154414
-7.672993E-01,-1.730973E-02
1685154418
-7.366465E-01,-1.724900E-02
1685154421
-7.058887E-01,-1.718115E-02
1685154425
-6.785344E-01,-1.711478E-02
1685154428
-6.477723E-01,-1.704111E-02
1685154432
-6.169537E-01,-1.706673E-02
1685154436
-5.861197E-01,-1.695907E-02
1685154439
-5.554411E-01,-1.687296E-02
1685154443
-5.281318E-01,-1.680334E-02
1685154446
-4.974546E-01,-1.671273E-02
1685154450
-4.666708E-01,-1.663770E-02
1685154453
-4.359161E-01,-1.655292E-02
1685154457
-4.050946E-01,-1.653136E-02
1685154461
-3.777830E-01,-1.652393E-02
1685154464
-3.471341E-01,-1.647958E-02
1685154468
-3.163969E-01,-1.642798E-02
1685154471
-2.856731E-01,-1.631522E-02
1685154475
-2.583062E-01,-1.622885E-02
1685154479
-2.275598E-01,-1.610047E-02
1685154482
-1.968560E-01,-1.599772E-02
1685154486
-1.660328E-01,-1.582860E-02
1685154489
-1.352973E-01,-1.562597E-02
1685154493
-1.080088E-01,-1.546048E-02
1685154496
-7.728744E-02,-1.526389E-02
1685154500
-4.637336E-02,-1.499190E-02
1685154504
-1.555520E-02,-1.474232E-02
1685154507
+9.958321E-03,-1.448858E-02
1685154511
+4.059334E-02,-1.411833E-02
1685154514
+7.122836E-02,-1.366091E-02
1685154518
+1.018668E-01,-1.313893E-02
1685154522
+1.292810E-01,-1.258429E-02
1685154525
+1.599277E-01,-1.177429E-02
1685154529
+1.908455E-01,-1.075851E-02
1685154532
+2.216506E-01,-9.520378E-03
1685154536
+2.490458E-01,-8.200221E-03
1685154539
+2.798126E-01,-6.517350E-03
1685154543
+3.105970E-01,-4.585764E-03
1685154547
+3.414097E-01,-2.463610E-03
1685154550
+3.721089E-01,-1.453263E-04
1685154554
+3.994215E-01,+2.115642E-03
1685154557
+4.302016E-01,+4.798573E-03
1685154561
+4.610368E-01,+7.728298E-03
1685154565
+4.917870E-01,+1.092671E-02
1685154568
+5.226140E-01,+1.447013E-02
1685154572
+5.499992E-01,+1.796024E-02
1685154575
+5.807533E-01,+2.220934E-02
1685154579
+6.115386E-01,+2.697686E-02
1685154582
+6.425259E-01,+3.224963E-02
1685154586
+6.733086E-01,+3.807398E-02
1685154590
+7.007137E-01,+4.380390E-02
1685154593
+7.316632E-01,+5.068930E-02
1685154597
+7.624958E-01,+5.826967E-02
1685154600
+7.934021E-01,+6.662969E-02
1685154604
+8.243043E-01,+7.566219E-02
1685154608
+8.517018E-01,+8.446375E-02
1685154611
+8.826240E-01,+9.483896E-02
1685154615
+8.939993E-01,+1.000001E-01
1685154618
+8.900197E-01,+1.000001E-01
1685154622
+8.877304E-01,+1.000001E-01
