1685100642
-1.999219E+00,-4.124173E-04
1685100646
-1.971875E+00,-3.962249E-04
1685100649
-1.941138E+00,-3.800686E-04
1685100653
-1.910414E+00,-3.665079E-04
1685100656
-1.879576E+00,-3.525061E-04
1685100660
-1.848836E+00,-3.386494E-04
1685100664
-1.821459E+00,-3.270654E-04
1685100667
-1.790689E+00,-3.147180E-04
1685100671
-1.760007E+00,-3.028114E-04
1685100674
-1.729361E+00,-2.910504E-04
1685100678
-1.698513E+00,-2.812833E-04
1685100682
-1.671171E+00,-2.712460E-04
1685100685
-1.640523E+00,-2.615022E-04
1685100689
-1.609779E+00,-2.518949E-04
1685100692
-1.578996E+00,-2.429946E-04
1685100696
-1.548077E+00,-2.334791E-04
1685100699
-1.520806E+00,-2.257830E-04
1685100703
-1.490126E+00,-2.173454E-04
1685100707
-1.459057E+00,-2.091392E-04
1685100710
-1.428367E+00,-2.012720E-04
1685100714
-1.401097E+00,-1.947645E-04
1685100717
-1.370358E+00,-1.874017E-04
1685100721
-1.339531E+00,-1.803310E-04
1685100725
-1.308837E+00,-1.737475E-04
1685100728
-1.278103E+00,-1.671743E-04
1685100732
-1.250777E+00,-1.615209E-04
1685100735
-1.219913E+00,-1.552019E-04
1685100739
-1.189251E+00,-1.487893E-04
1685100742
-1.158549E+00,-1.426473E-04
1685100746
-1.127712E+00,-1.368866E-04
1685100750
-1.100415E+00,-1.315315E-04
1685100753
-1.069571E+00,-1.258683E-04
1685100757
-1.038724E+00,-1.203411E-04
1685100760
-1.007791E+00,-1.148822E-04
1685100764
-9.771276E-01,-1.096790E-04
1685100768
-9.498220E-01,-1.051516E-04
1685100771
-9.191632E-01,-1.003276E-04
1685100775
-8.903395E-01,-9.585937E-05
1685100778
-8.595497E-01,-9.101319E-05
1685100782
-8.320498E-01,-8.676714E-05
1685100785
-8.012259E-01,-8.220096E-05
1685100789
-7.703938E-01,-7.780024E-05
1685100793
-7.396075E-01,-7.345832E-05
1685100796
-7.088037E-01,-6.923514E-05
1685100800
-6.813326E-01,-6.550790E-05
1685100803
-6.505678E-01,-6.154965E-05
1685100807
-6.196957E-01,-5.768202E-05
1685100811
-5.887259E-01,-5.381703E-05
1685100814
-5.579138E-01,-4.996356E-05
1685100818
-5.306464E-01,-4.665566E-05
1685100821
-4.997823E-01,-4.315158E-05
1685100825
-4.689653E-01,-3.975271E-05
1685100828
-4.381839E-01,-3.641929E-05
1685100832
-4.073051E-01,-3.317709E-05
1685100836
-3.799300E-01,-3.039146E-05
1685100839
-3.491571E-01,-2.738182E-05
1685100843
-3.183624E-01,-2.445572E-05
1685100846
-2.876219E-01,-2.158259E-05
1685100850
-2.600650E-01,-1.913952E-05
1685100854
-2.293113E-01,-1.649920E-05
1685100857
-1.985800E-01,-1.395450E-05
1685100861
-1.677195E-01,-1.150798E-05
1685100864
-1.388322E-01,-9.376565E-06
1685100868
-1.110310E-01,-7.315857E-06
1685100871
-7.985517E-02,-5.076624E-06
1685100875
-4.854253E-02,-2.898827E-06
1685100879
-1.919160E-02,-9.284692E-07
1685100882
+1.111828E-02,+1.479844E-06
1685100886
+4.231024E-02,+4.474600E-06
1685100889
+7.382996E-02,+9.173969E-06
1685100893
+1.029878E-01,+1.637406E-05
1685100897
+1.307088E-01,+2.954459E-05
1685100900
+1.618741E-01,+5.924354E-05
1685100904
+1.917893E-01,+1.126881E-04
1685100907
+2.227352E-01,+2.179941E-04
1685100911
+2.504745E-01,+3.784786E-04
1685100914
+2.817507E-01,+6.638847E-04
1685100918
+3.115142E-01,+1.049265E-03
1685100922
+3.423690E-01,+1.606328E-03
1685100925
+3.731826E-01,+2.345419E-03
1685100929
+4.006174E-01,+3.185585E-03
1685100932
+4.316360E-01,+4.350016E-03
1685100936
+4.625527E-01,+5.783464E-03
1685100940
+4.936179E-01,+7.525573E-03
1685100943
+5.246890E-01,+9.596730E-03
1685100947
+5.503283E-01,+1.150306E-02
1685100950
+5.811292E-01,+1.414157E-02
1685100954
+6.119415E-01,+1.716203E-02
1685100958
+6.428726E-01,+2.060027E-02
1685100961
+6.736452E-01,+2.444017E-02
1685100965
+7.010157E-01,+2.828171E-02
1685100968
+7.319633E-01,+3.290885E-02
1685100972
+7.627777E-01,+3.802748E-02
1685100975
+7.935702E-01,+4.359627E-02
1685100979
+8.243526E-01,+4.962266E-02
1685100983
+8.517633E-01,+5.552152E-02
1685100986
+8.825918E-01,+6.244133E-02
1685100990
+9.134046E-01,+6.982983E-02
1685100993
+9.442643E-01,+7.766958E-02
1685100997
+9.717467E-01,+8.521600E-02
