1685350333
-1.994248E+00,-1.891509E-02
1685350337
-1.966875E+00,-1.890053E-02
1685350340
-1.936186E+00,-1.885989E-02
1685350344
-1.905331E+00,-1.884360E-02
1685350347
-1.874587E+00,-1.880315E-02
1685350351
-1.843831E+00,-1.876261E-02
1685350355
-1.816514E+00,-1.870098E-02
1685350358
-1.785757E+00,-1.866508E-02
1685350362
-1.755033E+00,-1.859913E-02
1685350365
-1.724349E+00,-1.856271E-02
1685350369
-1.693589E+00,-1.850370E-02
1685350373
-1.666284E+00,-1.844059E-02
1685350376
-1.635600E+00,-1.846096E-02
1685350380
-1.604793E+00,-1.835322E-02
1685350383
-1.574082E+00,-1.834296E-02
1685350387
-1.543251E+00,-1.827147E-02
1685350390
-1.516043E+00,-1.821382E-02
1685350394
-1.485245E+00,-1.820074E-02
1685350398
-1.454316E+00,-1.815413E-02
1685350401
-1.423584E+00,-1.813410E-02
1685350405
-1.396273E+00,-1.810323E-02
1685350408
-1.365554E+00,-1.804663E-02
1685350412
-1.334768E+00,-1.801473E-02
1685350416
-1.304021E+00,-1.799969E-02
1685350419
-1.273201E+00,-1.793184E-02
1685350422
-1.245879E+00,-1.797975E-02
1685350426
-1.215148E+00,-1.793923E-02
1685350430
-1.184437E+00,-1.787587E-02
1685350433
-1.153698E+00,-1.783699E-02
1685350437
-1.122878E+00,-1.780877E-02
1685350440
-1.095517E+00,-1.776581E-02
1685350444
-1.064726E+00,-1.773231E-02
1685350448
-1.033967E+00,-1.770264E-02
1685350451
-1.003019E+00,-1.764783E-02
1685350455
-9.723135E-01,-1.765790E-02
1685350458
-9.449834E-01,-1.763593E-02
1685350462
-9.143298E-01,-1.759799E-02
1685350465
-8.835595E-01,-1.755277E-02
1685350469
-8.528066E-01,-1.752091E-02
1685350472
-8.254308E-01,-1.748152E-02
1685350476
-7.946994E-01,-1.738639E-02
1685350479
-7.640206E-01,-1.736986E-02
1685350483
-7.333615E-01,-1.731050E-02
1685350487
-7.026485E-01,-1.728793E-02
1685350490
-6.753493E-01,-1.726428E-02
1685350494
-6.446570E-01,-1.721361E-02
1685350497
-6.139370E-01,-1.717071E-02
1685350501
-5.830630E-01,-1.712498E-02
1685350505
-5.524033E-01,-1.706511E-02
1685350508
-5.251785E-01,-1.700649E-02
1685350512
-4.944705E-01,-1.697835E-02
1685350515
-4.636966E-01,-1.688528E-02
1685350519
-4.329833E-01,-1.682630E-02
1685350522
-4.021960E-01,-1.676923E-02
1685350526
-3.749295E-01,-1.669254E-02
1685350530
-3.442580E-01,-1.664260E-02
1685350533
-3.135792E-01,-1.654791E-02
1685350537
-2.828344E-01,-1.647822E-02
1685350540
-2.553717E-01,-1.637374E-02
1685350544
-2.246736E-01,-1.628191E-02
1685350548
-1.939955E-01,-1.617057E-02
1685350551
-1.631707E-01,-1.602448E-02
1685350555
-1.324659E-01,-1.589003E-02
1685350558
-1.051801E-01,-1.575456E-02
1685350562
-7.449454E-02,-1.556767E-02
1685350565
-4.364797E-02,-1.538916E-02
1685350569
-1.290318E-02,-1.519011E-02
1685350573
+9.173665E-03,-1.498915E-02
1685350576
+3.976283E-02,-1.472815E-02
1685350580
+7.037201E-02,-1.439265E-02
1685350583
+1.010337E-01,-1.398772E-02
1685350587
+1.283568E-01,-1.355978E-02
1685350591
+1.590411E-01,-1.299834E-02
1685350594
+1.898704E-01,-1.215401E-02
1685350598
+2.206880E-01,-1.112328E-02
1685350601
+2.467101E-01,-1.009205E-02
1685350605
+2.777054E-01,-8.428822E-03
1685350608
+3.089100E-01,-6.397418E-03
1685350612
+3.400913E-01,-3.957200E-03
1685350616
+3.712158E-01,-1.175831E-03
1685350619
+3.989960E-01,+1.655737E-03
1685350623
+4.303708E-01,+5.070839E-03
1685350626
+4.617247E-01,+8.792632E-03
1685350630
+4.909578E-01,+1.229943E-02
1685350634
+5.218187E-01,+1.648930E-02
1685350637
+5.492210E-01,+2.050383E-02
1685350641
+5.800251E-01,+2.533289E-02
1685350644
+6.108636E-01,+3.056149E-02
1685350648
+6.419098E-01,+3.624454E-02
1685350652
+6.726848E-01,+4.232961E-02
1685350655
+7.000687E-01,+4.820018E-02
1685350659
+7.310447E-01,+5.516449E-02
1685350662
+7.619114E-01,+6.265471E-02
1685350666
+7.927740E-01,+7.065343E-02
1685350669
+8.236383E-01,+7.920995E-02
1685350673
+8.510540E-01,+8.737878E-02
1685350677
+8.819506E-01,+9.686826E-02
1685350680
+8.884307E-01,+1.000002E-01
1685350684
+8.856454E-01,+1.000003E-01
1685350687
+8.837841E-01,+1.000002E-01
