1683547185
+2.155457E-04,+5.022345E-06
1683547188
+2.698585E-02,+1.977540E-05
1683547191
+5.097635E-02,+3.340207E-05
1683547193
+7.505862E-02,+4.733875E-05
1683547196
+1.025428E-01,+6.354181E-05
1683547198
+1.266984E-01,+7.886236E-05
1683547201
+1.508258E-01,+9.578204E-05
1683547204
+1.766543E-01,+1.165607E-04
1683547206
+2.007725E-01,+1.439083E-04
1683547208
+2.248747E-01,+1.862955E-04
1683547211
+2.489061E-01,+2.576647E-04
1683547214
+2.764819E-01,+4.070841E-04
1683547216
+3.008619E-01,+6.410446E-04
1683547218
+3.254813E-01,+1.020053E-03
1683547221
+3.511665E-01,+1.543331E-03
1683547224
+3.752069E-01,+2.236145E-03
1683547226
+3.992198E-01,+3.100063E-03
1683547229
+4.268173E-01,+4.275940E-03
1683547231
+4.509914E-01,+5.468386E-03
1683547234
+4.751662E-01,+6.799416E-03
1683547237
+5.027513E-01,+8.477627E-03
1683547239
+5.270135E-01,+1.012308E-02
1683547242
+5.491983E-01,+1.164480E-02
1683547244
+5.765631E-01,+1.380194E-02
1683547247
+6.004674E-01,+1.592976E-02
1683547249
+6.245620E-01,+1.826588E-02
1683547252
+6.519462E-01,+2.115043E-02
1683547255
+6.758890E-01,+2.403716E-02
1683547257
+6.998128E-01,+2.713983E-02
1683547260
+7.272903E-01,+3.095372E-02
1683547262
+7.513247E-01,+3.478465E-02
1683547265
+7.752376E-01,+3.889677E-02
1683547268
+8.026243E-01,+4.384096E-02
1683547270
+8.266520E-01,+4.869967E-02
1683547273
+8.505875E-01,+5.393312E-02
1683547275
+8.780413E-01,+6.013824E-02
1683547278
+9.020554E-01,+6.611913E-02
1683547281
+9.260601E-01,+7.246164E-02
1683547283
+9.535278E-01,+7.989145E-02
1683547286
+9.775024E-01,+8.696678E-02
