1685154732
-1.997062E+00,-1.935701E-02
1685154736
-1.969809E+00,-1.933215E-02
1685154740
-1.939046E+00,-1.931125E-02
1685154743
-1.908304E+00,-1.927483E-02
1685154747
-1.877593E+00,-1.923355E-02
1685154750
-1.846972E+00,-1.919794E-02
1685154754
-1.819622E+00,-1.911743E-02
1685154758
-1.788889E+00,-1.906110E-02
1685154761
-1.758231E+00,-1.903076E-02
1685154765
-1.727572E+00,-1.894956E-02
1685154768
-1.696843E+00,-1.892290E-02
1685154772
-1.669480E+00,-1.888723E-02
1685154775
-1.638837E+00,-1.883744E-02
1685154779
-1.608067E+00,-1.879626E-02
1685154783
-1.577351E+00,-1.872041E-02
1685154786
-1.546520E+00,-1.865868E-02
1685154790
-1.519248E+00,-1.863309E-02
1685154793
-1.488572E+00,-1.860827E-02
1685154797
-1.457661E+00,-1.855580E-02
1685154801
-1.426937E+00,-1.853036E-02
1685154804
-1.399655E+00,-1.844052E-02
1685154808
-1.369016E+00,-1.841023E-02
1685154811
-1.338309E+00,-1.838618E-02
1685154815
-1.307561E+00,-1.834607E-02
1685154818
-1.276804E+00,-1.828750E-02
1685154822
-1.249505E+00,-1.826693E-02
1685154826
-1.218810E+00,-1.818281E-02
1685154829
-1.188137E+00,-1.814675E-02
1685154833
-1.157447E+00,-1.813822E-02
1685154836
-1.126703E+00,-1.804546E-02
1685154840
-1.099370E+00,-1.806793E-02
1685154844
-1.068547E+00,-1.800708E-02
1685154847
-1.037786E+00,-1.796892E-02
1685154851
-1.006826E+00,-1.792409E-02
1685154854
-9.761368E-01,-1.785786E-02
1685154858
-9.487947E-01,-1.783732E-02
1685154862
-9.181646E-01,-1.779564E-02
1685154865
-8.874580E-01,-1.774830E-02
1685154869
-8.567575E-01,-1.769948E-02
1685154872
-8.294128E-01,-1.763948E-02
1685154876
-7.986281E-01,-1.758522E-02
1685154879
-7.679449E-01,-1.746983E-02
1685154883
-7.373075E-01,-1.748920E-02
1685154887
-7.066150E-01,-1.744727E-02
1685154890
-6.791738E-01,-1.741636E-02
1685154894
-6.485031E-01,-1.736146E-02
1685154897
-6.177033E-01,-1.730474E-02
1685154901
-5.868333E-01,-1.722192E-02
1685154905
-5.561059E-01,-1.716375E-02
1685154908
-5.288724E-01,-1.708092E-02
1685154912
-4.981451E-01,-1.703168E-02
1685154915
-4.674410E-01,-1.694143E-02
1685154919
-4.366193E-01,-1.687497E-02
1685154922
-4.058730E-01,-1.678841E-02
1685154926
-3.785543E-01,-1.668540E-02
1685154930
-3.479747E-01,-1.665251E-02
1685154933
-3.172532E-01,-1.652810E-02
1685154937
-2.864575E-01,-1.642327E-02
1685154940
-2.590572E-01,-1.631758E-02
1685154944
-2.284000E-01,-1.619153E-02
1685154948
-1.976234E-01,-1.605548E-02
1685154951
-1.668378E-01,-1.588090E-02
1685154955
-1.361381E-01,-1.573404E-02
1685154958
-1.088646E-01,-1.556817E-02
1685154962
-7.816570E-02,-1.536291E-02
1685154965
-4.741925E-02,-1.515479E-02
1685154969
-1.655188E-02,-1.486201E-02
1685154973
+1.039614E-02,-1.460824E-02
1685154976
+4.110119E-02,-1.425844E-02
1685154980
+7.165109E-02,-1.385669E-02
1685154983
+1.022344E-01,-1.337279E-02
1685154987
+1.296219E-01,-1.282517E-02
1685154991
+1.603277E-01,-1.204224E-02
1685154994
+1.912462E-01,-1.106059E-02
1685154998
+2.221014E-01,-9.859052E-03
1685155001
+2.495298E-01,-8.558204E-03
1685155005
+2.802307E-01,-6.846103E-03
1685155008
+3.110656E-01,-4.865011E-03
1685155012
+3.419057E-01,-2.658128E-03
1685155016
+3.726549E-01,-2.417118E-04
1685155019
+3.998848E-01,+2.123012E-03
1685155023
+4.307600E-01,+4.909843E-03
1685155026
+4.616241E-01,+7.883294E-03
1685155030
+4.923866E-01,+1.106600E-02
1685155034
+5.231784E-01,+1.447958E-02
1685155037
+5.504716E-01,+1.774522E-02
1685155041
+5.812273E-01,+2.164049E-02
1685155044
+6.120630E-01,+2.580677E-02
1685155048
+6.429907E-01,+3.027152E-02
1685155051
+6.738209E-01,+3.501793E-02
1685155055
+7.011766E-01,+3.953974E-02
1685155059
+7.321634E-01,+4.483178E-02
1685155062
+7.629616E-01,+5.039863E-02
1685155066
+7.937241E-01,+5.621983E-02
1685155069
+8.245398E-01,+6.230497E-02
1685155073
+8.520005E-01,+6.802896E-02
1685155077
+8.827597E-01,+7.451383E-02
1685155080
+9.136007E-01,+8.126122E-02
1685155084
+9.444146E-01,+8.813763E-02
1685155087
+9.719117E-01,+9.459638E-02
