1685119687
-1.998251E+00,-4.605750E-04
1685119691
-1.970948E+00,-4.486041E-04
1685119694
-1.940254E+00,-4.349537E-04
1685119698
-1.909469E+00,-4.211935E-04
1685119702
-1.878793E+00,-4.074506E-04
1685119705
-1.848103E+00,-3.937635E-04
1685119709
-1.820819E+00,-3.823047E-04
1685119712
-1.789991E+00,-3.695327E-04
1685119716
-1.759337E+00,-3.566653E-04
1685119720
-1.728603E+00,-3.445079E-04
1685119723
-1.697900E+00,-3.325317E-04
1685119727
-1.670617E+00,-3.221527E-04
1685119730
-1.639852E+00,-3.113452E-04
1685119734
-1.609047E+00,-3.002832E-04
1685119738
-1.578361E+00,-2.897184E-04
1685119741
-1.547675E+00,-2.793199E-04
1685119745
-1.520315E+00,-2.706016E-04
1685119748
-1.489657E+00,-2.612185E-04
1685119752
-1.458710E+00,-2.517615E-04
1685119755
-1.427961E+00,-2.424666E-04
1685119759
-1.400679E+00,-2.342534E-04
1685119763
-1.370020E+00,-2.256932E-04
1685119766
-1.339248E+00,-2.173516E-04
1685119770
-1.308550E+00,-2.092418E-04
1685119773
-1.277836E+00,-2.013445E-04
1685119777
-1.250406E+00,-1.941475E-04
1685119781
-1.219655E+00,-1.865013E-04
1685119784
-1.188924E+00,-1.788676E-04
1685119788
-1.158200E+00,-1.717861E-04
1685119791
-1.127388E+00,-1.645819E-04
1685119795
-1.100163E+00,-1.583654E-04
1685119798
-1.069365E+00,-1.514756E-04
1685119802
-1.038577E+00,-1.448990E-04
1685119806
-1.007714E+00,-1.384265E-04
1685119809
-9.770853E-01,-1.321405E-04
1685119813
-9.496862E-01,-1.265350E-04
1685119816
-9.190008E-01,-1.206141E-04
1685119820
-8.883334E-01,-1.147997E-04
1685119824
-8.575317E-01,-1.091333E-04
1685119827
-8.301692E-01,-1.041443E-04
1685119831
-7.994141E-01,-9.868597E-05
1685119834
-7.686465E-01,-9.318799E-05
1685119838
-7.379964E-01,-8.800522E-05
1685119841
-7.072949E-01,-8.291463E-05
1685119845
-6.799299E-01,-7.846150E-05
1685119849
-6.492055E-01,-7.367232E-05
1685119852
-6.184377E-01,-6.898280E-05
1685119856
-5.876158E-01,-6.440462E-05
1685119859
-5.568491E-01,-5.981018E-05
1685119863
-5.296494E-01,-5.598836E-05
1685119867
-4.988629E-01,-5.173293E-05
1685119870
-4.681235E-01,-4.769594E-05
1685119874
-4.373574E-01,-4.372651E-05
1685119877
-4.066122E-01,-3.981379E-05
1685119881
-3.793067E-01,-3.646520E-05
1685119884
-3.486142E-01,-3.281393E-05
1685119888
-3.179116E-01,-2.936028E-05
1685119892
-2.872624E-01,-2.597542E-05
1685119895
-2.598108E-01,-2.304755E-05
1685119899
-2.289883E-01,-1.991831E-05
1685119902
-1.982565E-01,-1.688787E-05
1685119906
-1.676148E-01,-1.403714E-05
1685119910
-1.369849E-01,-1.128482E-05
1685119913
-1.096352E-01,-8.921929E-06
1685119917
-7.895763E-02,-6.419774E-06
1685119920
-4.813917E-02,-4.011855E-06
1685119924
-1.721229E-02,-1.636041E-06
1685119927
+1.114806E-02,+6.011671E-07
1685119931
+4.182256E-02,+3.213557E-06
1685119935
+7.242283E-02,+6.584316E-06
1685119938
+1.029606E-01,+1.181202E-05
1685119942
+1.302983E-01,+2.008944E-05
1685119945
+1.609945E-01,+3.850623E-05
1685119949
+1.918158E-01,+7.744610E-05
1685119953
+2.226879E-01,+1.566457E-04
1685119956
+2.501225E-01,+2.862029E-04
1685119960
+2.808236E-01,+5.340491E-04
1685119963
+3.115539E-01,+9.311730E-04
1685119967
+3.423018E-01,+1.517255E-03
1685119970
+3.730204E-01,+2.326857E-03
1685119974
+4.002940E-01,+3.281109E-03
1685119978
+4.310484E-01,+4.629600E-03
1685119981
+4.618080E-01,+6.311016E-03
1685119985
+4.926425E-01,+8.365776E-03
1685119988
+5.234221E-01,+1.079918E-02
1685119992
+5.507271E-01,+1.334086E-02
1685119996
+5.815685E-01,+1.657043E-02
1685119999
+6.123796E-01,+2.028435E-02
1685120003
+6.433535E-01,+2.449644E-02
1685120006
+6.741161E-01,+2.919780E-02
1685120010
+7.014716E-01,+3.390110E-02
1685120013
+7.323738E-01,+3.957968E-02
1685120017
+7.631998E-01,+4.584371E-02
1685120021
+7.940626E-01,+5.272910E-02
1685120024
+8.249054E-01,+6.019561E-02
1685120028
+8.523149E-01,+6.747244E-02
1685120031
+8.831944E-01,+7.600283E-02
1685120035
+9.140481E-01,+8.519664E-02
1685120039
+9.449351E-01,+9.509349E-02
1685120042
+9.561374E-01,+9.999940E-02
