1685405409
-1.993771E+00,-1.864035E-02
1685405412
-1.966464E+00,-1.862894E-02
1685405416
-1.935766E+00,-1.861847E-02
1685405420
-1.904963E+00,-1.858747E-02
1685405423
-1.874198E+00,-1.851986E-02
1685405427
-1.843554E+00,-1.850297E-02
1685405430
-1.816196E+00,-1.847712E-02
1685405434
-1.785413E+00,-1.844469E-02
1685405437
-1.754654E+00,-1.838411E-02
1685405441
-1.723924E+00,-1.834967E-02
1685405445
-1.693194E+00,-1.830297E-02
1685405448
-1.665935E+00,-1.828476E-02
1685405452
-1.635214E+00,-1.822842E-02
1685405455
-1.604481E+00,-1.819295E-02
1685405459
-1.573714E+00,-1.813191E-02
1685405463
-1.542915E+00,-1.810007E-02
1685405466
-1.515643E+00,-1.805478E-02
1685405470
-1.484864E+00,-1.803679E-02
1685405473
-1.453986E+00,-1.798556E-02
1685405477
-1.423235E+00,-1.796206E-02
1685405480
-1.395876E+00,-1.794522E-02
1685405484
-1.365185E+00,-1.791707E-02
1685405488
-1.334458E+00,-1.787837E-02
1685405491
-1.303728E+00,-1.785997E-02
1685405495
-1.272988E+00,-1.781028E-02
1685405498
-1.245642E+00,-1.779146E-02
1685405502
-1.214850E+00,-1.776158E-02
1685405506
-1.184172E+00,-1.770234E-02
1685405509
-1.153398E+00,-1.768989E-02
1685405513
-1.122630E+00,-1.765257E-02
1685405516
-1.095302E+00,-1.764741E-02
1685405520
-1.064524E+00,-1.761516E-02
1685405524
-1.033753E+00,-1.758691E-02
1685405527
-1.002772E+00,-1.754052E-02
1685405531
-9.720210E-01,-1.754280E-02
1685405534
-9.447343E-01,-1.749772E-02
1685405538
-9.140505E-01,-1.745555E-02
1685405541
-8.833230E-01,-1.744005E-02
1685405545
-8.526083E-01,-1.738086E-02
1685405549
-8.252692E-01,-1.736803E-02
1685405552
-7.945625E-01,-1.735016E-02
1685405556
-7.638687E-01,-1.730950E-02
1685405559
-7.331849E-01,-1.723650E-02
1685405563
-7.024710E-01,-1.725195E-02
1685405567
-6.750542E-01,-1.722451E-02
1685405570
-6.442592E-01,-1.715764E-02
1685405574
-6.135912E-01,-1.706272E-02
1685405577
-5.826745E-01,-1.706546E-02
1685405581
-5.519798E-01,-1.707727E-02
1685405584
-5.246540E-01,-1.707713E-02
1685405588
-4.939491E-01,-1.702342E-02
1685405592
-4.631518E-01,-1.697527E-02
1685405595
-4.323527E-01,-1.692005E-02
1685405599
-4.016204E-01,-1.687741E-02
1685405602
-3.742644E-01,-1.679519E-02
1685405606
-3.436722E-01,-1.674291E-02
1685405610
-3.129517E-01,-1.671126E-02
1685405613
-2.822043E-01,-1.665252E-02
1685405617
-2.547674E-01,-1.651364E-02
1685405620
-2.240668E-01,-1.646981E-02
1685405624
-1.933170E-01,-1.637262E-02
1685405627
-1.625663E-01,-1.625750E-02
1685405631
-1.318139E-01,-1.613635E-02
1685405635
-1.045573E-01,-1.604776E-02
1685405638
-7.375234E-02,-1.590393E-02
1685405642
-4.296826E-02,-1.574001E-02
1685405645
-1.213165E-02,-1.555345E-02
1685405649
+8.840095E-03,-1.542402E-02
1685405653
+3.947102E-02,-1.519701E-02
1685405656
+7.012530E-02,-1.488031E-02
1685405660
+1.007988E-01,-1.451450E-02
1685405663
+1.281028E-01,-1.416853E-02
1685405667
+1.587312E-01,-1.362452E-02
1685405670
+1.896007E-01,-1.296603E-02
1685405674
+2.204752E-01,-1.203748E-02
1685405678
+2.478635E-01,-1.097594E-02
1685405681
+2.786003E-01,-9.462873E-03
1685405685
+3.094706E-01,-7.535321E-03
1685405688
+3.402667E-01,-5.228047E-03
1685405692
+3.709460E-01,-2.570111E-03
1685405696
+3.982876E-01,+1.715152E-04
1685405699
+4.291679E-01,+3.459517E-03
1685405703
+4.599856E-01,+7.016857E-03
1685405706
+4.906500E-01,+1.077887E-02
1685405710
+5.215036E-01,+1.481497E-02
1685405713
+5.488862E-01,+1.859751E-02
1685405717
+5.796837E-01,+2.309860E-02
1685405721
+6.104447E-01,+2.782963E-02
1685405724
+6.414527E-01,+3.290084E-02
1685405728
+6.721729E-01,+3.820082E-02
1685405731
+6.996046E-01,+4.322340E-02
1685405735
+7.305576E-01,+4.913870E-02
1685405739
+7.613727E-01,+5.534263E-02
1685405742
+7.921439E-01,+6.185311E-02
1685405746
+8.229970E-01,+6.869302E-02
1685405749
+8.504094E-01,+7.513262E-02
1685405753
+8.812560E-01,+8.254955E-02
1685405756
+9.120964E-01,+9.034593E-02
1685405760
+9.429573E-01,+9.832820E-02
1685405764
+9.462454E-01,+1.000008E-01
