1685009112
-1.996730E+00,-1.463772E-03
1685009116
-1.969381E+00,-1.339398E-03
1685009119
-1.938694E+00,-1.250347E-03
1685009123
-1.907891E+00,-1.189469E-03
1685009127
-1.877085E+00,-1.136582E-03
1685009130
-1.846438E+00,-1.088655E-03
1685009134
-1.819094E+00,-1.049376E-03
1685009137
-1.788329E+00,-1.008638E-03
1685009141
-1.757650E+00,-9.731720E-04
1685009144
-1.726916E+00,-9.381468E-04
1685009148
-1.696163E+00,-9.057493E-04
1685009152
-1.668853E+00,-8.769428E-04
1685009155
-1.638175E+00,-8.487582E-04
1685009159
-1.607499E+00,-8.208848E-04
1685009162
-1.576732E+00,-7.937063E-04
1685009166
-1.545921E+00,-7.673005E-04
1685009170
-1.518631E+00,-7.437862E-04
1685009173
-1.487915E+00,-7.196227E-04
1685009177
-1.457007E+00,-6.945630E-04
1685009180
-1.426302E+00,-6.708577E-04
1685009184
-1.398978E+00,-6.510206E-04
1685009187
-1.368311E+00,-6.294724E-04
1685009191
-1.337544E+00,-6.078271E-04
1685009195
-1.306849E+00,-5.863799E-04
1685009198
-1.276098E+00,-5.659276E-04
1685009202
-1.248829E+00,-5.484466E-04
1685009205
-1.218020E+00,-5.278719E-04
1685009209
-1.187310E+00,-5.093798E-04
1685009213
-1.156608E+00,-4.902601E-04
1685009216
-1.125725E+00,-4.713407E-04
1685009220
-1.098461E+00,-4.563039E-04
1685009223
-1.067690E+00,-4.388537E-04
1685009227
-1.036957E+00,-4.215400E-04
1685009230
-1.005890E+00,-4.038163E-04
1685009234
-9.752557E-01,-3.881659E-04
1685009238
-9.479659E-01,-3.734760E-04
1685009241
-9.172623E-01,-3.573131E-04
1685009245
-8.865690E-01,-3.418486E-04
1685009248
-8.558078E-01,-3.270228E-04
1685009252
-8.285013E-01,-3.132361E-04
1685009256
-7.977453E-01,-2.982015E-04
1685009259
-7.670760E-01,-2.834307E-04
1685009263
-7.363718E-01,-2.691258E-04
1685009266
-7.056158E-01,-2.550936E-04
1685009270
-6.782178E-01,-2.429294E-04
1685009274
-6.475210E-01,-2.294079E-04
1685009277
-6.167091E-01,-2.162768E-04
1685009281
-5.858930E-01,-2.035797E-04
1685009284
-5.552011E-01,-1.908129E-04
1685009288
-5.279090E-01,-1.795931E-04
1685009291
-4.972073E-01,-1.675653E-04
1685009295
-4.663910E-01,-1.556745E-04
1685009299
-4.357126E-01,-1.438752E-04
1685009302
-4.049634E-01,-1.324428E-04
1685009306
-3.776361E-01,-1.222550E-04
1685009309
-3.469227E-01,-1.113333E-04
1685009313
-3.162601E-01,-1.003979E-04
1685009317
-2.855434E-01,-8.984111E-05
1685009320
-2.580434E-01,-8.073075E-05
1685009324
-2.273442E-01,-7.047124E-05
1685009327
-1.966073E-01,-6.033891E-05
1685009331
-1.657805E-01,-5.055059E-05
1685009334
-1.350803E-01,-4.090360E-05
1685009338
-1.078174E-01,-3.251837E-05
1685009342
-7.709559E-02,-2.308280E-05
1685009345
-4.640467E-02,-1.366600E-05
1685009349
-1.551108E-02,-3.646257E-06
1685009352
+1.047727E-02,+5.656465E-06
1685009356
+4.108178E-02,+1.802879E-05
1685009360
+7.172550E-02,+3.296979E-05
1685009363
+1.023016E-01,+5.181491E-05
1685009367
+1.296778E-01,+7.388620E-05
1685009370
+1.603715E-01,+1.066671E-04
1685009374
+1.912187E-01,+1.530373E-04
1685009377
+2.220559E-01,+2.244036E-04
1685009381
+2.494187E-01,+3.289076E-04
1685009385
+2.801842E-01,+5.360500E-04
1685009388
+3.109179E-01,+9.230880E-04
1685009392
+3.416841E-01,+1.601949E-03
1685009395
+3.724237E-01,+2.688261E-03
1685009399
+3.996845E-01,+4.054974E-03
1685009403
+4.304535E-01,+6.053167E-03
1685009406
+4.613757E-01,+8.562620E-03
1685009410
+4.920568E-01,+1.151520E-02
1685009413
+5.229684E-01,+1.493273E-02
1685009417
+5.502785E-01,+1.835023E-02
1685009420
+5.810533E-01,+2.250457E-02
1685009424
+6.117883E-01,+2.705220E-02
1685009428
+6.427248E-01,+3.200888E-02
1685009431
+6.735045E-01,+3.730592E-02
1685009435
+7.008588E-01,+4.238819E-02
1685009438
+7.318152E-01,+4.833432E-02
1685009442
+7.626672E-01,+5.462813E-02
1685009446
+7.934733E-01,+6.122814E-02
1685009449
+8.243459E-01,+6.816452E-02
1685009453
+8.517376E-01,+7.464860E-02
1685009456
+8.826616E-01,+8.205342E-02
1685009460
+9.134341E-01,+8.971820E-02
1685009463
+9.442180E-01,+9.759892E-02
1685009467
+9.492034E-01,+9.999962E-02
