1685089936
-1.999531E+00,-3.377270E-04
1685089939
-1.972163E+00,-3.269952E-04
1685089943
-1.941441E+00,-3.156002E-04
1685089947
-1.910640E+00,-3.037260E-04
1685089950
-1.879870E+00,-2.922720E-04
1685089954
-1.849171E+00,-2.814457E-04
1685089957
-1.821762E+00,-2.716806E-04
1685089961
-1.790942E+00,-2.617420E-04
1685089965
-1.760256E+00,-2.522510E-04
1685089968
-1.729525E+00,-2.428503E-04
1685089972
-1.698747E+00,-2.345101E-04
1685089975
-1.671468E+00,-2.268493E-04
1685089979
-1.640806E+00,-2.182938E-04
1685089982
-1.610065E+00,-2.104077E-04
1685089986
-1.579319E+00,-2.026552E-04
1685089990
-1.548498E+00,-1.955462E-04
1685089993
-1.521132E+00,-1.887838E-04
1685089997
-1.490352E+00,-1.821350E-04
1685090000
-1.459457E+00,-1.755923E-04
1685090004
-1.428687E+00,-1.690848E-04
1685090008
-1.401454E+00,-1.636440E-04
1685090011
-1.370773E+00,-1.577530E-04
1685090015
-1.339957E+00,-1.515879E-04
1685090018
-1.309299E+00,-1.458766E-04
1685090022
-1.278533E+00,-1.402586E-04
1685090026
-1.251144E+00,-1.354573E-04
1685090029
-1.220338E+00,-1.301728E-04
1685090033
-1.189619E+00,-1.246530E-04
1685090036
-1.158979E+00,-1.197277E-04
1685090040
-1.128146E+00,-1.148678E-04
1685090043
-1.100827E+00,-1.105311E-04
1685090047
-1.070060E+00,-1.057744E-04
1685090051
-1.039290E+00,-1.009231E-04
1685090054
-1.010316E+00,-9.686657E-05
1685090058
-9.795172E-01,-9.255742E-05
1685090061
-9.521692E-01,-8.856889E-05
1685090065
-9.213518E-01,-8.447312E-05
1685090069
-8.905352E-01,-8.029787E-05
1685090072
-8.598092E-01,-7.634544E-05
1685090076
-8.322881E-01,-7.277060E-05
1685090079
-8.014830E-01,-6.902819E-05
1685090083
-7.707172E-01,-6.536415E-05
1685090086
-7.399289E-01,-6.176567E-05
1685090090
-7.091298E-01,-5.822555E-05
1685090094
-6.816954E-01,-5.516883E-05
1685090097
-6.508884E-01,-5.174999E-05
1685090101
-6.200256E-01,-4.849791E-05
1685090104
-5.890729E-01,-4.535555E-05
1685090108
-5.582445E-01,-4.229159E-05
1685090112
-5.309035E-01,-3.958751E-05
1685090115
-5.000927E-01,-3.671694E-05
1685090119
-4.692278E-01,-3.388524E-05
1685090122
-4.384269E-01,-3.112695E-05
1685090126
-4.076471E-01,-2.845480E-05
1685090129
-3.803257E-01,-2.610904E-05
1685090133
-3.495502E-01,-2.360790E-05
1685090137
-3.187903E-01,-2.116597E-05
1685090140
-2.881104E-01,-1.882411E-05
1685090144
-2.606741E-01,-1.670950E-05
1685090147
-2.297725E-01,-1.449681E-05
1685090151
-1.990277E-01,-1.231040E-05
1685090155
-1.682919E-01,-1.025251E-05
1685090158
-1.391342E-01,-8.444370E-06
1685090162
-1.115102E-01,-6.687263E-06
1685090165
-8.035920E-02,-4.752242E-06
1685090169
-4.911891E-02,-2.827378E-06
1685090172
-1.988113E-02,-9.874825E-07
1685090176
+1.158743E-02,+1.636001E-06
1685090180
+4.294058E-02,+5.309557E-06
1685090183
+7.267920E-02,+1.093444E-05
1685090187
+1.034986E-01,+2.206163E-05
1685090190
+1.312324E-01,+4.108996E-05
1685090194
+1.627131E-01,+8.301480E-05
1685090198
+1.922273E-01,+1.511846E-04
1685090201
+2.232962E-01,+2.797786E-04
1685090205
+2.509699E-01,+4.619492E-04
1685090208
+2.822798E-01,+7.671494E-04
1685090212
+3.118374E-01,+1.149706E-03
1685090215
+3.427360E-01,+1.683932E-03
1685090219
+3.735788E-01,+2.364512E-03
1685090223
+4.008705E-01,+3.112376E-03
1685090226
+4.319376E-01,+4.127791E-03
1685090230
+4.628439E-01,+5.354475E-03
1685090233
+4.937740E-01,+6.828191E-03
1685090237
+5.249322E-01,+8.584389E-03
1685090241
+5.506904E-01,+1.028664E-02
1685090244
+5.814680E-01,+1.245732E-02
1685090248
+6.121139E-01,+1.502002E-02
1685090251
+6.430825E-01,+1.796261E-02
1685090255
+6.738118E-01,+2.126100E-02
1685090258
+7.012665E-01,+2.461634E-02
1685090262
+7.321207E-01,+2.866588E-02
1685090266
+7.628750E-01,+3.316478E-02
1685090269
+7.937047E-01,+3.810795E-02
1685090273
+8.244532E-01,+4.349469E-02
1685090276
+8.518794E-01,+4.877946E-02
1685090280
+8.827193E-01,+5.491108E-02
1685090284
+9.134970E-01,+6.139719E-02
1685090287
+9.444231E-01,+6.837042E-02
1685090291
+9.718606E-01,+7.476537E-02
