1682929784
+6.240843E-04,+1.209201E-06
1682929787
+2.870670E-02,+5.748143E-06
1682929789
+5.326732E-02,+9.953103E-06
1682929792
+7.562366E-02,+1.382876E-05
1682929794
+1.030399E-01,+1.970173E-05
1682929797
+1.271351E-01,+2.658148E-05
1682929799
+1.511444E-01,+3.700587E-05
1682929802
+1.788768E-01,+5.845888E-05
1682929805
+2.035525E-01,+9.475831E-05
1682929807
+2.260747E-01,+1.484546E-04
1682929810
+2.502468E-01,+2.533885E-04
1682929812
+2.778681E-01,+4.638481E-04
1682929815
+3.023419E-01,+7.674970E-04
1682929818
+3.250344E-01,+1.136243E-03
1682929820
+3.525073E-01,+1.766840E-03
1682929823
+3.764783E-01,+2.464432E-03
1682929825
+4.004458E-01,+3.293748E-03
1682929828
+4.280464E-01,+4.397999E-03
1682929831
+4.521283E-01,+5.502194E-03
1682929833
+4.762619E-01,+6.732621E-03
1682929836
+5.037856E-01,+8.284268E-03
1682929838
+5.280092E-01,+9.835297E-03
1682929841
+5.503214E-01,+1.131178E-02
1682929843
+5.777107E-01,+1.337752E-02
1682929846
+6.015735E-01,+1.545167E-02
1682929849
+6.256452E-01,+1.776302E-02
1682929851
+6.530579E-01,+2.063212E-02
1682929854
+6.770450E-01,+2.354903E-02
1682929856
+7.008538E-01,+2.674936E-02
1682929859
+7.283986E-01,+3.072336E-02
1682929862
+7.524688E-01,+3.476931E-02
1682929864
+7.764696E-01,+3.917156E-02
1682929867
+8.038499E-01,+4.457170E-02
1682929869
+8.278026E-01,+4.997982E-02
1682929872
+8.517995E-01,+5.588661E-02
1682929875
+8.792163E-01,+6.298916E-02
1682929877
+9.032682E-01,+7.003362E-02
1682929880
+9.273039E-01,+7.755259E-02
1682929882
+9.547827E-01,+8.643976E-02
1682929885
+9.788278E-01,+9.522580E-02
