1685155672
-1.998351E+00,-5.071115E-04
1685155676
-1.971047E+00,-5.007486E-04
1685155680
-1.940240E+00,-4.905020E-04
1685155683
-1.909505E+00,-4.780906E-04
1685155687
-1.878798E+00,-4.651752E-04
1685155690
-1.848036E+00,-4.519866E-04
1685155694
-1.820801E+00,-4.394689E-04
1685155698
-1.790034E+00,-4.259931E-04
1685155701
-1.759321E+00,-4.126789E-04
1685155705
-1.728615E+00,-3.993794E-04
1685155708
-1.697861E+00,-3.863267E-04
1685155712
-1.670604E+00,-3.748286E-04
1685155715
-1.639913E+00,-3.628561E-04
1685155719
-1.609180E+00,-3.510276E-04
1685155723
-1.578502E+00,-3.395375E-04
1685155726
-1.547686E+00,-3.283547E-04
1685155730
-1.520383E+00,-3.182878E-04
1685155733
-1.489703E+00,-3.079377E-04
1685155737
-1.458773E+00,-2.974233E-04
1685155741
-1.428076E+00,-2.870316E-04
1685155744
-1.400742E+00,-2.778290E-04
1685155748
-1.370093E+00,-2.680251E-04
1685155751
-1.339288E+00,-2.585529E-04
1685155755
-1.308596E+00,-2.493696E-04
1685155758
-1.277878E+00,-2.402707E-04
1685155762
-1.250484E+00,-2.323527E-04
1685155766
-1.219742E+00,-2.233857E-04
1685155769
-1.189148E+00,-2.148256E-04
1685155773
-1.158387E+00,-2.063143E-04
1685155776
-1.127617E+00,-1.981158E-04
1685155780
-1.100341E+00,-1.908654E-04
1685155784
-1.069539E+00,-1.831775E-04
1685155787
-1.038816E+00,-1.754710E-04
1685155791
-1.007830E+00,-1.678915E-04
1685155794
-9.771407E-01,-1.604964E-04
1685155798
-9.498593E-01,-1.540365E-04
1685155802
-9.192027E-01,-1.469091E-04
1685155805
-8.884586E-01,-1.399581E-04
1685155809
-8.576567E-01,-1.333155E-04
1685155812
-8.302863E-01,-1.274227E-04
1685155816
-7.995514E-01,-1.210283E-04
1685155819
-7.689447E-01,-1.145634E-04
1685155823
-7.382392E-01,-1.083817E-04
1685155827
-7.075250E-01,-1.023258E-04
1685155830
-6.801805E-01,-9.703346E-05
1685155834
-6.494605E-01,-9.116481E-05
1685155837
-6.186212E-01,-8.548172E-05
1685155841
-5.877671E-01,-7.991622E-05
1685155845
-5.570513E-01,-7.451916E-05
1685155848
-5.297415E-01,-6.973833E-05
1685155852
-4.990577E-01,-6.460108E-05
1685155855
-4.683278E-01,-5.959930E-05
1685155859
-4.375435E-01,-5.464254E-05
1685155862
-4.067936E-01,-4.993721E-05
1685155866
-3.795124E-01,-4.580312E-05
1685155870
-3.488575E-01,-4.132753E-05
1685155873
-3.181201E-01,-3.688489E-05
1685155877
-2.874410E-01,-3.270075E-05
1685155880
-2.600731E-01,-2.897027E-05
1685155884
-2.293932E-01,-2.506425E-05
1685155888
-1.985991E-01,-2.128081E-05
1685155891
-1.677842E-01,-1.760995E-05
1685155895
-1.370726E-01,-1.410045E-05
1685155898
-1.097939E-01,-1.110089E-05
1685155902
-7.908069E-02,-7.904102E-06
1685155905
-4.821403E-02,-4.814894E-06
1685155909
-1.743159E-02,-1.803238E-06
1685155913
+1.111543E-02,+9.538657E-07
1685155916
+4.179977E-02,+3.936460E-06
1685155920
+7.235984E-02,+7.128343E-06
1685155923
+1.029366E-01,+1.099354E-05
1685155927
+1.302968E-01,+1.593688E-05
1685155931
+1.610086E-01,+2.550210E-05
1685155934
+1.918640E-01,+4.532631E-05
1685155938
+2.226784E-01,+8.863231E-05
1685155941
+2.500945E-01,+1.677265E-04
1685155945
+2.808222E-01,+3.405935E-04
1685155948
+3.115790E-01,+6.582684E-04
1685155952
+3.423408E-01,+1.182399E-03
1685155956
+3.731220E-01,+1.977994E-03
1685155959
+4.003337E-01,+2.965985E-03
1685155963
+4.312350E-01,+4.425856E-03
1685155966
+4.619517E-01,+6.291106E-03
1685155970
+4.927410E-01,+8.590075E-03
1685155973
+5.234287E-01,+1.131096E-02
1685155977
+5.506780E-01,+1.419745E-02
1685155980
+5.814572E-01,+1.786707E-02
1685155984
+6.123083E-01,+2.206638E-02
1685155988
+6.432711E-01,+2.678211E-02
1685155991
+6.740247E-01,+3.200456E-02
1685155995
+7.014140E-01,+3.725873E-02
1685155998
+7.324363E-01,+4.366014E-02
1685156002
+7.632413E-01,+5.065915E-02
1685156006
+7.940395E-01,+5.828327E-02
1685156009
+8.249775E-01,+6.658098E-02
1685156013
+8.523369E-01,+7.473208E-02
1685156016
+8.832629E-01,+8.446782E-02
1685156020
+9.141939E-01,+9.500334E-02
1685156023
+9.245181E-01,+9.999928E-02
1685156027
+9.206125E-01,+9.999921E-02
