1685155200
-1.997858E+00,-6.302157E-04
1685155204
-1.970558E+00,-6.031292E-04
1685155207
-1.939829E+00,-5.810287E-04
1685155211
-1.909043E+00,-5.611809E-04
1685155214
-1.878327E+00,-5.418673E-04
1685155218
-1.847692E+00,-5.217055E-04
1685155222
-1.820365E+00,-5.054970E-04
1685155225
-1.789636E+00,-4.884420E-04
1685155229
-1.758921E+00,-4.723957E-04
1685155232
-1.728226E+00,-4.558423E-04
1685155236
-1.697499E+00,-4.403402E-04
1685155239
-1.670188E+00,-4.269170E-04
1685155243
-1.639549E+00,-4.130450E-04
1685155247
-1.608763E+00,-3.991177E-04
1685155250
-1.577985E+00,-3.864167E-04
1685155254
-1.547164E+00,-3.733537E-04
1685155257
-1.519919E+00,-3.616220E-04
1685155261
-1.489233E+00,-3.495356E-04
1685155265
-1.458344E+00,-3.374709E-04
1685155268
-1.427640E+00,-3.261037E-04
1685155272
-1.400366E+00,-3.158711E-04
1685155275
-1.369599E+00,-3.048950E-04
1685155279
-1.338822E+00,-2.943144E-04
1685155282
-1.308102E+00,-2.834846E-04
1685155286
-1.277422E+00,-2.733562E-04
1685155290
-1.250090E+00,-2.644099E-04
1685155293
-1.219468E+00,-2.546851E-04
1685155297
-1.188669E+00,-2.449487E-04
1685155300
-1.157934E+00,-2.353148E-04
1685155304
-1.127201E+00,-2.259791E-04
1685155308
-1.099961E+00,-2.181952E-04
1685155311
-1.069087E+00,-2.094795E-04
1685155315
-1.038332E+00,-2.006892E-04
1685155318
-1.007347E+00,-1.923483E-04
1685155322
-9.766705E-01,-1.841322E-04
1685155325
-9.493185E-01,-1.765338E-04
1685155329
-9.187077E-01,-1.688085E-04
1685155333
-8.879734E-01,-1.611277E-04
1685155336
-8.572488E-01,-1.534840E-04
1685155340
-8.298813E-01,-1.469548E-04
1685155343
-7.991734E-01,-1.393616E-04
1685155347
-7.684816E-01,-1.321282E-04
1685155351
-7.378654E-01,-1.252229E-04
1685155354
-7.071267E-01,-1.181659E-04
1685155358
-6.796435E-01,-1.121237E-04
1685155361
-6.490247E-01,-1.055491E-04
1685155365
-6.182230E-01,-9.915588E-05
1685155368
-5.873415E-01,-9.277387E-05
1685155372
-5.566071E-01,-8.673592E-05
1685155376
-5.293732E-01,-8.137050E-05
1685155379
-4.987280E-01,-7.540800E-05
1685155383
-4.679601E-01,-6.968564E-05
1685155386
-4.371432E-01,-6.406505E-05
1685155390
-4.064062E-01,-5.860331E-05
1685155393
-3.790780E-01,-5.386332E-05
1685155397
-3.483936E-01,-4.866803E-05
1685155400
-3.177384E-01,-4.361783E-05
1685155404
-2.869883E-01,-3.883575E-05
1685155408
-2.595033E-01,-3.456526E-05
1685155411
-2.288073E-01,-2.993161E-05
1685155415
-1.980946E-01,-2.544140E-05
1685155418
-1.673236E-01,-2.115591E-05
1685155422
-1.366601E-01,-1.697800E-05
1685155426
-1.094037E-01,-1.342468E-05
1685155429
-7.860595E-02,-9.524877E-06
1685155433
-4.786325E-02,-5.739736E-06
1685155436
-1.705219E-02,-2.001298E-06
1685155440
+1.089460E-02,+1.383726E-06
1685155443
+4.158172E-02,+5.178917E-06
1685155447
+7.223546E-02,+9.281792E-06
1685155451
+1.027666E-01,+1.404965E-05
1685155454
+1.301387E-01,+1.973972E-05
1685155458
+1.609334E-01,+2.988080E-05
1685155461
+1.917430E-01,+4.880420E-05
1685155465
+2.225111E-01,+8.728683E-05
1685155469
+2.499223E-01,+1.548306E-04
1685155472
+2.805903E-01,+2.985341E-04
1685155476
+3.113507E-01,+5.603937E-04
1685155479
+3.421979E-01,+9.953810E-04
1685155483
+3.728256E-01,+1.656751E-03
1685155486
+4.000943E-01,+2.477200E-03
1685155490
+4.308380E-01,+3.692153E-03
1685155494
+4.616385E-01,+5.253456E-03
1685155497
+4.923146E-01,+7.179460E-03
1685155501
+5.231918E-01,+9.497220E-03
1685155504
+5.505245E-01,+1.192564E-02
1685155508
+5.812917E-01,+1.501157E-02
1685155512
+6.121262E-01,+1.856008E-02
1685155515
+6.431085E-01,+2.256832E-02
1685155519
+6.738030E-01,+2.701980E-02
1685155522
+7.012391E-01,+3.148680E-02
1685155526
+7.320687E-01,+3.687780E-02
1685155529
+7.628565E-01,+4.279648E-02
1685155533
+7.937302E-01,+4.925879E-02
1685155537
+8.246001E-01,+5.628870E-02
1685155540
+8.519761E-01,+6.324477E-02
1685155544
+8.828341E-01,+7.146529E-02
1685155547
+9.137502E-01,+8.037442E-02
1685155551
+9.445163E-01,+8.986947E-02
1685155555
+9.720618E-01,+9.904242E-02
