1684727517
-2.000213E+00,-1.987362E-02
1684727520
-1.972904E+00,-1.968727E-02
1684727524
-1.942256E+00,-1.954148E-02
1684727528
-1.911404E+00,-1.948266E-02
1684727531
-1.880643E+00,-1.939575E-02
1684727535
-1.849950E+00,-1.932525E-02
1684727538
-1.822594E+00,-1.924594E-02
1684727542
-1.791902E+00,-1.914651E-02
1684727545
-1.761205E+00,-1.904109E-02
1684727549
-1.730448E+00,-1.902022E-02
1684727553
-1.699748E+00,-1.891319E-02
1684727556
-1.672400E+00,-1.883458E-02
1684727560
-1.641737E+00,-1.879301E-02
1684727563
-1.610927E+00,-1.872572E-02
1684727567
-1.580211E+00,-1.863727E-02
1684727571
-1.549489E+00,-1.856181E-02
1684727574
-1.522184E+00,-1.847612E-02
1684727578
-1.491370E+00,-1.837214E-02
1684727581
-1.460540E+00,-1.833038E-02
1684727585
-1.429839E+00,-1.824796E-02
1684727588
-1.402552E+00,-1.818806E-02
1684727592
-1.371888E+00,-1.810749E-02
1684727596
-1.341125E+00,-1.805026E-02
1684727599
-1.310421E+00,-1.798674E-02
1684727603
-1.279636E+00,-1.792518E-02
1684727606
-1.252270E+00,-1.789010E-02
1684727610
-1.221487E+00,-1.785880E-02
1684727614
-1.190784E+00,-1.777027E-02
1684727617
-1.160072E+00,-1.767038E-02
1684727621
-1.129246E+00,-1.766600E-02
1684727624
-1.101969E+00,-1.761044E-02
1684727628
-1.071251E+00,-1.756625E-02
1684727631
-1.040368E+00,-1.750770E-02
1684727635
-1.009517E+00,-1.744610E-02
1684727639
-9.789028E-01,-1.736086E-02
1684727642
-9.515507E-01,-1.736468E-02
1684727646
-9.208658E-01,-1.728869E-02
1684727649
-8.901944E-01,-1.725998E-02
1684727653
-8.593885E-01,-1.721706E-02
1684727657
-8.320324E-01,-1.720427E-02
1684727660
-8.012581E-01,-1.710645E-02
1684727664
-7.706075E-01,-1.706726E-02
1684727667
-7.398570E-01,-1.700869E-02
1684727671
-7.091795E-01,-1.696566E-02
1684727674
-6.818798E-01,-1.690150E-02
1684727678
-6.511084E-01,-1.687885E-02
1684727682
-6.202901E-01,-1.680466E-02
1684727685
-5.894160E-01,-1.676401E-02
1684727689
-5.587078E-01,-1.667786E-02
1684727692
-5.314690E-01,-1.662423E-02
1684727696
-5.007458E-01,-1.659014E-02
1684727700
-4.699284E-01,-1.648651E-02
1684727703
-4.391767E-01,-1.644105E-02
1684727707
-4.084495E-01,-1.636098E-02
1684727710
-3.811323E-01,-1.631557E-02
1684727714
-3.504567E-01,-1.622828E-02
1684727718
-3.197427E-01,-1.615319E-02
1684727721
-2.889744E-01,-1.608322E-02
1684727725
-2.615689E-01,-1.600710E-02
1684727728
-2.308507E-01,-1.591241E-02
1684727732
-2.001276E-01,-1.579619E-02
1684727735
-1.693794E-01,-1.569656E-02
1684727739
-1.386311E-01,-1.556677E-02
1684727743
-1.113807E-01,-1.549002E-02
1684727746
-8.073258E-02,-1.537860E-02
1684727750
-4.996683E-02,-1.520479E-02
1684727753
-1.905181E-02,-1.505086E-02
1684727757
+1.163027E-02,-1.493000E-02
1684727761
+4.226207E-02,-1.472458E-02
1684727764
+7.291721E-02,-1.450037E-02
1684727768
+1.035740E-01,-1.426359E-02
1684727771
+1.308559E-01,-1.402998E-02
1684727775
+1.615402E-01,-1.367335E-02
1684727778
+1.923914E-01,-1.321397E-02
1684727782
+2.232834E-01,-1.258018E-02
1684727786
+2.506596E-01,-1.181284E-02
1684727789
+2.814323E-01,-1.061532E-02
1684727793
+3.121717E-01,-8.970384E-03
1684727796
+3.429019E-01,-6.868957E-03
1684727800
+3.737029E-01,-4.357380E-03
1684727804
+4.009940E-01,-1.899861E-03
1684727807
+4.317818E-01,+1.079461E-03
1684727811
+4.626447E-01,+4.058762E-03
1684727814
+4.933341E-01,+7.065211E-03
1684727818
+5.240476E-01,+1.009449E-02
1684727821
+5.514711E-01,+1.290841E-02
1684727825
+5.823381E-01,+1.620196E-02
1684727829
+6.131118E-01,+1.971744E-02
1684727832
+6.439987E-01,+2.356081E-02
1684727836
+6.747399E-01,+2.774602E-02
1684727839
+7.021019E-01,+3.188910E-02
1684727843
+7.330074E-01,+3.685059E-02
1684727847
+7.638869E-01,+4.226933E-02
1684727850
+7.946323E-01,+4.807312E-02
1684727854
+8.254350E-01,+5.427338E-02
1684727857
+8.528597E-01,+6.027486E-02
1684727861
+8.836316E-01,+6.714767E-02
1684727864
+9.145142E-01,+7.444513E-02
1684727868
+9.454170E-01,+8.218453E-02
1684727872
+9.728724E-01,+8.946831E-02
