1688739738
-1.994566E+00,-1.813829E-02
1688739742
-1.967205E+00,-1.813094E-02
1688739745
-1.936486E+00,-1.813341E-02
1688739749
-1.905695E+00,-1.814503E-02
1688739752
-1.874930E+00,-1.809131E-02
1688739756
-1.844285E+00,-1.809944E-02
1688739759
-1.816903E+00,-1.804025E-02
1688739763
-1.786166E+00,-1.807329E-02
1688739767
-1.755502E+00,-1.801818E-02
1688739770
-1.724738E+00,-1.791896E-02
1688739774
-1.693996E+00,-1.792977E-02
1688739777
-1.666755E+00,-1.787509E-02
1688739781
-1.636079E+00,-1.785995E-02
1688739784
-1.605376E+00,-1.775277E-02
1688739788
-1.574589E+00,-1.767753E-02
1688739791
-1.543822E+00,-1.773155E-02
1688739795
-1.516505E+00,-1.757808E-02
1688739799
-1.485706E+00,-1.760978E-02
1688739802
-1.454776E+00,-1.760205E-02
1688739806
-1.424084E+00,-1.759545E-02
1688739809
-1.396784E+00,-1.744601E-02
1688739813
-1.366036E+00,-1.738341E-02
1688739817
-1.335299E+00,-1.738020E-02
1688739820
-1.304588E+00,-1.740322E-02
1688739824
-1.273818E+00,-1.732230E-02
1688739827
-1.246449E+00,-1.730709E-02
1688739831
-1.215718E+00,-1.728394E-02
1688739834
-1.185020E+00,-1.723403E-02
1688739838
-1.154278E+00,-1.727696E-02
1688739842
-1.123565E+00,-1.727013E-02
1688739845
-1.096289E+00,-1.721587E-02
1688739849
-1.065512E+00,-1.720591E-02
1688739852
-1.034727E+00,-1.710580E-02
1688739856
-1.003789E+00,-1.714755E-02
1688739860
-9.731053E-01,-1.702452E-02
1688739863
-9.456991E-01,-1.706830E-02
1688739867
-9.149961E-01,-1.707177E-02
1688739870
-8.842428E-01,-1.703977E-02
1688739874
-8.534860E-01,-1.693055E-02
1688739877
-8.261251E-01,-1.690652E-02
1688739881
-7.954364E-01,-1.695688E-02
1688739885
-7.647799E-01,-1.690287E-02
1688739888
-7.340351E-01,-1.683866E-02
1688739892
-7.032577E-01,-1.678010E-02
1688739895
-6.759197E-01,-1.683484E-02
1688739899
-6.452091E-01,-1.676163E-02
1688739903
-6.143914E-01,-1.668593E-02
1688739906
-5.835473E-01,-1.665658E-02
1688739910
-5.528757E-01,-1.663681E-02
1688739913
-5.255947E-01,-1.659863E-02
1688739917
-4.949258E-01,-1.650077E-02
1688739920
-4.641191E-01,-1.645102E-02
1688739924
-4.333899E-01,-1.639374E-02
1688739928
-4.025840E-01,-1.642602E-02
1688739931
-3.752464E-01,-1.638083E-02
1688739935
-3.446198E-01,-1.627593E-02
1688739938
-3.138582E-01,-1.626755E-02
1688739942
-2.832049E-01,-1.618411E-02
1688739946
-2.558364E-01,-1.611788E-02
1688739949
-2.250273E-01,-1.608838E-02
1688739953
-1.943257E-01,-1.606246E-02
1688739956
-1.635874E-01,-1.606887E-02
1688739960
-1.328200E-01,-1.580628E-02
1688739963
-1.055098E-01,-1.574281E-02
1688739967
-7.474490E-02,-1.562180E-02
1688739971
-4.391991E-02,-1.546989E-02
1688739974
-1.308240E-02,-1.517211E-02
1688739978
+9.912193E-03,-1.511650E-02
1688739981
+4.061573E-02,-1.491585E-02
1688739985
+7.122921E-02,-1.458836E-02
1688739989
+1.018185E-01,-1.419659E-02
1688739992
+1.291585E-01,-1.385763E-02
1688739996
+1.598429E-01,-1.329852E-02
1688739999
+1.906582E-01,-1.251405E-02
1688740003
+2.215185E-01,-1.155416E-02
1688740006
+2.489161E-01,-1.045599E-02
1688740010
+2.797173E-01,-9.022389E-03
1688740014
+3.104917E-01,-7.354502E-03
1688740017
+3.412727E-01,-5.483533E-03
1688740021
+3.720398E-01,-3.481946E-03
1688740024
+3.992663E-01,-1.612482E-03
1688740028
+4.301283E-01,+6.755486E-04
1688740032
+4.608978E-01,+2.963237E-03
1688740035
+4.917256E-01,+5.317209E-03
1688740039
+5.225100E-01,+7.707065E-03
1688740042
+5.497924E-01,+9.831716E-03
1688740046
+5.805728E-01,+1.224498E-02
1688740050
+6.113765E-01,+1.490350E-02
1688740053
+6.423009E-01,+1.759217E-02
1688740057
+6.730353E-01,+1.956824E-02
1688740060
+7.003602E-01,+1.874620E-02
1688740064
+7.310314E-01,+1.712548E-02
1688740067
+7.616029E-01,+5.207018E-03
1688740071
+7.924607E-01,+3.933960E-03
1688740075
+8.230941E-01,+3.506387E-03
1688740078
+8.503165E-01,+2.284203E-03
1688740082
+8.809941E-01,+8.155706E-04
1688740085
+9.117356E-01,+8.455687E-04
1688740089
+9.424313E-01,+6.781338E-04
1688740093
+9.697629E-01,+5.794580E-04
