1688740725
-1.994423E+00,-6.968272E-04
1688740728
-1.967107E+00,-6.605505E-04
1688740732
-1.936367E+00,-6.290394E-04
1688740736
-1.905612E+00,-6.010611E-04
1688740739
-1.874831E+00,-5.767593E-04
1688740743
-1.844151E+00,-5.538317E-04
1688740746
-1.816820E+00,-5.351182E-04
1688740750
-1.786079E+00,-5.163267E-04
1688740753
-1.755394E+00,-4.971531E-04
1688740757
-1.724732E+00,-4.785468E-04
1688740761
-1.693935E+00,-4.612383E-04
1688740764
-1.666677E+00,-4.466729E-04
1688740768
-1.635939E+00,-4.306337E-04
1688740771
-1.605201E+00,-4.154200E-04
1688740775
-1.574471E+00,-4.006687E-04
1688740779
-1.543663E+00,-3.867051E-04
1688740782
-1.516321E+00,-3.741007E-04
1688740786
-1.485657E+00,-3.613334E-04
1688740789
-1.454763E+00,-3.480863E-04
1688740793
-1.423988E+00,-3.354881E-04
1688740796
-1.396712E+00,-3.245613E-04
1688740800
-1.366097E+00,-3.126492E-04
1688740804
-1.335234E+00,-3.008573E-04
1688740807
-1.304511E+00,-2.898750E-04
1688740811
-1.273779E+00,-2.789753E-04
1688740814
-1.246512E+00,-2.697306E-04
1688740818
-1.215780E+00,-2.592508E-04
1688740822
-1.185068E+00,-2.491658E-04
1688740825
-1.154347E+00,-2.394128E-04
1688740829
-1.123519E+00,-2.296832E-04
1688740832
-1.096292E+00,-2.212925E-04
1688740836
-1.065526E+00,-2.119706E-04
1688740839
-1.034701E+00,-2.028055E-04
1688740843
-1.003750E+00,-1.937339E-04
1688740847
-9.729866E-01,-1.854444E-04
1688740850
-9.457214E-01,-1.778651E-04
1688740854
-9.150282E-01,-1.695589E-04
1688740857
-8.842339E-01,-1.615210E-04
1688740861
-8.535265E-01,-1.534867E-04
1688740865
-8.262250E-01,-1.465775E-04
1688740868
-7.954971E-01,-1.389765E-04
1688740872
-7.647956E-01,-1.315014E-04
1688740875
-7.340710E-01,-1.241214E-04
1688740879
-7.033646E-01,-1.173131E-04
1688740882
-6.759697E-01,-1.110573E-04
1688740886
-6.452834E-01,-1.043090E-04
1688740890
-6.144619E-01,-9.774620E-05
1688740893
-5.836630E-01,-9.135859E-05
1688740897
-5.529026E-01,-8.500477E-05
1688740900
-5.256452E-01,-7.966295E-05
1688740904
-4.949337E-01,-7.367478E-05
1688740908
-4.641176E-01,-6.781676E-05
1688740911
-4.333461E-01,-6.204625E-05
1688740915
-4.026397E-01,-5.661808E-05
1688740918
-3.752239E-01,-5.189545E-05
1688740922
-3.446177E-01,-4.678630E-05
1688740926
-3.139022E-01,-4.184266E-05
1688740929
-2.832559E-01,-3.708624E-05
1688740933
-2.557808E-01,-3.291067E-05
1688740936
-2.250495E-01,-2.841529E-05
1688740940
-1.943441E-01,-2.414758E-05
1688740943
-1.635510E-01,-1.998119E-05
1688740947
-1.328739E-01,-1.602537E-05
1688740951
-1.056132E-01,-1.260369E-05
1688740954
-7.487188E-02,-8.905140E-06
1688740958
-4.405968E-02,-5.341275E-06
1688740961
-1.325083E-02,-1.857888E-06
1688740965
+1.045578E-02,+8.038685E-07
1688740969
+4.110065E-02,+4.223542E-06
1688740972
+7.169883E-02,+7.722852E-06
1688740976
+1.022928E-01,+1.140061E-05
1688740979
+1.297077E-01,+1.497288E-05
1688740983
+1.604668E-01,+1.971298E-05
1688740986
+1.912292E-01,+2.655815E-05
1688740990
+2.221001E-01,+3.856454E-05
1688740994
+2.494983E-01,+6.104134E-05
1688740997
+2.801905E-01,+1.204732E-04
1688741001
+3.109897E-01,+2.690756E-04
1688741004
+3.417355E-01,+6.127877E-04
1688741008
+3.724513E-01,+1.312020E-03
1688741012
+3.997701E-01,+2.355465E-03
1688741015
+4.305334E-01,+4.063739E-03
1688741019
+4.613318E-01,+6.325998E-03
1688741022
+4.920166E-01,+9.059394E-03
1688741026
+5.228866E-01,+1.223283E-02
1688741029
+5.502178E-01,+1.535869E-02
1688741033
+5.809987E-01,+1.911418E-02
1688741037
+6.117203E-01,+2.310838E-02
1688741040
+6.427397E-01,+2.737731E-02
1688741044
+6.734986E-01,+3.185403E-02
1688741047
+7.009528E-01,+3.604227E-02
1688741051
+7.318236E-01,+4.086233E-02
1688741055
+7.626487E-01,+4.587765E-02
1688741058
+7.934601E-01,+5.111041E-02
1688741062
+8.242724E-01,+5.650013E-02
1688741065
+8.516465E-01,+6.148244E-02
1688741069
+8.824340E-01,+6.710377E-02
1688741072
+9.132298E-01,+7.275435E-02
1688741076
+9.440681E-01,+7.844178E-02
1688741080
+9.714826E-01,+8.336552E-02
