1688702481
-2.000398E+00,-1.713614E-02
1688702485
-1.970345E+00,-1.721277E-02
1688702488
-1.940336E+00,-1.718845E-02
1688702492
-1.910655E+00,-1.721746E-02
1688702495
-1.880613E+00,-1.716711E-02
1688702499
-1.850575E+00,-1.707352E-02
1688702502
-1.820552E+00,-1.703886E-02
1688702506
-1.790508E+00,-1.692280E-02
1688702510
-1.760475E+00,-1.692311E-02
1688702513
-1.730455E+00,-1.683742E-02
1688702517
-1.700416E+00,-1.670595E-02
1688702520
-1.670382E+00,-1.664253E-02
1688702524
-1.640704E+00,-1.658481E-02
1688702528
-1.610679E+00,-1.649330E-02
1688702531
-1.580641E+00,-1.638260E-02
1688702535
-1.550621E+00,-1.631231E-02
1688702538
-1.520573E+00,-1.628115E-02
1688702542
-1.490521E+00,-1.620151E-02
1688702545
-1.460508E+00,-1.606979E-02
1688702549
-1.430463E+00,-1.607232E-02
1688702552
-1.400771E+00,-1.594745E-02
1688702556
-1.370733E+00,-1.589620E-02
1688702560
-1.340702E+00,-1.583443E-02
1688702563
-1.310658E+00,-1.571278E-02
1688702567
-1.280594E+00,-1.566271E-02
1688702570
-1.250555E+00,-1.561344E-02
1688702574
-1.220502E+00,-1.556872E-02
1688702577
-1.190443E+00,-1.547283E-02
1688702581
-1.160386E+00,-1.538919E-02
1688702585
-1.130651E+00,-1.536217E-02
1688702588
-1.100601E+00,-1.526316E-02
1688702592
-1.070550E+00,-1.522485E-02
1688702595
-1.040511E+00,-1.515079E-02
1688702599
-1.010443E+00,-1.510350E-02
1688702603
-9.803954E-01,-1.501127E-02
1688702606
-9.503332E-01,-1.496620E-02
1688702610
-9.202599E-01,-1.491315E-02
1688702613
-8.902112E-01,-1.480272E-02
1688702617
-8.605050E-01,-1.477450E-02
1688702620
-8.304517E-01,-1.467456E-02
1688702624
-8.003685E-01,-1.464679E-02
1688702628
-7.703297E-01,-1.457310E-02
1688702631
-7.402608E-01,-1.446888E-02
1688702635
-7.102141E-01,-1.441295E-02
1688702638
-6.801555E-01,-1.436979E-02
1688702642
-6.500873E-01,-1.428606E-02
1688702646
-6.201167E-01,-1.425976E-02
1688702649
-5.904188E-01,-1.416139E-02
1688702653
-5.603500E-01,-1.404190E-02
1688702656
-5.303023E-01,-1.394464E-02
1688702660
-5.002528E-01,-1.382933E-02
1688702663
-4.701889E-01,-1.374250E-02
1688702667
-4.401189E-01,-1.359296E-02
1688702671
-4.100792E-01,-1.355414E-02
1688702674
-3.800182E-01,-1.344587E-02
1688702678
-3.502993E-01,-1.329804E-02
1688702681
-3.202319E-01,-1.318728E-02
1688702685
-2.901869E-01,-1.305004E-02
1688702689
-2.601255E-01,-1.290981E-02
1688702692
-2.300707E-01,-1.275592E-02
1688702696
-2.000119E-01,-1.259062E-02
1688702699
-1.699632E-01,-1.241976E-02
1688702703
-1.399011E-01,-1.220960E-02
1688702706
-1.098484E-01,-1.195614E-02
1688702710
-8.011704E-02,-1.173428E-02
1688702714
-5.006356E-02,-1.145424E-02
1688702717
-1.999638E-02,-1.112649E-02
1688702721
+1.027592E-02,-1.067463E-02
1688702724
+4.035921E-02,-1.014277E-02
1688702728
+7.029255E-02,-9.506368E-03
1688702732
+9.999243E-02,-8.708398E-03
1688702735
+1.300878E-01,-7.769176E-03
1688702739
+1.601769E-01,-6.672976E-03
1688702742
+1.902275E-01,-5.445323E-03
1688702746
+2.202955E-01,-4.087661E-03
1688702749
+2.503823E-01,-2.670101E-03
1688702753
+2.804410E-01,-1.157976E-03
1688702757
+3.105960E-01,+3.985804E-04
1688702760
+3.406192E-01,+1.964507E-03
1688702764
+3.703505E-01,+3.569694E-03
1688702767
+4.004318E-01,+5.256294E-03
1688702771
+4.305133E-01,+7.044516E-03
1688702775
+4.606075E-01,+8.965689E-03
1688702778
+4.905039E-01,+1.104923E-02
1688702782
+5.205786E-01,+1.337447E-02
1688702785
+5.506300E-01,+1.596403E-02
1688702789
+5.806801E-01,+1.885052E-02
1688702792
+6.107322E-01,+2.207683E-02
1688702796
+6.403586E-01,+2.566077E-02
1688702800
+6.704223E-01,+2.967520E-02
1688702803
+7.004908E-01,+3.416069E-02
1688702807
+7.305489E-01,+3.915377E-02
1688702810
+7.606030E-01,+4.468073E-02
1688702814
+7.906750E-01,+5.076063E-02
1688702818
+8.207604E-01,+5.738954E-02
1688702821
+8.508361E-01,+6.465755E-02
1688702825
+8.808850E-01,+7.247919E-02
1688702828
+9.106162E-01,+8.079484E-02
1688702832
+9.406824E-01,+8.973363E-02
1688702835
+9.707422E-01,+9.930938E-02
