1684947766
-1.996359E+00,-1.938120E-02
1684947769
-1.969121E+00,-1.940521E-02
1684947773
-1.938401E+00,-1.938672E-02
1684947776
-1.907544E+00,-1.932676E-02
1684947780
-1.876806E+00,-1.928410E-02
1684947784
-1.846164E+00,-1.925165E-02
1684947787
-1.818757E+00,-1.918201E-02
1684947791
-1.788107E+00,-1.909900E-02
1684947794
-1.757426E+00,-1.904930E-02
1684947798
-1.726772E+00,-1.897147E-02
1684947802
-1.696054E+00,-1.885774E-02
1684947805
-1.668766E+00,-1.883279E-02
1684947809
-1.638032E+00,-1.876494E-02
1684947812
-1.607252E+00,-1.871254E-02
1684947816
-1.576487E+00,-1.866520E-02
1684947819
-1.545672E+00,-1.856466E-02
1684947823
-1.518407E+00,-1.854942E-02
1684947827
-1.487687E+00,-1.845275E-02
1684947830
-1.456743E+00,-1.840597E-02
1684947834
-1.426026E+00,-1.836522E-02
1684947837
-1.398730E+00,-1.827409E-02
1684947841
-1.368027E+00,-1.822081E-02
1684947845
-1.337284E+00,-1.817337E-02
1684947848
-1.306526E+00,-1.809652E-02
1684947852
-1.275771E+00,-1.804281E-02
1684947855
-1.248527E+00,-1.800341E-02
1684947859
-1.217795E+00,-1.795790E-02
1684947862
-1.187138E+00,-1.788919E-02
1684947866
-1.156372E+00,-1.783676E-02
1684947870
-1.125600E+00,-1.779062E-02
1684947873
-1.098327E+00,-1.770687E-02
1684947877
-1.067503E+00,-1.765603E-02
1684947880
-1.036778E+00,-1.761237E-02
1684947884
-1.005849E+00,-1.757404E-02
1684947888
-9.751080E-01,-1.748582E-02
1684947891
-9.478414E-01,-1.744110E-02
1684947895
-9.171931E-01,-1.739626E-02
1684947898
-8.864777E-01,-1.733686E-02
1684947902
-8.557311E-01,-1.728563E-02
1684947905
-8.283551E-01,-1.720513E-02
1684947909
-7.976218E-01,-1.713920E-02
1684947913
-7.669706E-01,-1.708859E-02
1684947916
-7.362610E-01,-1.699291E-02
1684947920
-7.055279E-01,-1.692817E-02
1684947923
-6.781475E-01,-1.690973E-02
1684947927
-6.474503E-01,-1.680107E-02
1684947931
-6.166248E-01,-1.675068E-02
1684947934
-5.857974E-01,-1.666042E-02
1684947938
-5.550821E-01,-1.656366E-02
1684947941
-5.277803E-01,-1.649859E-02
1684947945
-4.971339E-01,-1.643207E-02
1684947948
-4.663292E-01,-1.633791E-02
1684947952
-4.355934E-01,-1.621895E-02
1684947956
-4.047954E-01,-1.615528E-02
1684947959
-3.775254E-01,-1.607395E-02
1684947963
-3.468775E-01,-1.592915E-02
1684947966
-3.161052E-01,-1.584470E-02
1684947970
-2.853556E-01,-1.569514E-02
1684947974
-2.579329E-01,-1.556869E-02
1684947977
-2.271916E-01,-1.542741E-02
1684947981
-1.964685E-01,-1.525660E-02
1684947984
-1.657831E-01,-1.510171E-02
1684947988
-1.350744E-01,-1.491063E-02
1684947991
-1.078061E-01,-1.473553E-02
1684947995
-7.706804E-02,-1.453500E-02
1684947999
-4.615574E-02,-1.424843E-02
1684948002
-1.539773E-02,-1.398301E-02
1684948006
+9.975417E-03,-1.373336E-02
1684948009
+4.063783E-02,-1.334903E-02
1684948013
+7.135113E-02,-1.289484E-02
1684948017
+1.019184E-01,-1.233922E-02
1684948020
+1.292766E-01,-1.174607E-02
1684948024
+1.600357E-01,-1.090080E-02
1684948027
+1.908132E-01,-9.854754E-03
1684948031
+2.216856E-01,-8.558465E-03
1684948034
+2.490155E-01,-7.206502E-03
1684948038
+2.797921E-01,-5.478946E-03
1684948042
+3.105738E-01,-3.541941E-03
1684948045
+3.413671E-01,-1.444152E-03
1684948049
+3.721203E-01,+8.761581E-04
1684948052
+3.993750E-01,+3.024938E-03
1684948056
+4.302683E-01,+5.617554E-03
1684948060
+4.610783E-01,+8.421558E-03
1684948063
+4.917934E-01,+1.146269E-02
1684948067
+5.225456E-01,+1.479060E-02
1684948070
+5.498886E-01,+1.802758E-02
1684948074
+5.807053E-01,+2.195714E-02
1684948077
+6.115770E-01,+2.624862E-02
1684948081
+6.425052E-01,+3.091061E-02
1684948085
+6.731933E-01,+3.590534E-02
1684948088
+7.006692E-01,+4.073569E-02
1684948092
+7.315891E-01,+4.638560E-02
1684948095
+7.624330E-01,+5.235007E-02
1684948099
+7.932606E-01,+5.861855E-02
1684948103
+8.240788E-01,+6.515990E-02
1684948106
+8.515019E-01,+7.123572E-02
1684948110
+8.822776E-01,+7.811277E-02
1684948113
+9.131502E-01,+8.516629E-02
1684948117
+9.440233E-01,+9.222637E-02
1684948120
+9.714620E-01,+9.866909E-02
