1688740264
-1.994210E+00,-1.065676E-03
1688740268
-1.966911E+00,-1.011860E-03
1688740271
-1.936141E+00,-9.680007E-04
1688740275
-1.905441E+00,-9.286461E-04
1688740278
-1.874694E+00,-8.938268E-04
1688740282
-1.843943E+00,-8.603997E-04
1688740286
-1.816607E+00,-8.331785E-04
1688740289
-1.785841E+00,-8.043216E-04
1688740293
-1.755180E+00,-7.767104E-04
1688740296
-1.724493E+00,-7.500113E-04
1688740300
-1.693778E+00,-7.237576E-04
1688740304
-1.666495E+00,-7.021039E-04
1688740307
-1.635785E+00,-6.773910E-04
1688740311
-1.605013E+00,-6.549876E-04
1688740314
-1.574315E+00,-6.330710E-04
1688740318
-1.543491E+00,-6.114036E-04
1688740322
-1.516187E+00,-5.918553E-04
1688740325
-1.485468E+00,-5.720872E-04
1688740329
-1.454570E+00,-5.526307E-04
1688740332
-1.423870E+00,-5.323914E-04
1688740336
-1.396556E+00,-5.156095E-04
1688740339
-1.365799E+00,-4.971836E-04
1688740343
-1.335028E+00,-4.794068E-04
1688740347
-1.304368E+00,-4.617059E-04
1688740350
-1.273601E+00,-4.445134E-04
1688740354
-1.246295E+00,-4.293523E-04
1688740357
-1.215525E+00,-4.128462E-04
1688740361
-1.184839E+00,-3.962934E-04
1688740365
-1.154165E+00,-3.807199E-04
1688740368
-1.123349E+00,-3.649674E-04
1688740372
-1.096035E+00,-3.513841E-04
1688740375
-1.065269E+00,-3.363149E-04
1688740379
-1.034499E+00,-3.220786E-04
1688740382
-1.003518E+00,-3.080406E-04
1688740386
-9.728574E-01,-2.935934E-04
1688740390
-9.454663E-01,-2.812530E-04
1688740393
-9.148288E-01,-2.680836E-04
1688740397
-8.841188E-01,-2.551314E-04
1688740400
-8.533050E-01,-2.427686E-04
1688740404
-8.259154E-01,-2.312187E-04
1688740408
-7.952010E-01,-2.193288E-04
1688740411
-7.645976E-01,-2.075479E-04
1688740415
-7.338527E-01,-1.959647E-04
1688740418
-7.031346E-01,-1.845600E-04
1688740422
-6.757978E-01,-1.746923E-04
1688740425
-6.451696E-01,-1.641833E-04
1688740429
-6.143098E-01,-1.536117E-04
1688740433
-5.834463E-01,-1.433779E-04
1688740436
-5.527667E-01,-1.334618E-04
1688740440
-5.254958E-01,-1.248434E-04
1688740443
-4.947860E-01,-1.154823E-04
1688740447
-4.639294E-01,-1.063376E-04
1688740451
-4.332388E-01,-9.750773E-05
1688740454
-4.024206E-01,-8.892681E-05
1688740458
-3.751222E-01,-8.141751E-05
1688740461
-3.444400E-01,-7.339992E-05
1688740465
-3.138184E-01,-6.551114E-05
1688740468
-2.831204E-01,-5.797309E-05
1688740472
-2.556443E-01,-5.139571E-05
1688740476
-2.248912E-01,-4.428673E-05
1688740479
-1.941622E-01,-3.743666E-05
1688740483
-1.634817E-01,-3.087099E-05
1688740486
-1.327778E-01,-2.453964E-05
1688740490
-1.054652E-01,-1.914733E-05
1688740494
-7.467954E-02,-1.330009E-05
1688740497
-4.385552E-02,-7.672601E-06
1688740501
-1.304484E-02,-2.152275E-06
1688740504
+1.036746E-02,+1.976712E-06
1688740508
+4.098828E-02,+7.380589E-06
1688740511
+7.152320E-02,+1.278447E-05
1688740515
+1.022308E-01,+1.843351E-05
1688740519
+1.295073E-01,+2.374691E-05
1688740522
+1.602924E-01,+3.051040E-05
1688740526
+1.911634E-01,+3.934063E-05
1688740529
+2.220045E-01,+5.375156E-05
1688740533
+2.493801E-01,+7.869583E-05
1688740537
+2.800619E-01,+1.418934E-04
1688740540
+3.108895E-01,+2.942455E-04
1688740544
+3.416354E-01,+6.363809E-04
1688740547
+3.723588E-01,+1.304039E-03
1688740551
+3.995668E-01,+2.264768E-03
1688740554
+4.303236E-01,+3.799224E-03
1688740558
+4.610777E-01,+5.797276E-03
1688740562
+4.918396E-01,+8.211617E-03
1688740565
+5.226687E-01,+1.098860E-02
1688740569
+5.499996E-01,+1.370651E-02
1688740572
+5.808479E-01,+1.700435E-02
1688740576
+6.116021E-01,+2.053661E-02
1688740580
+6.425574E-01,+2.434095E-02
1688740583
+6.733359E-01,+2.839752E-02
1688740587
+7.006115E-01,+3.225545E-02
1688740590
+7.315742E-01,+3.677191E-02
1688740594
+7.624251E-01,+4.153319E-02
1688740597
+7.931910E-01,+4.654954E-02
1688740601
+8.239659E-01,+5.189098E-02
1688740605
+8.513392E-01,+5.696471E-02
1688740608
+8.821760E-01,+6.276637E-02
1688740612
+9.130134E-01,+6.882757E-02
1688740615
+9.438812E-01,+7.512370E-02
1688740619
+9.712622E-01,+8.104334E-02
