1684954804
-1.996192E+00,-1.939743E-02
1684954807
-1.968915E+00,-1.935790E-02
1684954811
-1.938172E+00,-1.931591E-02
1684954814
-1.907435E+00,-1.926028E-02
1684954818
-1.876698E+00,-1.920860E-02
1684954821
-1.846023E+00,-1.916662E-02
1684954825
-1.818668E+00,-1.910252E-02
1684954829
-1.787882E+00,-1.905239E-02
1684954832
-1.757188E+00,-1.896100E-02
1684954836
-1.726435E+00,-1.890362E-02
1684954839
-1.695675E+00,-1.888563E-02
1684954843
-1.668440E+00,-1.884272E-02
1684954847
-1.637770E+00,-1.877775E-02
1684954850
-1.607025E+00,-1.872246E-02
1684954854
-1.576331E+00,-1.864242E-02
1684954857
-1.545535E+00,-1.856565E-02
1684954861
-1.518175E+00,-1.855139E-02
1684954864
-1.487418E+00,-1.843200E-02
1684954868
-1.456543E+00,-1.838872E-02
1684954872
-1.425916E+00,-1.836541E-02
1684954875
-1.398576E+00,-1.831080E-02
1684954879
-1.367881E+00,-1.824500E-02
1684954882
-1.337069E+00,-1.820262E-02
1684954886
-1.306308E+00,-1.814461E-02
1684954890
-1.275633E+00,-1.807365E-02
1684954893
-1.248278E+00,-1.801751E-02
1684954897
-1.217607E+00,-1.797059E-02
1684954900
-1.186931E+00,-1.793683E-02
1684954904
-1.156158E+00,-1.791692E-02
1684954907
-1.125364E+00,-1.784516E-02
1684954911
-1.098082E+00,-1.779971E-02
1684954915
-1.067307E+00,-1.773629E-02
1684954918
-1.036607E+00,-1.770040E-02
1684954922
-1.005609E+00,-1.766066E-02
1684954925
-9.748738E-01,-1.763434E-02
1684954929
-9.475983E-01,-1.755458E-02
1684954933
-9.169124E-01,-1.753443E-02
1684954936
-8.862131E-01,-1.747621E-02
1684954940
-8.555639E-01,-1.744955E-02
1684954943
-8.282138E-01,-1.740430E-02
1684954947
-7.974996E-01,-1.736941E-02
1684954950
-7.668296E-01,-1.729949E-02
1684954954
-7.361565E-01,-1.727146E-02
1684954958
-7.053431E-01,-1.719115E-02
1684954961
-6.780019E-01,-1.714891E-02
1684954965
-6.472687E-01,-1.708253E-02
1684954968
-6.165054E-01,-1.703943E-02
1684954972
-5.856354E-01,-1.698697E-02
1684954976
-5.549762E-01,-1.692272E-02
1684954979
-5.277303E-01,-1.685967E-02
1684954983
-4.970271E-01,-1.678546E-02
1684954986
-4.662446E-01,-1.673048E-02
1684954990
-4.355106E-01,-1.663068E-02
1684954993
-4.046839E-01,-1.656716E-02
1684954997
-3.773438E-01,-1.649934E-02
1684955001
-3.466364E-01,-1.643681E-02
1684955004
-3.159692E-01,-1.635242E-02
1684955008
-2.852325E-01,-1.623920E-02
1684955011
-2.577949E-01,-1.616261E-02
1684955015
-2.270450E-01,-1.604714E-02
1684955019
-1.962718E-01,-1.590934E-02
1684955022
-1.655403E-01,-1.581220E-02
1684955026
-1.348247E-01,-1.563526E-02
1684955029
-1.075880E-01,-1.552283E-02
1684955033
-7.686568E-02,-1.534082E-02
1684955036
-4.601995E-02,-1.519783E-02
1684955040
-1.518508E-02,-1.495704E-02
1684955044
+9.897099E-03,-1.476378E-02
1684955047
+4.060133E-02,-1.444553E-02
1684955051
+7.121716E-02,-1.413697E-02
1684955054
+1.018138E-01,-1.372408E-02
1684955058
+1.291595E-01,-1.327869E-02
1684955062
+1.598570E-01,-1.263522E-02
1684955065
+1.906663E-01,-1.175720E-02
1684955069
+2.214897E-01,-1.060182E-02
1684955072
+2.489306E-01,-9.276845E-03
1684955076
+2.796063E-01,-7.433875E-03
1684955079
+3.104148E-01,-5.173115E-03
1684955083
+3.412416E-01,-2.588603E-03
1684955087
+3.720141E-01,+3.746480E-04
1684955090
+3.993664E-01,+3.192857E-03
1684955094
+4.302182E-01,+6.613689E-03
1684955097
+4.610291E-01,+1.032380E-02
1684955101
+4.917873E-01,+1.438799E-02
1684955105
+5.226843E-01,+1.887257E-02
1684955108
+5.500331E-01,+2.324608E-02
1684955112
+5.807999E-01,+2.857536E-02
1684955115
+6.116516E-01,+3.444959E-02
1684955119
+6.426683E-01,+4.099327E-02
1684955122
+6.735668E-01,+4.815326E-02
1684955126
+7.009556E-01,+5.517181E-02
1684955130
+7.318832E-01,+6.354061E-02
1684955133
+7.627816E-01,+7.261584E-02
1684955137
+7.936440E-01,+8.241412E-02
1684955140
+8.245566E-01,+9.299960E-02
1684955144
+8.418184E-01,+9.999984E-02
1684955148
+8.377162E-01,+9.999982E-02
1684955151
+8.355507E-01,+9.999979E-02
1684955155
+8.337151E-01,+9.999982E-02
1684955158
+8.320020E-01,+9.999981E-02
