1685501608
-1.996921E+00,-1.845245E-02
1685501611
-1.969625E+00,-1.847555E-02
1685501615
-1.938845E+00,-1.840071E-02
1685501619
-1.908086E+00,-1.840511E-02
1685501622
-1.877371E+00,-1.838606E-02
1685501626
-1.846622E+00,-1.838040E-02
1685501629
-1.819325E+00,-1.833608E-02
1685501633
-1.788544E+00,-1.828921E-02
1685501636
-1.757788E+00,-1.825103E-02
1685501640
-1.727026E+00,-1.822056E-02
1685501644
-1.696295E+00,-1.816409E-02
1685501647
-1.668969E+00,-1.813391E-02
1685501651
-1.638307E+00,-1.809039E-02
1685501654
-1.607543E+00,-1.809144E-02
1685501658
-1.576837E+00,-1.801676E-02
1685501662
-1.546047E+00,-1.798439E-02
1685501665
-1.518865E+00,-1.796385E-02
1685501669
-1.488073E+00,-1.791994E-02
1685501672
-1.457181E+00,-1.788254E-02
1685501676
-1.426409E+00,-1.788317E-02
1685501680
-1.399155E+00,-1.780204E-02
1685501683
-1.368526E+00,-1.776317E-02
1685501687
-1.337744E+00,-1.777117E-02
1685501690
-1.306986E+00,-1.772343E-02
1685501694
-1.276252E+00,-1.771876E-02
1685501697
-1.248844E+00,-1.768671E-02
1685501701
-1.218111E+00,-1.766623E-02
1685501705
-1.187367E+00,-1.765446E-02
1685501708
-1.156680E+00,-1.764268E-02
1685501712
-1.125910E+00,-1.760451E-02
1685501715
-1.098574E+00,-1.756273E-02
1685501719
-1.067819E+00,-1.755077E-02
1685501723
-1.037097E+00,-1.750786E-02
1685501726
-1.006163E+00,-1.749194E-02
1685501730
-9.754415E-01,-1.744065E-02
1685501733
-9.481548E-01,-1.744435E-02
1685501737
-9.175218E-01,-1.741814E-02
1685501740
-8.867607E-01,-1.740713E-02
1685501744
-8.560292E-01,-1.733358E-02
1685501748
-8.287216E-01,-1.731305E-02
1685501751
-7.979727E-01,-1.730627E-02
1685501755
-7.672240E-01,-1.724019E-02
1685501758
-7.365944E-01,-1.722144E-02
1685501762
-7.059372E-01,-1.717189E-02
1685501766
-6.785004E-01,-1.713592E-02
1685501769
-6.477559E-01,-1.711338E-02
1685501773
-6.169428E-01,-1.707975E-02
1685501776
-5.860046E-01,-1.707078E-02
1685501780
-5.553868E-01,-1.704718E-02
1685501783
-5.281052E-01,-1.702112E-02
1685501787
-4.974138E-01,-1.701708E-02
1685501791
-4.665459E-01,-1.696587E-02
1685501794
-4.358320E-01,-1.690977E-02
1685501798
-4.051183E-01,-1.683090E-02
1685501801
-3.777432E-01,-1.681073E-02
1685501805
-3.471279E-01,-1.675381E-02
1685501809
-3.163725E-01,-1.674049E-02
1685501812
-2.857013E-01,-1.665369E-02
1685501816
-2.582720E-01,-1.661807E-02
1685501819
-2.275098E-01,-1.654436E-02
1685501823
-1.968152E-01,-1.649465E-02
1685501826
-1.660614E-01,-1.637831E-02
1685501830
-1.352984E-01,-1.631179E-02
1685501834
-1.080544E-01,-1.619711E-02
1685501837
-7.738905E-02,-1.611879E-02
1685501841
-4.655018E-02,-1.597326E-02
1685501844
-1.563376E-02,-1.584517E-02
1685501848
+1.013385E-02,-1.572289E-02
1685501852
+4.083373E-02,-1.554130E-02
1685501855
+7.140770E-02,-1.529490E-02
1685501859
+1.020500E-01,-1.501895E-02
1685501862
+1.294298E-01,-1.476379E-02
1685501866
+1.601496E-01,-1.433803E-02
1685501869
+1.910613E-01,-1.379596E-02
1685501873
+2.218854E-01,-1.310909E-02
1685501877
+2.491711E-01,-1.228343E-02
1685501880
+2.800019E-01,-1.097650E-02
1685501884
+3.093857E-01,-9.374628E-03
1685501887
+3.405284E-01,-7.089727E-03
1685501891
+3.717386E-01,-4.240796E-03
1685501895
+3.994562E-01,-1.282083E-03
1685501898
+4.308941E-01,+2.591744E-03
1685501902
+4.623679E-01,+6.745812E-03
1685501905
+4.918852E-01,+1.070146E-02
1685501909
+5.229211E-01,+1.524116E-02
1685501912
+5.502324E-01,+1.943061E-02
1685501916
+5.809964E-01,+2.432223E-02
1685501920
+6.118149E-01,+2.941635E-02
1685501923
+6.428666E-01,+3.478115E-02
1685501927
+6.736825E-01,+4.034263E-02
1685501930
+7.009720E-01,+4.551762E-02
1685501934
+7.319377E-01,+5.150685E-02
1685501938
+7.627126E-01,+5.774456E-02
1685501941
+7.935838E-01,+6.430499E-02
1685501945
+8.244409E-01,+7.112616E-02
1685501948
+8.517940E-01,+7.747704E-02
1685501952
+8.827264E-01,+8.476219E-02
1685501955
+9.135471E-01,+9.230800E-02
1685501959
+9.435288E-01,+9.999325E-02
1685501963
+9.396225E-01,+9.999978E-02
