1684948194
-1.997053E+00,-1.937962E-02
1684948197
-1.969725E+00,-1.934780E-02
1684948201
-1.939057E+00,-1.932541E-02
1684948205
-1.908296E+00,-1.925603E-02
1684948208
-1.877490E+00,-1.921090E-02
1684948212
-1.846877E+00,-1.918316E-02
1684948215
-1.819532E+00,-1.910659E-02
1684948219
-1.788734E+00,-1.905480E-02
1684948223
-1.758057E+00,-1.898044E-02
1684948226
-1.727291E+00,-1.890791E-02
1684948230
-1.696586E+00,-1.885630E-02
1684948233
-1.669407E+00,-1.883989E-02
1684948237
-1.638627E+00,-1.872552E-02
1684948240
-1.607887E+00,-1.868619E-02
1684948244
-1.577177E+00,-1.862304E-02
1684948248
-1.546379E+00,-1.856319E-02
1684948251
-1.519105E+00,-1.853400E-02
1684948255
-1.488310E+00,-1.845591E-02
1684948258
-1.457428E+00,-1.834743E-02
1684948262
-1.426697E+00,-1.833495E-02
1684948266
-1.399411E+00,-1.830198E-02
1684948269
-1.368669E+00,-1.821673E-02
1684948273
-1.337936E+00,-1.818104E-02
1684948276
-1.307266E+00,-1.815317E-02
1684948280
-1.276519E+00,-1.807435E-02
1684948283
-1.249200E+00,-1.803700E-02
1684948287
-1.218431E+00,-1.798338E-02
1684948291
-1.187731E+00,-1.794733E-02
1684948294
-1.157094E+00,-1.791207E-02
1684948298
-1.126294E+00,-1.783750E-02
1684948301
-1.098997E+00,-1.778239E-02
1684948305
-1.068184E+00,-1.773821E-02
1684948309
-1.037367E+00,-1.768398E-02
1684948312
-1.006387E+00,-1.763427E-02
1684948316
-9.756827E-01,-1.760507E-02
1684948319
-9.483889E-01,-1.755159E-02
1684948323
-9.176568E-01,-1.750698E-02
1684948326
-8.869712E-01,-1.749697E-02
1684948330
-8.562153E-01,-1.746366E-02
1684948334
-8.288672E-01,-1.735876E-02
1684948337
-7.981026E-01,-1.730005E-02
1684948341
-7.674231E-01,-1.725590E-02
1684948344
-7.367654E-01,-1.720518E-02
1684948348
-7.059591E-01,-1.717583E-02
1684948352
-6.786527E-01,-1.707875E-02
1684948355
-6.479205E-01,-1.703615E-02
1684948359
-6.170719E-01,-1.696735E-02
1684948362
-5.862615E-01,-1.690343E-02
1684948366
-5.555323E-01,-1.682277E-02
1684948370
-5.282815E-01,-1.678811E-02
1684948373
-4.975136E-01,-1.668974E-02
1684948377
-4.667683E-01,-1.665080E-02
1684948380
-4.360088E-01,-1.657750E-02
1684948384
-4.052694E-01,-1.647780E-02
1684948387
-3.779263E-01,-1.640525E-02
1684948391
-3.472602E-01,-1.631013E-02
1684948395
-3.166342E-01,-1.619766E-02
1684948398
-2.859047E-01,-1.610676E-02
1684948402
-2.584848E-01,-1.601963E-02
1684948405
-2.277028E-01,-1.588451E-02
1684948409
-1.970093E-01,-1.575519E-02
1684948413
-1.661781E-01,-1.559093E-02
1684948416
-1.354411E-01,-1.545036E-02
1684948420
-1.081939E-01,-1.528192E-02
1684948423
-7.747870E-02,-1.511664E-02
1684948427
-4.667923E-02,-1.490888E-02
1684948430
-1.585474E-02,-1.467416E-02
1684948434
+1.017794E-02,-1.445799E-02
1684948438
+4.083760E-02,-1.414656E-02
1684948441
+7.145140E-02,-1.375303E-02
1684948445
+1.021102E-01,-1.331010E-02
1684948448
+1.294622E-01,-1.279251E-02
1684948452
+1.601703E-01,-1.207465E-02
1684948456
+1.909909E-01,-1.112545E-02
1684948459
+2.219416E-01,-9.859222E-03
1684948463
+2.492586E-01,-8.474207E-03
1684948466
+2.800033E-01,-6.586118E-03
1684948470
+3.108540E-01,-4.377471E-03
1684948473
+3.416212E-01,-1.904760E-03
1684948477
+3.723117E-01,+8.756889E-04
1684948481
+3.996929E-01,+3.490317E-03
1684948484
+4.305802E-01,+6.644366E-03
1684948488
+4.613625E-01,+1.004329E-02
1684948491
+4.920720E-01,+1.372204E-02
1684948495
+5.228810E-01,+1.772982E-02
1684948499
+5.501988E-01,+2.161336E-02
1684948502
+5.810403E-01,+2.633944E-02
1684948506
+6.118549E-01,+3.151351E-02
1684948509
+6.428489E-01,+3.716357E-02
1684948513
+6.736420E-01,+4.325897E-02
1684948516
+7.011417E-01,+4.921494E-02
1684948520
+7.320321E-01,+5.619815E-02
1684948524
+7.628928E-01,+6.369630E-02
1684948527
+7.937475E-01,+7.172446E-02
1684948531
+8.245662E-01,+8.018130E-02
1684948534
+8.520492E-01,+8.824057E-02
1684948538
+8.829247E-01,+9.747826E-02
1684948542
+8.874997E-01,+9.999970E-02
1684948545
+8.846344E-01,+9.999968E-02
1684948549
+8.827467E-01,+9.999958E-02
