1685007517
-1.994753E+00,-1.989599E-02
1685007521
-1.967486E+00,-1.987914E-02
1685007525
-1.936807E+00,-1.984391E-02
1685007528
-1.905955E+00,-1.980677E-02
1685007532
-1.875239E+00,-1.969556E-02
1685007535
-1.844559E+00,-1.967474E-02
1685007539
-1.817215E+00,-1.958973E-02
1685007543
-1.786509E+00,-1.953160E-02
1685007546
-1.755823E+00,-1.948473E-02
1685007550
-1.725120E+00,-1.939122E-02
1685007553
-1.694369E+00,-1.933988E-02
1685007557
-1.667030E+00,-1.930561E-02
1685007560
-1.636334E+00,-1.926214E-02
1685007564
-1.605492E+00,-1.922996E-02
1685007568
-1.574779E+00,-1.918355E-02
1685007571
-1.543994E+00,-1.911984E-02
1685007575
-1.516708E+00,-1.905052E-02
1685007578
-1.485936E+00,-1.904736E-02
1685007582
-1.455053E+00,-1.893392E-02
1685007586
-1.424317E+00,-1.890297E-02
1685007589
-1.397019E+00,-1.889640E-02
1685007593
-1.366332E+00,-1.881976E-02
1685007596
-1.335496E+00,-1.878906E-02
1685007600
-1.304776E+00,-1.876234E-02
1685007603
-1.274052E+00,-1.868491E-02
1685007607
-1.246759E+00,-1.865112E-02
1685007611
-1.215977E+00,-1.858912E-02
1685007614
-1.185240E+00,-1.859479E-02
1685007618
-1.154501E+00,-1.851841E-02
1685007621
-1.123706E+00,-1.844031E-02
1685007625
-1.096436E+00,-1.845140E-02
1685007629
-1.065592E+00,-1.840029E-02
1685007632
-1.034832E+00,-1.837920E-02
1685007636
-1.003887E+00,-1.832936E-02
1685007639
-9.731875E-01,-1.828257E-02
1685007643
-9.458805E-01,-1.825765E-02
1685007646
-9.152462E-01,-1.822548E-02
1685007650
-8.844383E-01,-1.819403E-02
1685007654
-8.536900E-01,-1.815082E-02
1685007657
-8.263453E-01,-1.810953E-02
1685007661
-7.956154E-01,-1.802507E-02
1685007664
-7.648953E-01,-1.800190E-02
1685007668
-7.341992E-01,-1.797724E-02
1685007672
-7.034624E-01,-1.794489E-02
1685007675
-6.760544E-01,-1.788295E-02
1685007679
-6.453353E-01,-1.781223E-02
1685007682
-6.145899E-01,-1.778823E-02
1685007686
-5.837656E-01,-1.776387E-02
1685007689
-5.530112E-01,-1.771569E-02
1685007693
-5.257865E-01,-1.761742E-02
1685007697
-4.950291E-01,-1.760064E-02
1685007700
-4.642214E-01,-1.745497E-02
1685007704
-4.335201E-01,-1.744576E-02
1685007707
-4.027217E-01,-1.742631E-02
1685007711
-3.754604E-01,-1.734409E-02
1685007715
-3.447227E-01,-1.730022E-02
1685007718
-3.139507E-01,-1.722969E-02
1685007722
-2.832605E-01,-1.719365E-02
1685007725
-2.558325E-01,-1.709650E-02
1685007729
-2.251306E-01,-1.700530E-02
1685007732
-1.943703E-01,-1.692859E-02
1685007736
-1.635650E-01,-1.682516E-02
1685007740
-1.328965E-01,-1.668903E-02
1685007743
-1.056127E-01,-1.660436E-02
1685007747
-7.486409E-02,-1.646091E-02
1685007750
-4.406794E-02,-1.629106E-02
1685007754
-1.309997E-02,-1.610523E-02
1685007758
+9.215999E-03,-1.596748E-02
1685007761
+3.987401E-02,-1.571992E-02
1685007765
+7.052038E-02,-1.543119E-02
1685007768
+1.011292E-01,-1.512659E-02
1685007772
+1.284337E-01,-1.478331E-02
1685007775
+1.591443E-01,-1.424891E-02
1685007779
+1.899824E-01,-1.353891E-02
1685007783
+2.207363E-01,-1.261969E-02
1685007786
+2.482611E-01,-1.154237E-02
1685007790
+2.790209E-01,-9.942746E-03
1685007793
+3.098258E-01,-7.879286E-03
1685007797
+3.407214E-01,-5.339237E-03
1685007801
+3.714303E-01,-2.345536E-03
1685007804
+3.987181E-01,+7.338169E-04
1685007808
+4.295731E-01,+4.482169E-03
1685007811
+4.604522E-01,+8.563640E-03
1685007815
+4.912546E-01,+1.298208E-02
1685007818
+5.219934E-01,+1.772607E-02
1685007822
+5.493400E-01,+2.231940E-02
1685007826
+5.801913E-01,+2.779305E-02
1685007829
+6.109137E-01,+3.369109E-02
1685007833
+6.419410E-01,+4.017156E-02
1685007836
+6.727787E-01,+4.710512E-02
1685007840
+7.001482E-01,+5.382584E-02
1685007844
+7.311382E-01,+6.177884E-02
1685007847
+7.620307E-01,+7.033090E-02
1685007851
+7.929198E-01,+7.952318E-02
1685007854
+8.238021E-01,+8.926243E-02
1685007858
+8.511503E-01,+9.854237E-02
1685007862
+8.512676E-01,+1.000006E-01
1685007865
+8.486814E-01,+1.000006E-01
1685007869
+8.467448E-01,+1.000006E-01
1685007872
+8.451161E-01,+1.000006E-01
