1688713528
-1.993574E+00,-1.080495E-03
1688713531
-1.966255E+00,-1.040183E-03
1688713535
-1.935505E+00,-1.003328E-03
1688713538
-1.904723E+00,-9.677512E-04
1688713542
-1.873992E+00,-9.349615E-04
1688713546
-1.843302E+00,-9.017729E-04
1688713549
-1.816011E+00,-8.739067E-04
1688713553
-1.785261E+00,-8.446836E-04
1688713556
-1.754567E+00,-8.166030E-04
1688713560
-1.723914E+00,-7.901454E-04
1688713563
-1.693145E+00,-7.633458E-04
1688713567
-1.665874E+00,-7.410854E-04
1688713571
-1.635220E+00,-7.162704E-04
1688713574
-1.604378E+00,-6.935799E-04
1688713578
-1.573702E+00,-6.704021E-04
1688713581
-1.542918E+00,-6.474991E-04
1688713585
-1.515629E+00,-6.281404E-04
1688713589
-1.484915E+00,-6.071411E-04
1688713592
-1.453994E+00,-5.863666E-04
1688713596
-1.423293E+00,-5.662880E-04
1688713599
-1.395990E+00,-5.487970E-04
1688713603
-1.365354E+00,-5.295286E-04
1688713606
-1.334546E+00,-5.103630E-04
1688713610
-1.303795E+00,-4.921296E-04
1688713614
-1.273097E+00,-4.736070E-04
1688713617
-1.245796E+00,-4.578136E-04
1688713621
-1.215088E+00,-4.409067E-04
1688713624
-1.184360E+00,-4.237310E-04
1688713628
-1.153665E+00,-4.069443E-04
1688713632
-1.122838E+00,-3.904116E-04
1688713635
-1.095536E+00,-3.762407E-04
1688713639
-1.064779E+00,-3.605315E-04
1688713642
-1.034133E+00,-3.448695E-04
1688713646
-1.003199E+00,-3.298881E-04
1688713650
-9.725051E-01,-3.152517E-04
1688713653
-9.451532E-01,-3.023009E-04
1688713657
-9.144518E-01,-2.882998E-04
1688713660
-8.836913E-01,-2.747603E-04
1688713664
-8.529146E-01,-2.611440E-04
1688713667
-8.256243E-01,-2.491931E-04
1688713671
-7.949463E-01,-2.361306E-04
1688713675
-7.642565E-01,-2.236473E-04
1688713678
-7.335694E-01,-2.111657E-04
1688713682
-7.028486E-01,-1.991435E-04
1688713685
-6.754895E-01,-1.886297E-04
1688713689
-6.447713E-01,-1.771037E-04
1688713693
-6.139629E-01,-1.658876E-04
1688713696
-5.831473E-01,-1.549618E-04
1688713700
-5.524684E-01,-1.443416E-04
1688713703
-5.251793E-01,-1.351750E-04
1688713707
-4.945204E-01,-1.250385E-04
1688713710
-4.637380E-01,-1.151438E-04
1688713714
-4.329784E-01,-1.053413E-04
1688713718
-4.022327E-01,-9.605422E-05
1688713721
-3.749045E-01,-8.788176E-05
1688713725
-3.442775E-01,-7.917930E-05
1688713728
-3.135335E-01,-7.070031E-05
1688713732
-2.827429E-01,-6.250823E-05
1688713736
-2.553672E-01,-5.545161E-05
1688713739
-2.245867E-01,-4.768903E-05
1688713743
-1.938694E-01,-4.022333E-05
1688713746
-1.631048E-01,-3.309709E-05
1688713750
-1.324043E-01,-2.626479E-05
1688713753
-1.051545E-01,-2.043661E-05
1688713757
-7.441992E-02,-1.414183E-05
1688713761
-4.358188E-02,-8.074297E-06
1688713764
-1.276553E-02,-2.160219E-06
1688713768
+9.667291E-03,+2.136470E-06
1688713771
+4.035800E-02,+7.948234E-06
1688713775
+7.099701E-02,+1.394345E-05
1688713779
+1.016393E-01,+2.057451E-05
1688713782
+1.289423E-01,+2.776343E-05
1688713786
+1.595946E-01,+3.954413E-05
1688713789
+1.904228E-01,+6.030954E-05
1688713793
+2.212561E-01,+1.015076E-04
1688713796
+2.486390E-01,+1.713879E-04
1688713800
+2.793689E-01,+3.161111E-04
1688713804
+3.101371E-01,+5.717797E-04
1688713807
+3.409445E-01,+9.823453E-04
1688713811
+3.716225E-01,+1.589663E-03
1688713814
+3.989471E-01,+2.336297E-03
1688713818
+4.297327E-01,+3.425737E-03
1688713822
+4.605235E-01,+4.813561E-03
1688713825
+4.911972E-01,+6.541215E-03
1688713829
+5.220003E-01,+8.649782E-03
1688713832
+5.493398E-01,+1.089054E-02
1688713836
+5.801907E-01,+1.378066E-02
1688713839
+6.109439E-01,+1.713942E-02
1688713843
+6.419078E-01,+2.105111E-02
1688713847
+6.727167E-01,+2.550580E-02
1688713850
+7.000346E-01,+3.005854E-02
1688713854
+7.310044E-01,+3.565561E-02
1688713857
+7.617775E-01,+4.191794E-02
1688713861
+7.926598E-01,+4.891483E-02
1688713865
+8.233836E-01,+5.662786E-02
1688713868
+8.508732E-01,+6.433708E-02
1688713872
+8.817540E-01,+7.343935E-02
1688713875
+9.126775E-01,+8.341096E-02
1688713879
+9.435272E-01,+9.413897E-02
1688713882
+9.560634E-01,+1.000001E-01
