1688709393
-1.993246E+00,-1.982113E-02
1688709397
-1.965931E+00,-1.995112E-02
1688709400
-1.935135E+00,-1.992254E-02
1688709404
-1.904328E+00,-1.999317E-02
1688709408
-1.873482E+00,-1.990766E-02
1688709411
-1.842797E+00,-1.993304E-02
1688709414
-1.815386E+00,-1.982833E-02
1688709418
-1.784615E+00,-1.975030E-02
1688709422
-1.753842E+00,-1.967889E-02
1688709425
-1.723051E+00,-1.955068E-02
1688709429
-1.692361E+00,-1.947624E-02
1688709432
-1.665103E+00,-1.941814E-02
1688709436
-1.634342E+00,-1.930054E-02
1688709439
-1.603597E+00,-1.918127E-02
1688709443
-1.572838E+00,-1.912112E-02
1688709447
-1.541981E+00,-1.898311E-02
1688709450
-1.514602E+00,-1.896822E-02
1688709454
-1.483837E+00,-1.887104E-02
1688709457
-1.452926E+00,-1.875763E-02
1688709461
-1.422179E+00,-1.865817E-02
1688709465
-1.394823E+00,-1.860433E-02
1688709468
-1.364109E+00,-1.853587E-02
1688709472
-1.333336E+00,-1.844644E-02
1688709475
-1.302580E+00,-1.839168E-02
1688709479
-1.271822E+00,-1.829557E-02
1688709482
-1.244458E+00,-1.823435E-02
1688709486
-1.213678E+00,-1.810955E-02
1688709490
-1.182913E+00,-1.804528E-02
1688709493
-1.152187E+00,-1.800960E-02
1688709497
-1.121443E+00,-1.788312E-02
1688709500
-1.094082E+00,-1.782949E-02
1688709504
-1.063254E+00,-1.778555E-02
1688709508
-1.032473E+00,-1.771372E-02
1688709511
-1.001508E+00,-1.760551E-02
1688709515
-9.707081E-01,-1.756793E-02
1688709518
-9.433978E-01,-1.753472E-02
1688709522
-9.127584E-01,-1.745582E-02
1688709526
-8.819395E-01,-1.736003E-02
1688709529
-8.511307E-01,-1.730847E-02
1688709533
-8.238212E-01,-1.726652E-02
1688709536
-7.930922E-01,-1.715740E-02
1688709540
-7.624204E-01,-1.708521E-02
1688709543
-7.317465E-01,-1.696295E-02
1688709547
-7.009517E-01,-1.694361E-02
1688709551
-6.735593E-01,-1.688701E-02
1688709554
-6.428379E-01,-1.679020E-02
1688709558
-6.120740E-01,-1.670659E-02
1688709561
-5.811174E-01,-1.657958E-02
1688709565
-5.504351E-01,-1.652408E-02
1688709569
-5.231318E-01,-1.642909E-02
1688709572
-4.924011E-01,-1.636630E-02
1688709576
-4.616488E-01,-1.626213E-02
1688709579
-4.308672E-01,-1.608848E-02
1688709583
-4.000406E-01,-1.603513E-02
1688709586
-3.727281E-01,-1.590261E-02
1688709590
-3.419397E-01,-1.581413E-02
1688709594
-3.112632E-01,-1.564795E-02
1688709597
-2.804615E-01,-1.550030E-02
1688709601
-2.530697E-01,-1.535406E-02
1688709604
-2.223931E-01,-1.525651E-02
1688709608
-1.916372E-01,-1.510489E-02
1688709612
-1.607847E-01,-1.485404E-02
1688709615
-1.300446E-01,-1.470327E-02
1688709619
-1.027905E-01,-1.449205E-02
1688709622
-7.200702E-02,-1.424560E-02
1688709626
-4.113353E-02,-1.399668E-02
1688709629
-1.031507E-02,-1.367220E-02
1688709633
+8.471181E-03,-1.348048E-02
1688709637
+3.917988E-02,-1.307510E-02
1688709640
+6.978265E-02,-1.264135E-02
1688709644
+1.003838E-01,-1.207428E-02
1688709647
+1.277163E-01,-1.145518E-02
1688709651
+1.584450E-01,-1.063243E-02
1688709655
+1.892688E-01,-9.603448E-03
1688709658
+2.201461E-01,-8.323955E-03
1688709662
+2.475679E-01,-7.009211E-03
1688709665
+2.782633E-01,-5.316424E-03
1688709669
+3.090538E-01,-3.433815E-03
1688709672
+3.399143E-01,-1.381133E-03
1688709676
+3.705656E-01,+8.675509E-04
1688709680
+3.979481E-01,+2.972514E-03
1688709683
+4.287497E-01,+5.498756E-03
1688709687
+4.595460E-01,+8.270782E-03
1688709690
+4.903441E-01,+1.135999E-02
1688709694
+5.211288E-01,+1.485561E-02
1688709698
+5.484053E-01,+1.838863E-02
1688709701
+5.791978E-01,+2.281607E-02
1688709705
+6.100591E-01,+2.788222E-02
1688709708
+6.410331E-01,+3.367436E-02
1688709712
+6.718466E-01,+4.019595E-02
1688709715
+6.992625E-01,+4.683379E-02
1688709719
+7.302575E-01,+5.496417E-02
1688709723
+7.610294E-01,+6.396356E-02
1688709726
+7.919077E-01,+7.397951E-02
1688709730
+8.228216E-01,+8.492628E-02
1688709733
+8.503520E-01,+9.575601E-02
1688709737
+8.566706E-01,+1.000012E-01
1688709741
+8.527172E-01,+1.000012E-01
1688709744
+8.502537E-01,+1.000012E-01
1688709748
+8.481354E-01,+1.000012E-01
