1688709910
-1.991937E+00,-1.938601E-02
1688709914
-1.964672E+00,-1.946814E-02
1688709917
-1.933944E+00,-1.945757E-02
1688709921
-1.903145E+00,-1.940302E-02
1688709924
-1.872365E+00,-1.940775E-02
1688709928
-1.841703E+00,-1.930244E-02
1688709932
-1.814291E+00,-1.928014E-02
1688709935
-1.783522E+00,-1.919720E-02
1688709939
-1.752857E+00,-1.913502E-02
1688709942
-1.722050E+00,-1.909198E-02
1688709946
-1.691361E+00,-1.894075E-02
1688709949
-1.664084E+00,-1.886870E-02
1688709953
-1.633374E+00,-1.875317E-02
1688709957
-1.602616E+00,-1.866164E-02
1688709960
-1.571844E+00,-1.858035E-02
1688709964
-1.541019E+00,-1.853751E-02
1688709967
-1.513624E+00,-1.848198E-02
1688709971
-1.482939E+00,-1.841270E-02
1688709975
-1.452009E+00,-1.826437E-02
1688709978
-1.421317E+00,-1.823936E-02
1688709982
-1.393979E+00,-1.822544E-02
1688709985
-1.363251E+00,-1.814103E-02
1688709989
-1.332360E+00,-1.802881E-02
1688709992
-1.301648E+00,-1.798589E-02
1688709996
-1.270896E+00,-1.789255E-02
1688710000
-1.243532E+00,-1.784300E-02
1688710003
-1.212801E+00,-1.776071E-02
1688710007
-1.182055E+00,-1.770861E-02
1688710010
-1.151409E+00,-1.765563E-02
1688710014
-1.120621E+00,-1.755689E-02
1688710018
-1.093346E+00,-1.757094E-02
1688710021
-1.062593E+00,-1.750945E-02
1688710025
-1.031817E+00,-1.740447E-02
1688710028
-1.000855E+00,-1.739060E-02
1688710032
-9.701374E-01,-1.729921E-02
1688710035
-9.428264E-01,-1.724849E-02
1688710039
-9.120532E-01,-1.713581E-02
1688710043
-8.813454E-01,-1.714975E-02
1688710046
-8.505653E-01,-1.710483E-02
1688710050
-8.232276E-01,-1.710148E-02
1688710053
-7.925481E-01,-1.694684E-02
1688710057
-7.618231E-01,-1.694289E-02
1688710061
-7.310611E-01,-1.690810E-02
1688710064
-7.003636E-01,-1.678853E-02
1688710068
-6.730167E-01,-1.670292E-02
1688710071
-6.423188E-01,-1.665995E-02
1688710075
-6.114845E-01,-1.659815E-02
1688710078
-5.806217E-01,-1.651727E-02
1688710082
-5.498739E-01,-1.645282E-02
1688710086
-5.226247E-01,-1.640061E-02
1688710089
-4.918670E-01,-1.627155E-02
1688710093
-4.610566E-01,-1.622347E-02
1688710096
-4.302088E-01,-1.612118E-02
1688710100
-3.994604E-01,-1.608869E-02
1688710104
-3.721176E-01,-1.599021E-02
1688710107
-3.414575E-01,-1.589055E-02
1688710111
-3.107523E-01,-1.576975E-02
1688710114
-2.799871E-01,-1.560659E-02
1688710118
-2.525657E-01,-1.546154E-02
1688710122
-2.218898E-01,-1.533648E-02
1688710125
-1.911713E-01,-1.518095E-02
1688710129
-1.603244E-01,-1.505593E-02
1688710132
-1.296400E-01,-1.485834E-02
1688710136
-1.023506E-01,-1.466033E-02
1688710139
-7.154946E-02,-1.449758E-02
1688710143
-4.072082E-02,-1.421493E-02
1688710147
-9.905521E-03,-1.393788E-02
1688710150
+8.296951E-03,-1.379043E-02
1688710154
+3.890573E-02,-1.343308E-02
1688710157
+6.954034E-02,-1.301788E-02
1688710161
+1.002150E-01,-1.253444E-02
1688710165
+1.276051E-01,-1.201961E-02
1688710168
+1.582707E-01,-1.121825E-02
1688710172
+1.891722E-01,-1.030171E-02
1688710175
+2.200771E-01,-9.063993E-03
1688710179
+2.474923E-01,-7.721140E-03
1688710182
+2.782354E-01,-6.005204E-03
1688710186
+3.090778E-01,-3.958951E-03
1688710190
+3.397974E-01,-1.703411E-03
1688710193
+3.704979E-01,+8.128169E-04
1688710197
+3.978365E-01,+3.197391E-03
1688710200
+4.286679E-01,+6.080676E-03
1688710204
+4.594609E-01,+9.239815E-03
1688710208
+4.901966E-01,+1.267324E-02
1688710211
+5.209754E-01,+1.646585E-02
1688710215
+5.483524E-01,+2.019235E-02
1688710218
+5.791011E-01,+2.473587E-02
1688710222
+6.100012E-01,+2.973603E-02
1688710225
+6.410060E-01,+3.529542E-02
1688710229
+6.717525E-01,+4.125975E-02
1688710233
+6.991612E-01,+4.707418E-02
1688710236
+7.301377E-01,+5.400539E-02
1688710240
+7.609525E-01,+6.142190E-02
1688710243
+7.918222E-01,+6.931400E-02
1688710247
+8.226329E-01,+7.768056E-02
1688710251
+8.500273E-01,+8.559143E-02
1688710254
+8.808870E-01,+9.468976E-02
1688710258
+8.962274E-01,+1.000012E-01
1688710261
+8.926256E-01,+1.000012E-01
1688710265
+8.904796E-01,+1.000012E-01
