1685028745
-1.997655E+00,-1.985764E-02
1685028749
-1.970321E+00,-1.979567E-02
1685028752
-1.939619E+00,-1.970968E-02
1685028756
-1.908820E+00,-1.960813E-02
1685028759
-1.878048E+00,-1.954097E-02
1685028763
-1.847343E+00,-1.947110E-02
1685028766
-1.820062E+00,-1.943265E-02
1685028770
-1.789322E+00,-1.935041E-02
1685028774
-1.758656E+00,-1.928614E-02
1685028777
-1.728005E+00,-1.921965E-02
1685028781
-1.697220E+00,-1.918688E-02
1685028784
-1.669943E+00,-1.911017E-02
1685028788
-1.639259E+00,-1.904595E-02
1685028792
-1.608424E+00,-1.899281E-02
1685028795
-1.577729E+00,-1.893649E-02
1685028799
-1.546874E+00,-1.886384E-02
1685028802
-1.519609E+00,-1.884635E-02
1685028806
-1.488881E+00,-1.881442E-02
1685028809
-1.458015E+00,-1.870791E-02
1685028813
-1.427317E+00,-1.867717E-02
1685028817
-1.400059E+00,-1.862850E-02
1685028820
-1.369325E+00,-1.859579E-02
1685028824
-1.338507E+00,-1.859334E-02
1685028827
-1.307811E+00,-1.852683E-02
1685028831
-1.277056E+00,-1.850499E-02
1685028835
-1.249732E+00,-1.843884E-02
1685028838
-1.219043E+00,-1.837923E-02
1685028842
-1.188384E+00,-1.833188E-02
1685028845
-1.157685E+00,-1.831874E-02
1685028849
-1.126859E+00,-1.830724E-02
1685028852
-1.099622E+00,-1.825099E-02
1685028856
-1.068750E+00,-1.821576E-02
1685028860
-1.038009E+00,-1.819224E-02
1685028863
-1.007070E+00,-1.812227E-02
1685028867
-9.764141E-01,-1.809048E-02
1685028870
-9.490846E-01,-1.808352E-02
1685028874
-9.183723E-01,-1.801573E-02
1685028878
-8.876113E-01,-1.799894E-02
1685028881
-8.569282E-01,-1.798386E-02
1685028885
-8.295804E-01,-1.793314E-02
1685028888
-7.989276E-01,-1.791023E-02
1685028892
-7.682061E-01,-1.786550E-02
1685028895
-7.374662E-01,-1.783679E-02
1685028899
-7.066622E-01,-1.777842E-02
1685028903
-6.793509E-01,-1.775168E-02
1685028906
-6.486187E-01,-1.770991E-02
1685028910
-6.177922E-01,-1.764547E-02
1685028913
-5.869789E-01,-1.759186E-02
1685028917
-5.562960E-01,-1.757064E-02
1685028921
-5.289558E-01,-1.751549E-02
1685028924
-4.982720E-01,-1.745185E-02
1685028928
-4.675228E-01,-1.741638E-02
1685028931
-4.367589E-01,-1.741377E-02
1685028935
-4.060141E-01,-1.736353E-02
1685028938
-3.786640E-01,-1.731014E-02
1685028942
-3.480001E-01,-1.725572E-02
1685028946
-3.172236E-01,-1.722675E-02
1685028949
-2.865281E-01,-1.714329E-02
1685028953
-2.591345E-01,-1.709048E-02
1685028956
-2.283789E-01,-1.703908E-02
1685028960
-1.976734E-01,-1.694424E-02
1685028964
-1.668911E-01,-1.688194E-02
1685028967
-1.362731E-01,-1.680647E-02
1685028971
-1.089129E-01,-1.671275E-02
1685028974
-7.824736E-02,-1.662048E-02
1685028978
-4.739670E-02,-1.647989E-02
1685028982
-1.655354E-02,-1.634088E-02
1685028985
+1.069886E-02,-1.621535E-02
1685028989
+4.133049E-02,-1.608414E-02
1685028992
+7.191710E-02,-1.590575E-02
1685028996
+1.024778E-01,-1.571017E-02
1685028999
+1.299395E-01,-1.541537E-02
1685029003
+1.604811E-01,-1.507103E-02
1685029007
+1.913353E-01,-1.460075E-02
1685029010
+2.221963E-01,-1.392548E-02
1685029014
+2.496480E-01,-1.312456E-02
1685029017
+2.803673E-01,-1.181932E-02
1685029021
+3.097837E-01,-1.018419E-02
1685029025
+3.409222E-01,-7.648234E-03
1685029028
+3.721820E-01,-4.378612E-03
1685029032
1685029035
1685029039
1685029042
1685029046
1685029050
1685029053
1685029057
1685029060
1685029064
1685029068
1685029071
1685029075
1685029078
1685029082
1685029085
1685029089
1685029093
1685029096
1685029100
