1685089032
-1.998823E+00,-1.662254E-02
1685089036
-1.971555E+00,-1.703268E-02
1685089039
-1.940872E+00,-1.703437E-02
1685089043
-1.910063E+00,-1.702091E-02
1685089046
-1.879291E+00,-1.698385E-02
1685089050
-1.848665E+00,-1.693017E-02
1685089054
-1.821273E+00,-1.692343E-02
1685089057
-1.790572E+00,-1.685581E-02
1685089061
-1.759876E+00,-1.681123E-02
1685089064
-1.729178E+00,-1.673783E-02
1685089068
-1.698441E+00,-1.667816E-02
1685089071
-1.671167E+00,-1.664109E-02
1685089075
-1.640447E+00,-1.656267E-02
1685089079
-1.609659E+00,-1.649459E-02
1685089082
-1.578899E+00,-1.645780E-02
1685089086
-1.548093E+00,-1.639957E-02
1685089089
-1.520883E+00,-1.635008E-02
1685089093
-1.490124E+00,-1.628896E-02
1685089097
-1.459203E+00,-1.620655E-02
1685089100
-1.428500E+00,-1.616812E-02
1685089104
-1.401217E+00,-1.608698E-02
1685089107
-1.370549E+00,-1.602388E-02
1685089111
-1.339748E+00,-1.597350E-02
1685089114
-1.309040E+00,-1.592400E-02
1685089118
-1.278303E+00,-1.585605E-02
1685089122
-1.250911E+00,-1.579118E-02
1685089125
-1.220192E+00,-1.572779E-02
1685089129
-1.189474E+00,-1.566448E-02
1685089132
-1.158817E+00,-1.559491E-02
1685089136
-1.127967E+00,-1.554059E-02
1685089140
-1.100731E+00,-1.549389E-02
1685089143
-1.069924E+00,-1.543677E-02
1685089147
-1.039161E+00,-1.535839E-02
1685089150
-1.008242E+00,-1.529197E-02
1685089154
-9.775452E-01,-1.520073E-02
1685089157
-9.502733E-01,-1.516175E-02
1685089161
-9.196514E-01,-1.507661E-02
1685089165
-8.887713E-01,-1.502608E-02
1685089168
-8.581114E-01,-1.494215E-02
1685089172
-8.307787E-01,-1.485500E-02
1685089175
-8.000104E-01,-1.479902E-02
1685089179
-7.693536E-01,-1.470655E-02
1685089183
-7.386814E-01,-1.467455E-02
1685089186
-7.079163E-01,-1.455323E-02
1685089190
-6.805299E-01,-1.447848E-02
1685089193
-6.497450E-01,-1.439165E-02
1685089197
-6.189708E-01,-1.427753E-02
1685089200
-5.881681E-01,-1.417251E-02
1685089204
-5.574973E-01,-1.407032E-02
1685089208
-5.301985E-01,-1.396266E-02
1685089211
-4.994954E-01,-1.388790E-02
1685089215
-4.685861E-01,-1.375621E-02
1685089218
-4.378395E-01,-1.364468E-02
1685089222
-4.070770E-01,-1.354878E-02
1685089226
-3.797891E-01,-1.340924E-02
1685089229
-3.491616E-01,-1.326552E-02
1685089233
-3.183975E-01,-1.312618E-02
1685089236
-2.877267E-01,-1.298827E-02
1685089240
-2.602828E-01,-1.284809E-02
1685089243
-2.295696E-01,-1.266168E-02
1685089247
-1.988638E-01,-1.247922E-02
1685089251
-1.681623E-01,-1.229501E-02
1685089254
-1.373547E-01,-1.205021E-02
1685089258
-1.100302E-01,-1.183308E-02
1685089261
-7.923096E-02,-1.154258E-02
1685089265
-4.850268E-02,-1.121929E-02
1685089269
-1.767598E-02,-1.080921E-02
1685089272
+1.094117E-02,-1.036152E-02
1685089276
+4.015198E-02,-9.840829E-03
1685089279
+7.093062E-02,-9.177124E-03
1685089283
+1.017468E-01,-8.372287E-03
1685089286
+1.291579E-01,-7.538169E-03
1685089290
+1.601792E-01,-6.519472E-03
1685089294
+1.911062E-01,-5.371588E-03
1685089297
+2.220842E-01,-4.146983E-03
1685089301
+2.496746E-01,-2.979940E-03
1685089304
+2.806451E-01,-1.620606E-03
1685089308
+3.113020E-01,-2.325513E-04
1685089312
+3.426517E-01,+1.299269E-03
1685089315
+3.736649E-01,+2.605454E-03
1685089319
+4.009717E-01,+3.050229E-03
1685089322
+4.319130E-01,+4.151646E-03
1685089326
+4.628934E-01,+5.245117E-03
1685089329
+4.938180E-01,+6.363337E-03
1685089333
+5.247468E-01,+7.483186E-03
1685089337
+5.522680E-01,+8.697686E-03
1685089340
+5.831825E-01,+1.014313E-02
1685089344
+6.122206E-01,+1.661875E-02
1685089347
+6.431821E-01,+1.677652E-02
1685089351
+6.739181E-01,+1.826978E-02
1685089355
+7.012149E-01,+1.934330E-02
1685089358
+7.321103E-01,+2.094236E-02
1685089362
+7.628329E-01,+2.235602E-02
1685089365
+7.936141E-01,+2.742857E-02
1685089369
+8.246121E-01,+3.708770E-04
1685089372
+8.518541E-01,+3.643713E-04
1685089376
+8.826826E-01,+3.708828E-04
1685089380
+9.133403E-01,+3.788891E-04
1685089383
+9.440458E-01,+3.882308E-04
1685089387
+9.714064E-01,+3.922656E-04
