1684955287
-1.996444E+00,-1.073069E-03
1684955291
-1.969187E+00,-1.029202E-03
1684955295
-1.938490E+00,-9.933127E-04
1684955298
-1.907758E+00,-9.626523E-04
1684955302
-1.876952E+00,-9.306024E-04
1684955305
-1.846285E+00,-8.999977E-04
1684955309
-1.818979E+00,-8.733248E-04
1684955313
-1.788215E+00,-8.465978E-04
1684955316
-1.757517E+00,-8.199512E-04
1684955320
-1.726814E+00,-7.947832E-04
1684955323
-1.696050E+00,-7.695911E-04
1684955327
-1.668811E+00,-7.477750E-04
1684955330
-1.638144E+00,-7.242702E-04
1684955334
-1.607345E+00,-7.012276E-04
1684955338
-1.576676E+00,-6.792937E-04
1684955341
-1.545854E+00,-6.576473E-04
1684955345
-1.518576E+00,-6.395866E-04
1684955348
-1.487816E+00,-6.184418E-04
1684955352
-1.456881E+00,-5.985708E-04
1684955356
-1.426193E+00,-5.785783E-04
1684955359
-1.398914E+00,-5.608295E-04
1684955363
-1.368196E+00,-5.414164E-04
1684955366
-1.337386E+00,-5.228069E-04
1684955370
-1.306746E+00,-5.046888E-04
1684955373
-1.275964E+00,-4.870100E-04
1684955377
-1.248644E+00,-4.712606E-04
1684955381
-1.217918E+00,-4.540713E-04
1684955384
-1.187284E+00,-4.371709E-04
1684955388
-1.156498E+00,-4.204332E-04
1684955391
-1.125728E+00,-4.039012E-04
1684955395
-1.098388E+00,-3.895152E-04
1684955399
-1.067640E+00,-3.740318E-04
1684955402
-1.036917E+00,-3.587774E-04
1684955406
-1.005920E+00,-3.434286E-04
1684955409
-9.752275E-01,-3.285374E-04
1684955413
-9.478826E-01,-3.156330E-04
1684955416
-9.172236E-01,-3.014917E-04
1684955420
-8.864903E-01,-2.875996E-04
1684955424
-8.557531E-01,-2.737423E-04
1684955427
-8.284442E-01,-2.620559E-04
1684955431
-7.977145E-01,-2.489555E-04
1684955434
-7.670675E-01,-2.358363E-04
1684955438
-7.363432E-01,-2.229724E-04
1684955442
-7.056563E-01,-2.104950E-04
1684955445
-6.781771E-01,-1.995778E-04
1684955449
-6.474606E-01,-1.876799E-04
1684955452
-6.166788E-01,-1.760010E-04
1684955456
-5.858215E-01,-1.646998E-04
1684955459
-5.551789E-01,-1.537181E-04
1684955463
-5.278657E-01,-1.438884E-04
1684955467
-4.970828E-01,-1.334533E-04
1684955470
-4.663200E-01,-1.233005E-04
1684955474
-4.356021E-01,-1.132894E-04
1684955477
-4.048326E-01,-1.032467E-04
1684955481
-3.774702E-01,-9.483098E-05
1684955485
-3.468033E-01,-8.552295E-05
1684955488
-3.161022E-01,-7.642800E-05
1684955492
-2.854012E-01,-6.762410E-05
1684955495
-2.579319E-01,-5.995431E-05
1684955499
-2.272576E-01,-5.170999E-05
1684955502
-1.964773E-01,-4.380132E-05
1684955506
-1.657687E-01,-3.604234E-05
1684955510
-1.350509E-01,-2.867531E-05
1684955513
-1.077386E-01,-2.241283E-05
1684955517
-7.702085E-02,-1.559704E-05
1684955520
-4.626974E-02,-8.987237E-06
1684955524
-1.543771E-02,-2.539630E-06
1684955528
+1.055741E-02,+2.910182E-06
1684955531
+4.121043E-02,+9.375502E-06
1684955535
+7.189680E-02,+1.629944E-05
1684955538
+1.024756E-01,+2.437119E-05
1684955542
+1.298068E-01,+3.389176E-05
1684955545
+1.605340E-01,+5.074445E-05
1684955549
+1.913455E-01,+8.241353E-05
1684955553
+2.221444E-01,+1.462958E-04
1684955556
+2.495482E-01,+2.561641E-04
1684955560
+2.802245E-01,+4.800849E-04
1684955563
+3.109619E-01,+8.644853E-04
1684955567
+3.417348E-01,+1.455679E-03
1684955571
+3.724262E-01,+2.288465E-03
1684955574
+3.996507E-01,+3.253466E-03
1684955578
+4.304963E-01,+4.589393E-03
1684955581
+4.613052E-01,+6.200573E-03
1684955585
+4.921016E-01,+8.080126E-03
1684955588
+5.228480E-01,+1.021646E-02
1684955592
+5.501233E-01,+1.234752E-02
1684955596
+5.808004E-01,+1.497956E-02
1684955599
+6.116694E-01,+1.784295E-02
1684955603
+6.426287E-01,+2.091964E-02
1684955606
+6.733416E-01,+2.417057E-02
1684955610
+7.007012E-01,+2.725687E-02
1684955614
+7.315708E-01,+3.081745E-02
1684955617
+7.623682E-01,+3.448718E-02
1684955621
+7.932011E-01,+3.826568E-02
1684955624
+8.240176E-01,+4.219121E-02
1684955628
+8.513313E-01,+4.571768E-02
1684955631
+8.821193E-01,+4.956903E-02
1684955635
+9.129005E-01,+5.321722E-02
1684955639
+9.436017E-01,+5.559685E-02
1684955642
+9.710738E-01,+6.071803E-02
