1685503649
-1.998470E+00,-5.067000E-04
1685503652
-1.971189E+00,-5.054778E-04
1685503656
-1.940449E+00,-4.967083E-04
1685503659
-1.909648E+00,-4.846417E-04
1685503663
-1.878901E+00,-4.716164E-04
1685503667
-1.848179E+00,-4.581190E-04
1685503670
-1.820851E+00,-4.457408E-04
1685503674
-1.790027E+00,-4.325844E-04
1685503677
-1.759316E+00,-4.189709E-04
1685503681
-1.728604E+00,-4.054263E-04
1685503685
-1.697871E+00,-3.924612E-04
1685503688
-1.670491E+00,-3.809724E-04
1685503692
-1.639807E+00,-3.681836E-04
1685503695
-1.609007E+00,-3.558825E-04
1685503699
-1.578261E+00,-3.440367E-04
1685503702
-1.547405E+00,-3.323595E-04
1685503706
-1.520048E+00,-3.223757E-04
1685503710
-1.489358E+00,-3.113628E-04
1685503713
-1.458379E+00,-3.006789E-04
1685503717
-1.427629E+00,-2.901536E-04
1685503720
-1.400286E+00,-2.810871E-04
1685503724
-1.369548E+00,-2.709634E-04
1685503728
-1.338775E+00,-2.614244E-04
1685503731
-1.308126E+00,-2.519095E-04
1685503735
-1.277428E+00,-2.427203E-04
1685503738
-1.250007E+00,-2.343143E-04
1685503742
-1.219247E+00,-2.254729E-04
1685503745
-1.188493E+00,-2.166033E-04
1685503749
-1.157713E+00,-2.080506E-04
1685503753
-1.126963E+00,-1.998079E-04
1685503756
-1.099669E+00,-1.924596E-04
1685503760
-1.068791E+00,-1.844258E-04
1685503763
-1.038086E+00,-1.765542E-04
1685503767
-1.007061E+00,-1.689675E-04
1685503771
-9.763418E-01,-1.616367E-04
1685503774
-9.490646E-01,-1.551993E-04
1685503778
-9.183136E-01,-1.478421E-04
1685503781
-8.875707E-01,-1.408293E-04
1685503785
-8.567600E-01,-1.338653E-04
1685503788
-8.293526E-01,-1.277905E-04
1685503792
-7.986868E-01,-1.211953E-04
1685503796
-7.680151E-01,-1.147463E-04
1685503799
-7.373366E-01,-1.086123E-04
1685503803
-7.065355E-01,-1.023826E-04
1685503806
-6.810866E-01,-9.755848E-05
1685503810
-6.502298E-01,-9.170744E-05
1685503814
-6.194188E-01,-8.590743E-05
1685503817
-5.884719E-01,-8.022458E-05
1685503821
-5.575840E-01,-7.464483E-05
1685503824
-5.302094E-01,-6.979968E-05
1685503828
-4.993324E-01,-6.456170E-05
1685503832
-4.684030E-01,-5.942827E-05
1685503835
-4.375820E-01,-5.436476E-05
1685503839
-4.066992E-01,-4.952489E-05
1685503842
-3.793170E-01,-4.538394E-05
1685503846
-3.484919E-01,-4.080465E-05
1685503849
-3.176825E-01,-3.636708E-05
1685503853
-2.868915E-01,-3.205107E-05
1685503857
-2.594118E-01,-2.833705E-05
1685503860
-2.285925E-01,-2.436520E-05
1685503864
-1.977890E-01,-2.049534E-05
1685503867
-1.669504E-01,-1.676207E-05
1685503871
-1.361169E-01,-1.322328E-05
1685503875
-1.087339E-01,-1.018986E-05
1685503878
-7.937416E-02,-7.195747E-06
1685503882
-4.780502E-02,-3.955335E-06
1685503885
1685503889
1685503892
1685503896
1685503900
1685503903
1685503907
1685503910
1685503914
1685503918
1685503921
1685503925
1685503928
1685503932
1685503935
1685503939
1685503943
1685503946
1685503950
1685503953
1685503957
1685503961
1685503964
1685503968
1685503971
1685503975
1685503978
1685503982
1685503986
1685503989
1685503993
1685503996
1685504000
1685504004
