1685098841
-1.997764E+00,-1.744261E-02
1685098845
-1.970435E+00,-1.745863E-02
1685098849
-1.939726E+00,-1.742399E-02
1685098852
-1.908926E+00,-1.739936E-02
1685098856
-1.878197E+00,-1.733438E-02
1685098859
-1.847594E+00,-1.728665E-02
1685098863
-1.820313E+00,-1.720465E-02
1685098866
-1.789580E+00,-1.712045E-02
1685098870
-1.758873E+00,-1.707288E-02
1685098874
-1.728109E+00,-1.696529E-02
1685098877
-1.697444E+00,-1.693086E-02
1685098881
-1.670136E+00,-1.688626E-02
1685098884
-1.639443E+00,-1.679703E-02
1685098888
-1.608705E+00,-1.678174E-02
1685098892
-1.577977E+00,-1.670516E-02
1685098895
-1.547152E+00,-1.664895E-02
1685098899
-1.519834E+00,-1.659134E-02
1685098902
-1.489121E+00,-1.655745E-02
1685098906
-1.458245E+00,-1.645958E-02
1685098910
-1.427512E+00,-1.644230E-02
1685098913
-1.400186E+00,-1.635761E-02
1685098917
-1.369512E+00,-1.629875E-02
1685098920
-1.338730E+00,-1.625787E-02
1685098924
-1.308000E+00,-1.621604E-02
1685098927
-1.277248E+00,-1.614288E-02
1685098931
-1.249899E+00,-1.610285E-02
1685098935
-1.219192E+00,-1.606731E-02
1685098938
-1.188519E+00,-1.598492E-02
1685098942
-1.157784E+00,-1.592301E-02
1685098945
-1.127018E+00,-1.583761E-02
1685098949
-1.099713E+00,-1.580497E-02
1685098953
-1.069004E+00,-1.573254E-02
1685098956
-1.038265E+00,-1.562870E-02
1685098960
-1.007331E+00,-1.563420E-02
1685098963
-9.766659E-01,-1.556064E-02
1685098967
-9.493256E-01,-1.547388E-02
1685098970
-9.186614E-01,-1.541864E-02
1685098974
-8.878188E-01,-1.532363E-02
1685098978
-8.571718E-01,-1.513993E-02
1685098981
-8.298347E-01,-1.505025E-02
1685098985
-7.991021E-01,-1.504467E-02
1685098988
-7.684003E-01,-1.503391E-02
1685098992
-7.377920E-01,-1.501660E-02
1685098996
-7.070085E-01,-1.493032E-02
1685098999
-6.796190E-01,-1.483355E-02
1685099003
-6.489137E-01,-1.475813E-02
1685099006
-6.181958E-01,-1.470546E-02
1685099010
-5.873440E-01,-1.460768E-02
1685099013
-5.565997E-01,-1.451145E-02
1685099017
-5.293416E-01,-1.446648E-02
1685099021
-4.986506E-01,-1.440653E-02
1685099024
-4.678088E-01,-1.433262E-02
1685099028
-4.370043E-01,-1.423463E-02
1685099031
-4.063018E-01,-1.408092E-02
1685099035
-3.789570E-01,-1.399635E-02
1685099039
-3.482935E-01,-1.387969E-02
1685099042
-3.176317E-01,-1.373847E-02
1685099046
-2.869183E-01,-1.359364E-02
1685099049
-2.595250E-01,-1.346066E-02
1685099053
-2.288274E-01,-1.329140E-02
1685099056
-1.980272E-01,-1.312230E-02
1685099060
-1.673078E-01,-1.287533E-02
1685099064
-1.365818E-01,-1.260425E-02
1685099067
-1.093146E-01,-1.244686E-02
1685099071
-7.849260E-02,-1.222126E-02
1685099074
-4.776740E-02,-1.197048E-02
1685099078
-1.693544E-02,-1.166312E-02
1685099082
+1.076120E-02,-1.130494E-02
1685099085
+4.143003E-02,-1.085346E-02
1685099089
+7.209470E-02,-1.030167E-02
1685099092
+1.012849E-01,-9.692769E-03
1685099096
+1.288064E-01,-8.959539E-03
1685099099
+1.596903E-01,-7.988444E-03
1685099103
+1.907412E-01,-6.844491E-03
1685099107
+2.217119E-01,-5.554774E-03
1685099110
+2.493267E-01,-4.293845E-03
1685099114
+2.802784E-01,-2.790155E-03
1685099117
+3.113258E-01,-1.198755E-03
1685099121
+3.433481E-01,+5.948737E-04
1685099125
+3.732689E-01,+2.242709E-03
1685099128
+4.008030E-01,+3.904520E-03
1685099132
+4.320355E-01,+5.973234E-03
1685099135
+4.631647E-01,+8.285677E-03
1685099139
+4.924010E-01,+1.062107E-02
1685099142
+5.232272E-01,+1.349459E-02
1685099146
+5.505986E-01,+1.644031E-02
1685099150
+5.813353E-01,+2.011706E-02
1685099153
+6.122008E-01,+2.428001E-02
1685099157
+6.431239E-01,+2.900391E-02
1685099160
+6.740671E-01,+3.430504E-02
1685099164
+7.014562E-01,+3.957094E-02
1685099168
+7.323221E-01,+4.592606E-02
1685099171
+7.632015E-01,+5.295470E-02
1685099175
+7.940504E-01,+6.064221E-02
1685099178
+8.249286E-01,+6.898621E-02
1685099182
+8.522763E-01,+7.707043E-02
1685099185
+8.831766E-01,+8.661231E-02
1685099189
+9.141249E-01,+9.702113E-02
1685099193
+9.187040E-01,+9.999955E-02
1685099196
+9.155599E-01,+9.999949E-02
