1684745266
-1.996538E+00,-7.564981E-04
1684745270
-1.969264E+00,-7.036044E-04
1684745273
-1.938515E+00,-6.659619E-04
1684745277
-1.907691E+00,-6.358737E-04
1684745280
-1.876984E+00,-6.077604E-04
1684745284
-1.846291E+00,-5.817423E-04
1684745288
-1.818899E+00,-5.604867E-04
1684745291
-1.788169E+00,-5.379498E-04
1684745295
-1.757496E+00,-5.162615E-04
1684745298
-1.726821E+00,-4.970630E-04
1684745302
-1.696042E+00,-4.783404E-04
1684745305
-1.668851E+00,-4.621432E-04
1684745309
-1.638152E+00,-4.445744E-04
1684745313
-1.607374E+00,-4.285059E-04
1684745316
-1.576608E+00,-4.128320E-04
1684745320
-1.545795E+00,-3.975736E-04
1684745323
-1.518532E+00,-3.840834E-04
1684745327
-1.487810E+00,-3.700011E-04
1684745331
-1.456867E+00,-3.565020E-04
1684745334
-1.426125E+00,-3.428299E-04
1684745338
-1.398896E+00,-3.312894E-04
1684745341
-1.368132E+00,-3.186901E-04
1684745345
-1.337313E+00,-3.065062E-04
1684745348
-1.306606E+00,-2.948674E-04
1684745352
-1.275916E+00,-2.830591E-04
1684745356
-1.248662E+00,-2.728767E-04
1684745359
-1.217879E+00,-2.619729E-04
1684745363
-1.187238E+00,-2.513647E-04
1684745366
-1.156532E+00,-2.410542E-04
1684745370
-1.125736E+00,-2.306612E-04
1684745374
-1.098449E+00,-2.216788E-04
1684745377
-1.067643E+00,-2.120718E-04
1684745381
-1.036907E+00,-2.027253E-04
1684745384
-1.005925E+00,-1.935224E-04
1684745388
-9.752208E-01,-1.845446E-04
1684745391
-9.479766E-01,-1.767163E-04
1684745395
-9.172413E-01,-1.683982E-04
1684745399
-8.865358E-01,-1.599074E-04
1684745402
-8.557121E-01,-1.516585E-04
1684745406
-8.283439E-01,-1.448752E-04
1684745409
-7.976692E-01,-1.371929E-04
1684745413
-7.669709E-01,-1.295715E-04
1684745417
-7.362420E-01,-1.220915E-04
1684745420
-7.055725E-01,-1.149959E-04
1684745424
-6.782044E-01,-1.086871E-04
1684745427
-6.474438E-01,-1.019901E-04
1684745431
-6.166711E-01,-9.536612E-05
1684745434
-5.857905E-01,-8.899562E-05
1684745438
-5.551477E-01,-8.277191E-05
1684745442
-5.278721E-01,-7.735338E-05
1684745445
-4.971560E-01,-7.149827E-05
1684745449
-4.663231E-01,-6.593797E-05
1684745452
-4.355077E-01,-6.039934E-05
1684745456
-4.048039E-01,-5.502249E-05
1684745460
-3.774700E-01,-5.049212E-05
1684745463
-3.468121E-01,-4.560479E-05
1684745467
-3.160819E-01,-4.079421E-05
1684745470
-2.853873E-01,-3.614081E-05
1684745474
-2.579616E-01,-3.209327E-05
1684745477
-2.273171E-01,-2.779471E-05
1684745481
-1.965234E-01,-2.368380E-05
1684745485
-1.657865E-01,-1.970006E-05
1684745488
-1.350553E-01,-1.594107E-05
1684745492
-1.077463E-01,-1.272998E-05
1684745495
-7.700428E-02,-9.203656E-06
1684745499
-4.617722E-02,-5.731126E-06
1684745503
-1.530344E-02,-1.993817E-06
1684745506
+1.053076E-02,+1.634384E-06
1684745510
+4.116631E-02,+7.306298E-06
1684745513
+7.173514E-02,+1.633158E-05
1684745517
+1.023966E-01,+3.255684E-05
1684745520
+1.298129E-01,+5.890680E-05
1684745524
+1.603459E-01,+1.131906E-04
1684745528
+1.912500E-01,+2.131704E-04
1684745531
+2.221032E-01,+3.843335E-04
1684745535
+2.495263E-01,+6.188673E-04
1684745538
+2.802235E-01,+9.937254E-04
1684745542
+3.109325E-01,+1.507856E-03
1684745546
+3.417215E-01,+2.173099E-03
1684745549
+3.724112E-01,+3.004143E-03
1684745553
+3.997316E-01,+3.906673E-03
1684745556
+4.305473E-01,+5.110779E-03
1684745560
+4.613714E-01,+6.557440E-03
1684745563
+4.920377E-01,+8.272852E-03
1684745567
+5.228167E-01,+1.028597E-02
1684745571
+5.501131E-01,+1.238677E-02
1684745574
+5.808734E-01,+1.502083E-02
1684745578
+6.116917E-01,+1.804091E-02
1684745581
+6.426300E-01,+2.145868E-02
1684745585
+6.733815E-01,+2.525988E-02
1684745589
+7.007703E-01,+2.909229E-02
1684745592
+7.316893E-01,+3.365744E-02
1684745596
+7.624961E-01,+3.866853E-02
1684745599
+7.933281E-01,+4.406476E-02
1684745603
+8.241723E-01,+4.990214E-02
1684745606
+8.515151E-01,+5.550556E-02
1684745610
+8.823041E-01,+6.195891E-02
1684745614
+9.131013E-01,+6.881087E-02
1684745617
+9.440328E-01,+7.603896E-02
1684745621
+9.714299E-01,+8.284964E-02
