1683548968
-9.403179E-04,+7.380549E-06
1683548972
+2.633572E-02,+4.084302E-05
1683548976
+5.002544E-02,+7.031943E-05
1683548979
+7.389196E-02,+9.997679E-05
1683548983
+1.011713E-01,+1.342093E-04
1683548986
+1.250787E-01,+1.646397E-04
1683548990
+1.489126E-01,+1.962212E-04
1683548994
+1.763062E-01,+2.365220E-04
1683548997
+2.003195E-01,+2.795928E-04
1683549001
+2.243153E-01,+3.372800E-04
1683549004
+2.483419E-01,+4.247239E-04
1683549008
+2.756363E-01,+5.925118E-04
1683549011
+2.996520E-01,+8.410698E-04
1683549015
+3.235216E-01,+1.226514E-03
1683549019
+3.508828E-01,+1.885518E-03
1683549022
+3.747458E-01,+2.674393E-03
1683549026
+3.985723E-01,+3.662562E-03
1683549029
+4.259659E-01,+5.027703E-03
1683549033
+4.499115E-01,+6.405850E-03
1683549037
+4.738674E-01,+7.888192E-03
1683549040
+5.011439E-01,+9.801502E-03
1683549044
+5.251738E-01,+1.169106E-02
1683549047
+5.491363E-01,+1.374975E-02
1683549051
+5.764771E-01,+1.625165E-02
1683549054
+6.003811E-01,+1.850244E-02
1683549058
+6.244743E-01,+2.093377E-02
1683549062
+6.519204E-01,+2.403197E-02
1683549065
+6.759019E-01,+2.703943E-02
1683549069
+6.998141E-01,+3.020732E-02
1683549072
+7.272437E-01,+3.403141E-02
1683549076
+7.511991E-01,+3.766751E-02
1683549080
+7.751765E-01,+4.147349E-02
1683549083
+8.025631E-01,+4.593866E-02
1683549087
+8.264903E-01,+5.014222E-02
1683549090
+8.504016E-01,+5.464360E-02
1683549094
+8.777660E-01,+5.984838E-02
1683549097
+9.017918E-01,+6.484050E-02
1683549101
+9.257389E-01,+6.984159E-02
1683549105
+9.531370E-01,+7.563654E-02
1683549108
+9.772158E-01,+8.111867E-02
