1684744731
-1.996389E+00,-1.793423E-02
1684744734
-1.969078E+00,-1.795663E-02
1684744738
-1.938303E+00,-1.792015E-02
1684744742
-1.907582E+00,-1.786427E-02
1684744745
-1.876792E+00,-1.776796E-02
1684744749
-1.846091E+00,-1.770862E-02
1684744752
-1.818737E+00,-1.763459E-02
1684744756
-1.788028E+00,-1.757747E-02
1684744760
-1.757271E+00,-1.750071E-02
1684744763
-1.726603E+00,-1.743205E-02
1684744767
-1.695895E+00,-1.732899E-02
1684744770
-1.668565E+00,-1.725032E-02
1684744774
-1.637919E+00,-1.719169E-02
1684744777
-1.607096E+00,-1.709574E-02
1684744781
-1.576383E+00,-1.702521E-02
1684744785
-1.545616E+00,-1.694954E-02
1684744788
-1.518333E+00,-1.687719E-02
1684744792
-1.487610E+00,-1.679253E-02
1684744795
-1.456670E+00,-1.672712E-02
1684744799
-1.426008E+00,-1.665698E-02
1684744803
-1.398733E+00,-1.656298E-02
1684744806
-1.368059E+00,-1.650437E-02
1684744810
-1.337220E+00,-1.642212E-02
1684744813
-1.306561E+00,-1.635253E-02
1684744817
-1.275808E+00,-1.627495E-02
1684744820
-1.248452E+00,-1.622695E-02
1684744824
-1.217703E+00,-1.614866E-02
1684744828
-1.186928E+00,-1.608186E-02
1684744831
-1.156212E+00,-1.600855E-02
1684744835
-1.125444E+00,-1.593067E-02
1684744838
-1.098120E+00,-1.588009E-02
1684744842
-1.067297E+00,-1.578179E-02
1684744846
-1.036560E+00,-1.570105E-02
1684744849
-1.005628E+00,-1.563594E-02
1684744853
-9.750090E-01,-1.555162E-02
1684744856
-9.476828E-01,-1.549018E-02
1684744860
-9.169940E-01,-1.540106E-02
1684744863
-8.862063E-01,-1.534166E-02
1684744867
-8.554513E-01,-1.526777E-02
1684744871
-8.280477E-01,-1.519193E-02
1684744874
-7.973638E-01,-1.512240E-02
1684744878
-7.666630E-01,-1.503552E-02
1684744881
-7.359666E-01,-1.492988E-02
1684744885
-7.052658E-01,-1.483370E-02
1684744889
-6.779031E-01,-1.476799E-02
1684744892
-6.471140E-01,-1.466879E-02
1684744896
-6.163483E-01,-1.459562E-02
1684744899
-5.855435E-01,-1.450041E-02
1684744903
-5.547985E-01,-1.439248E-02
1684744906
-5.275168E-01,-1.429984E-02
1684744910
-4.967903E-01,-1.420907E-02
1684744914
-4.660154E-01,-1.410263E-02
1684744917
-4.352631E-01,-1.397899E-02
1684744921
-4.045366E-01,-1.385577E-02
1684744924
-3.772264E-01,-1.375154E-02
1684744928
-3.464433E-01,-1.361842E-02
1684744932
-3.157694E-01,-1.347677E-02
1684744935
-2.850896E-01,-1.337174E-02
1684744939
-2.576903E-01,-1.321177E-02
1684744942
-2.269864E-01,-1.304764E-02
1684744946
-1.962215E-01,-1.287881E-02
1684744950
-1.654801E-01,-1.268890E-02
1684744953
-1.347503E-01,-1.249166E-02
1684744957
-1.074828E-01,-1.230243E-02
1684744960
-7.674216E-02,-1.206455E-02
1684744964
-4.601157E-02,-1.181122E-02
1684744967
-1.520258E-02,-1.149320E-02
1684744971
+1.019232E-02,-1.120690E-02
1684744975
+4.083899E-02,-1.079638E-02
1684744978
+7.149650E-02,-1.025022E-02
1684744982
+1.020489E-01,-9.595118E-03
1684744985
+1.294480E-01,-8.840673E-03
1684744989
+1.600904E-01,-7.818135E-03
1684744993
+1.909598E-01,-6.585764E-03
1684744996
+2.218491E-01,-5.158904E-03
1684745000
+2.492473E-01,-3.733688E-03
1684745003
+2.799732E-01,-2.008831E-03
1684745007
+3.107666E-01,-1.645265E-04
1684745010
+3.415016E-01,+1.813330E-03
1684745014
+3.722040E-01,+3.874156E-03
1684745018
+3.995580E-01,+5.857572E-03
1684745021
+4.304382E-01,+8.288727E-03
1684745025
+4.612124E-01,+1.100342E-02
1684745028
+4.919941E-01,+1.412355E-02
1684745032
+5.227858E-01,+1.771721E-02
1684745036
+5.502064E-01,+2.143150E-02
1684745039
+5.810425E-01,+2.610340E-02
1684745043
+6.118333E-01,+3.149807E-02
1684745046
+6.428735E-01,+3.776464E-02
1684745050
+6.736593E-01,+4.489179E-02
1684745053
+7.010524E-01,+5.215883E-02
1684745057
+7.320444E-01,+6.104604E-02
1684745061
+7.629160E-01,+7.107282E-02
1684745064
+7.938377E-01,+8.221743E-02
1684745068
+8.247762E-01,+9.447734E-02
1684745071
+8.339100E-01,+9.999999E-02
1684745075
+8.293101E-01,+9.999993E-02
1684745079
+8.260576E-01,+9.999990E-02
1684745082
+8.234073E-01,+9.999991E-02
1684745086
+8.212252E-01,+9.999987E-02
