1688714589
-1.995436E+00,-1.998075E-02
1688714592
-1.968085E+00,-2.001446E-02
1688714596
-1.937400E+00,-2.007889E-02
1688714600
-1.906583E+00,-2.009168E-02
1688714603
-1.875836E+00,-1.996800E-02
1688714607
-1.845115E+00,-1.997154E-02
1688714610
-1.817656E+00,-1.997381E-02
1688714614
-1.786997E+00,-1.977525E-02
1688714618
-1.756339E+00,-1.982218E-02
1688714621
-1.725619E+00,-1.967092E-02
1688714625
-1.694831E+00,-1.962357E-02
1688714628
-1.667453E+00,-1.952725E-02
1688714632
-1.636833E+00,-1.948487E-02
1688714635
-1.605952E+00,-1.932166E-02
1688714639
-1.575213E+00,-1.929420E-02
1688714643
-1.544430E+00,-1.922336E-02
1688714646
-1.517121E+00,-1.909449E-02
1688714650
-1.486331E+00,-1.897869E-02
1688714653
-1.455441E+00,-1.891082E-02
1688714657
-1.424674E+00,-1.884792E-02
1688714661
-1.397369E+00,-1.882346E-02
1688714664
-1.366690E+00,-1.863534E-02
1688714668
-1.335855E+00,-1.861928E-02
1688714671
-1.305130E+00,-1.856275E-02
1688714675
-1.274413E+00,-1.843050E-02
1688714678
-1.247065E+00,-1.842077E-02
1688714682
-1.216382E+00,-1.841231E-02
1688714686
-1.185690E+00,-1.832913E-02
1688714689
-1.154963E+00,-1.826966E-02
1688714693
-1.124147E+00,-1.817745E-02
1688714696
-1.096848E+00,-1.818995E-02
1688714700
-1.065986E+00,-1.808209E-02
1688714704
-1.035261E+00,-1.802554E-02
1688714707
-1.004380E+00,-1.790347E-02
1688714711
-9.736496E-01,-1.784714E-02
1688714714
-9.463418E-01,-1.791515E-02
1688714718
-9.156001E-01,-1.782574E-02
1688714721
-8.847833E-01,-1.774003E-02
1688714725
-8.540133E-01,-1.768975E-02
1688714729
-8.266989E-01,-1.759268E-02
1688714732
-7.959263E-01,-1.759410E-02
1688714736
-7.652403E-01,-1.752197E-02
1688714739
-7.346189E-01,-1.746291E-02
1688714743
-7.039237E-01,-1.745138E-02
1688714747
-6.764935E-01,-1.733554E-02
1688714750
-6.457175E-01,-1.730006E-02
1688714754
-6.149457E-01,-1.721120E-02
1688714757
-5.841220E-01,-1.713326E-02
1688714761
-5.533730E-01,-1.708918E-02
1688714764
-5.260469E-01,-1.703488E-02
1688714768
-4.953201E-01,-1.687302E-02
1688714772
-4.645033E-01,-1.682508E-02
1688714775
-4.337216E-01,-1.674514E-02
1688714779
-4.030374E-01,-1.667508E-02
1688714782
-3.756822E-01,-1.662414E-02
1688714786
-3.449796E-01,-1.654347E-02
1688714790
-3.143245E-01,-1.638219E-02
1688714793
-2.836253E-01,-1.632332E-02
1688714797
-2.562166E-01,-1.616413E-02
1688714800
-2.254072E-01,-1.604015E-02
1688714804
-1.947439E-01,-1.586298E-02
1688714807
-1.639362E-01,-1.576161E-02
1688714811
-1.332478E-01,-1.552869E-02
1688714815
-1.059317E-01,-1.532769E-02
1688714818
-7.519072E-02,-1.513237E-02
1688714822
-4.436051E-02,-1.492098E-02
1688714825
-1.353450E-02,-1.470378E-02
1688714829
+9.687955E-03,-1.448848E-02
1688714833
+4.034415E-02,-1.419294E-02
1688714836
+7.098199E-02,-1.368883E-02
1688714840
+1.015874E-01,-1.318421E-02
1688714843
+1.288634E-01,-1.267865E-02
1688714847
+1.595905E-01,-1.192220E-02
1688714850
+1.904827E-01,-1.100840E-02
1688714854
+2.213991E-01,-9.814410E-03
1688714858
+2.487760E-01,-8.558229E-03
1688714861
+2.794857E-01,-6.866829E-03
1688714865
+3.102078E-01,-4.963795E-03
1688714868
+3.410758E-01,-2.812208E-03
1688714872
+3.717920E-01,-4.482259E-04
1688714876
+3.991466E-01,+1.855509E-03
1688714879
+4.300005E-01,+4.558758E-03
1688714883
+4.607700E-01,+7.465776E-03
1688714886
+4.915096E-01,+1.060877E-02
1688714890
+5.224004E-01,+1.406088E-02
1688714893
+5.497019E-01,+1.744064E-02
1688714897
+5.805326E-01,+2.158778E-02
1688714901
+6.112632E-01,+2.612401E-02
1688714904
+6.422452E-01,+3.116487E-02
1688714908
+6.729508E-01,+3.665628E-02
1688714911
+7.003143E-01,+4.212853E-02
1688714915
+7.313626E-01,+4.863121E-02
1688714919
+7.621524E-01,+5.572417E-02
1688714922
+7.930053E-01,+6.339374E-02
1688714926
+8.239262E-01,+7.161669E-02
1688714929
+8.513063E-01,+7.951345E-02
1688714933
+8.822339E-01,+8.867555E-02
1688714936
+9.130703E-01,+9.843907E-02
1688714940
+9.131703E-01,+1.000004E-01
1688714944
+9.104204E-01,+1.000003E-01
