1685405956
-1.993372E+00,-7.694538E-04
1685405960
-1.965985E+00,-6.917637E-04
1685405963
-1.935326E+00,-6.462453E-04
1685405967
-1.904586E+00,-6.099591E-04
1685405970
-1.873804E+00,-5.785865E-04
1685405974
-1.843163E+00,-5.514846E-04
1685405978
-1.815848E+00,-5.295735E-04
1685405981
-1.785142E+00,-5.073022E-04
1685405985
-1.754452E+00,-4.858553E-04
1685405988
-1.723747E+00,-4.672083E-04
1685405992
-1.693025E+00,-4.489065E-04
1685405996
-1.665727E+00,-4.320714E-04
1685405999
-1.635106E+00,-4.155127E-04
1685406003
-1.604370E+00,-4.000696E-04
1685406006
-1.573726E+00,-3.852136E-04
1685406010
-1.542893E+00,-3.711227E-04
1685406013
-1.515638E+00,-3.589246E-04
1685406017
-1.484914E+00,-3.462329E-04
1685406021
-1.454053E+00,-3.332812E-04
1685406024
-1.423340E+00,-3.210242E-04
1685406028
-1.396034E+00,-3.105791E-04
1685406031
-1.365281E+00,-2.990411E-04
1685406035
-1.334541E+00,-2.879647E-04
1685406039
-1.303869E+00,-2.779615E-04
1685406042
-1.273124E+00,-2.680127E-04
1685406046
-1.245785E+00,-2.589936E-04
1685406049
-1.215004E+00,-2.497198E-04
1685406053
-1.184393E+00,-2.395862E-04
1685406056
-1.153672E+00,-2.295673E-04
1685406060
-1.122868E+00,-2.203873E-04
1685406064
-1.095522E+00,-2.121585E-04
1685406067
-1.064823E+00,-2.033701E-04
1685406071
-1.034115E+00,-1.945500E-04
1685406074
-1.003132E+00,-1.862466E-04
1685406078
-9.724483E-01,-1.780432E-04
1685406082
-9.451975E-01,-1.706104E-04
1685406085
-9.144724E-01,-1.626046E-04
1685406089
-8.837562E-01,-1.544147E-04
1685406092
-8.529822E-01,-1.469756E-04
1685406096
-8.256906E-01,-1.403593E-04
1685406099
-7.949666E-01,-1.328198E-04
1685406103
-7.642957E-01,-1.258198E-04
1685406107
-7.336619E-01,-1.189742E-04
1685406110
-7.029365E-01,-1.121448E-04
1685406114
-6.755672E-01,-1.063287E-04
1685406117
-6.447941E-01,-9.976822E-05
1685406121
-6.140944E-01,-9.354681E-05
1685406125
-5.832469E-01,-8.732118E-05
1685406128
-5.525430E-01,-8.138957E-05
1685406132
-5.253221E-01,-7.615221E-05
1685406135
-4.945934E-01,-7.045703E-05
1685406139
-4.637760E-01,-6.485358E-05
1685406142
-4.330296E-01,-5.936563E-05
1685406146
-4.022981E-01,-5.418584E-05
1685406150
-3.749807E-01,-4.968114E-05
1685406153
-3.442892E-01,-4.488538E-05
1685406157
-3.136104E-01,-4.015385E-05
1685406160
-2.828647E-01,-3.579301E-05
1685406164
-2.554222E-01,-3.177077E-05
1685406168
-2.246941E-01,-2.745164E-05
1685406171
-1.940178E-01,-2.335600E-05
1685406175
-1.632372E-01,-1.940590E-05
1685406178
-1.325458E-01,-1.562259E-05
1685406182
-1.052475E-01,-1.236052E-05
1685406185
-7.455947E-02,-8.872434E-06
1685406189
-4.369379E-02,-5.367256E-06
1685406193
-1.289233E-02,-1.877506E-06
1685406196
+9.451358E-03,+7.601502E-07
1685406200
+4.011301E-02,+4.596874E-06
1685406203
+7.074298E-02,+8.942271E-06
1685406207
+1.012970E-01,+1.408153E-05
1685406211
+1.286435E-01,+1.982952E-05
1685406214
+1.592992E-01,+2.854908E-05
1685406218
+1.901485E-01,+4.258301E-05
1685406221
+2.209628E-01,+6.760092E-05
1685406225
+2.484177E-01,+1.104224E-04
1685406228
+2.791903E-01,+2.061487E-04
1685406232
+3.099269E-01,+3.979260E-04
1685406236
+3.407137E-01,+7.545152E-04
1685406239
+3.713728E-01,+1.351067E-03
1685406243
+3.986375E-01,+2.143749E-03
1685406246
+4.295361E-01,+3.366929E-03
1685406250
+4.602643E-01,+4.963074E-03
1685406254
+4.910536E-01,+6.930141E-03
1685406257
+5.218662E-01,+9.265924E-03
1685406261
+5.491492E-01,+1.165118E-02
1685406264
+5.798674E-01,+1.462821E-02
1685406268
+6.106734E-01,+1.792455E-02
1685406272
+6.416495E-01,+2.156697E-02
1685406275
+6.723912E-01,+2.550598E-02
1685406279
+6.997225E-01,+2.929132E-02
1685406282
+7.306742E-01,+3.381490E-02
1685406286
+7.614386E-01,+3.861038E-02
1685406289
+7.922487E-01,+4.376306E-02
1685406293
+8.230276E-01,+4.918469E-02
1685406297
+8.504503E-01,+5.439607E-02
1685406300
+8.812811E-01,+6.040312E-02
1685406304
+9.121204E-01,+6.677904E-02
1685406307
+9.429370E-01,+7.347826E-02
1685406311
+9.704252E-01,+7.980676E-02
