1679726558
-9.982664E-01,-1.864583E-02
1679726560
-9.300675E-01,-1.858800E-02
1679726563
-8.651447E-01,-1.855726E-02
1679726565
-7.934470E-01,-1.850309E-02
1679726568
-7.286402E-01,-1.845449E-02
1679726571
-6.602888E-01,-1.841425E-02
1679726573
-5.884219E-01,-1.835719E-02
1679726576
-5.235751E-01,-1.830858E-02
1679726578
-4.553052E-01,-1.829058E-02
1679726581
-3.904244E-01,-1.825613E-02
1679726584
-3.188060E-01,-1.822450E-02
1679726586
-2.503828E-01,-1.818713E-02
1679726589
-1.855100E-01,-1.815176E-02
1679726591
-1.138783E-01,-1.812160E-02
1679726594
-4.888879E-02,-1.809331E-02
1679726597
+2.033895E-02,-1.804961E-02
1679726599
+9.184941E-02,-1.802143E-02
1679726602
+1.565957E-01,-1.798446E-02
1679726604
+2.251314E-01,-1.795940E-02
1679726607
+2.900979E-01,-1.790439E-02
1679726609
+3.618035E-01,-1.780921E-02
1679726612
+4.300973E-01,-1.767681E-02
1679726615
+4.949245E-01,-1.739448E-02
1679726617
+5.666600E-01,-1.654089E-02
1679726620
+6.316107E-01,-1.410583E-02
1679726622
+6.991173E-01,-6.963940E-03
1679726625
1679726628
1679726630
1679726633
