1669304070
+1.299761E+00,+3.400916E-11
1669304080
+1.299697E+00,-2.620208E-09
1669304091
+1.299703E+00,-1.169717E-09
1669304101
+1.299661E+00,-1.323489E-09
1669304111
+1.299721E+00,-7.012198E-10
1669304121
+1.299673E+00,-6.620466E-10
1669304132
+1.299636E+00,-3.719629E-10
1669304142
+1.299694E+00,-2.523097E-10
1669304152
+1.299740E+00,-7.475184E-10
1669304163
+1.299695E+00,-1.422344E-09
1669304173
+1.299754E+00,-2.311770E-09
1669304183
+1.299712E+00,-1.572367E-09
1669304193
+1.299784E+00,-2.510648E-10
1669304204
+1.299699E+00,-1.190153E-09
1669304214
+1.299627E+00,-1.839896E-10
1669304224
+1.299656E+00,-4.928756E-10
1669304235
+1.299698E+00,-6.445184E-10
1669304245
+1.299736E+00,-1.351390E-09
1669304255
+1.299738E+00,-1.347684E-09
1669304265
+1.299768E+00,-6.186850E-10
1669304275
+1.299754E+00,-1.547835E-10
1669304286
+1.299728E+00,-9.000137E-10
1669304296
+1.299749E+00,+1.210719E-10
1669304306
+1.299765E+00,-1.152187E-09
1669304317
+1.299735E+00,-1.817867E-09
1669304327
+1.299689E+00,-1.744186E-10
1669304337
+1.299768E+00,-2.606892E-09
1669304347
+1.299766E+00,-1.136796E-09
1669304358
+1.299808E+00,-1.145160E-09
