1668401416
-3.489427E-01,-1.002913E-07
1668401418
-3.284878E-01,-9.051785E-08
1668401419
-3.080288E-01,-8.620549E-08
1668401421
-2.875012E-01,-8.219278E-08
1668401422
-2.668761E-01,-7.591970E-08
1668401424
-2.497290E-01,-7.852482E-08
1668401425
-2.292966E-01,-7.572382E-08
1668401427
-2.087407E-01,-7.234344E-08
1668401429
-1.883442E-01,-6.807942E-08
1668401430
-1.679126E-01,-6.613956E-08
1668401432
-1.473960E-01,-6.435018E-08
1668401433
-1.269577E-01,-6.101941E-08
1668401435
-1.099206E-01,-5.774989E-08
1668401436
-8.945727E-02,-5.840511E-08
1668401438
-6.898067E-02,-5.875441E-08
1668401440
-4.838730E-02,-5.724178E-08
1668401441
-2.788233E-02,-5.440619E-08
1668401443
-7.379918E-03,-5.390810E-08
1668401444
+1.300713E-02,-5.378599E-08
1668401446
+3.337415E-02,-5.239090E-08
1668401447
+5.378705E-02,-4.951320E-08
1668401449
+7.424999E-02,-4.931772E-08
1668401451
+9.474460E-02,-4.631288E-08
1668401452
+1.117076E-01,-4.663593E-08
1668401454
+1.322172E-01,-4.341809E-08
1668401455
+1.526859E-01,-4.107017E-08
1668401457
+1.731605E-01,-4.093345E-08
1668401458
+1.936994E-01,-3.845549E-08
1668401460
+2.143032E-01,-3.973885E-08
1668401462
+2.348587E-01,-3.922534E-08
1668401463
+2.519117E-01,-3.638391E-08
1668401465
+2.723588E-01,-3.256129E-08
1668401466
+2.928976E-01,-3.136877E-08
1668401468
+3.133447E-01,-2.941265E-08
1668401469
+3.338627E-01,-3.272468E-08
1668401471
+3.543774E-01,-3.176392E-08
1668401472
+3.748311E-01,-3.145006E-08
1668401474
+3.953307E-01,-2.932679E-08
1668401476
+4.124021E-01,-2.974361E-08
1668401477
+4.328834E-01,-2.637199E-08
1668401479
+4.533846E-01,-2.541456E-08
1668401480
+4.738775E-01,-2.355639E-08
1668401482
+4.943764E-01,-2.495064E-08
1668401483
+5.148410E-01,-2.515613E-08
1668401485
+5.353115E-01,-2.168614E-08
1668401487
+5.523709E-01,-2.067785E-08
1668401488
+5.729057E-01,-2.019144E-08
1668401490
+5.933971E-01,-1.722954E-08
1668401491
+6.138425E-01,-1.892015E-08
1668401493
+6.344356E-01,-1.829701E-08
1668401494
+6.549029E-01,-1.719162E-08
1668401496
+6.753982E-01,-1.441604E-08
1668401498
+6.924505E-01,-1.238448E-08
1668401499
+7.129241E-01,-1.234571E-08
1668401501
+7.335455E-01,-1.216148E-08
1668401502
+7.540184E-01,-1.124156E-08
1668401504
+7.744588E-01,-1.136952E-08
1668401505
+7.950127E-01,-1.143830E-08
1668401507
+8.154072E-01,-1.051380E-08
1668401509
+8.324721E-01,-8.446811E-09
1668401510
+8.529568E-01,-8.510584E-09
1668401512
+8.734208E-01,-5.995099E-09
1668401513
+8.938153E-01,-6.486109E-09
1668401515
+9.143698E-01,-7.443534E-09
1668401516
+9.347920E-01,-5.626643E-09
1668401518
+9.553199E-01,-3.951886E-09
1668401520
+9.723384E-01,-6.292704E-09
1668401521
+9.928126E-01,-3.839333E-09
1668401523
+1.013294E+00,-4.174043E-09
1668401524
+1.033715E+00,-2.945679E-09
1668401526
+1.054108E+00,-2.942816E-09
1668401527
+1.074880E+00,-2.799407E-09
1668401529
+1.095459E+00,-4.114428E-09
1668401531
+1.112500E+00,-3.818903E-09
1668401532
+1.133002E+00,-2.934898E-09
1668401534
+1.153371E+00,-2.018742E-09
1668401535
+1.173984E+00,-5.066022E-10
1668401537
+1.194490E+00,-2.624764E-09
1668401538
+1.215033E+00,-2.082069E-10
1668401540
+1.235472E+00,+3.965673E-10
1668401541
+1.252574E+00,+5.595268E-10
1668401543
+1.273037E+00,+6.395876E-10
1668401545
+1.293467E+00,-3.453080E-10
1668401546
+1.313934E+00,-8.525765E-10
1668401548
+1.334390E+00,+6.545474E-10
1668401549
+1.354932E+00,-1.382713E-09
1668401551
+1.375392E+00,+3.515723E-10
1668401552
+1.395925E+00,+2.160814E-09
1668401554
+1.412986E+00,+2.050784E-09
1668401556
+1.433480E+00,+2.422112E-09
1668401557
+1.453957E+00,+6.128760E-10
1668401559
+1.474365E+00,+1.380173E-09
1668401560
+1.494887E+00,+9.671205E-10
1668401562
+1.515531E+00,+1.885755E-09
1668401563
+1.535985E+00,+1.705280E-09
1668401565
+1.553099E+00,+2.705967E-09
1668401567
+1.573593E+00,+1.050955E-09
1668401568
+1.593984E+00,+3.074813E-09
1668401570
+1.614612E+00,+3.394479E-09
1668401571
+1.635071E+00,+3.603674E-09
