1669369480
+5.602322E+00,+5.676112E-07
1669369490
+5.602403E+00,+7.405044E-07
1669369500
+5.602385E+00,+7.494535E-07
1669369510
+5.602460E+00,+7.554560E-07
1669369521
+5.602403E+00,+7.584020E-07
1669369531
+5.602336E+00,+7.592368E-07
1669369541
+5.602368E+00,+7.648324E-07
1669369552
+5.602414E+00,+7.705016E-07
1669369562
+5.602279E+00,+7.736293E-07
1669369572
+5.602392E+00,+7.768256E-07
1669369582
+5.602435E+00,+7.783439E-07
1669369593
+5.602440E+00,+7.784287E-07
1669369603
+5.602428E+00,+7.835995E-07
1669369613
+5.602542E+00,+7.851143E-07
1669369624
+5.602505E+00,+7.846999E-07
1669369634
+5.602414E+00,+7.819617E-07
1669369644
+5.602453E+00,+7.857514E-07
1669369655
+5.602446E+00,+7.883538E-07
1669369665
+5.602483E+00,+7.881135E-07
1669369675
+5.602471E+00,+7.919371E-07
1669369685
+5.602504E+00,+7.858429E-07
1669369696
+5.602490E+00,+7.866227E-07
1669369706
+5.602496E+00,+7.899779E-07
1669369716
+5.602481E+00,+7.907706E-07
1669369727
+5.602441E+00,+7.883305E-07
1669369737
+5.602428E+00,+7.920554E-07
1669369747
+5.602469E+00,+7.944755E-07
1669369757
+5.602427E+00,+7.861642E-07
1669369768
+5.602517E+00,+7.916537E-07
1669369778
+5.602418E+00,+7.882533E-07
1669369788
+5.602475E+00,+7.927582E-07
1669369799
+5.602435E+00,+7.943387E-07
1669369809
+5.602486E+00,+7.931765E-07
1669369819
+5.602479E+00,+7.910057E-07
1669369829
+5.602423E+00,+7.891486E-07
1669369840
+5.602448E+00,+7.977034E-07
1669369850
+5.602414E+00,+7.971786E-07
1669369860
+5.602328E+00,+7.973725E-07
1669369871
+5.602375E+00,+7.994420E-07
1669369881
+5.602391E+00,+8.013847E-07
1669369891
+5.602440E+00,+8.015158E-07
1669369901
+5.602500E+00,+8.013020E-07
1669369912
+5.602427E+00,+8.036114E-07
1669369922
+5.602458E+00,+8.042717E-07
1669369932
+5.602437E+00,+8.098635E-07
1669369942
+5.602439E+00,+8.391678E-07
1669369953
+5.602460E+00,+8.266923E-07
1669369963
+5.602462E+00,+8.201720E-07
1669369973
+5.602507E+00,+8.101651E-07
1669369984
+5.602458E+00,+8.082781E-07
1669369994
+5.602431E+00,+8.372393E-07
1669370004
+5.602431E+00,+8.177061E-07
1669370014
+5.602344E+00,+8.128368E-07
1669370025
+5.602369E+00,+8.158320E-07
1669370035
+5.602496E+00,+8.143001E-07
1669370045
+5.602502E+00,+8.078204E-07
1669370056
+5.602468E+00,+8.016727E-07
1669370066
+5.602425E+00,+8.069898E-07
1669370076
+5.602463E+00,+8.070633E-07
1669370086
+5.602491E+00,+8.107004E-07
1669370097
+5.602487E+00,+8.062762E-07
1669370107
+5.602458E+00,+8.039875E-07
1669370117
+5.602503E+00,+8.073565E-07
1669370128
+5.602469E+00,+8.029832E-07
1669370138
+5.602464E+00,+8.044600E-07
1669370148
+5.602458E+00,+8.041978E-07
1669370159
+5.602436E+00,+8.078863E-07
1669370169
+5.602414E+00,+8.088008E-07
1669370179
+5.602512E+00,+8.046250E-07
1669370189
+5.602499E+00,+8.128730E-07
1669370200
+5.602512E+00,+8.650675E-07
1669370210
+5.602510E+00,+8.306459E-07
1669370220
+5.602385E+00,+8.270610E-07
1669370231
+5.602464E+00,+8.213225E-07
1669370241
+5.602477E+00,+8.203035E-07
1669370251
+5.602403E+00,+8.161596E-07
1669370261
+5.602474E+00,+8.167997E-07
1669370271
+5.602411E+00,+8.132316E-07
1669370281
+5.602496E+00,+8.122049E-07
1669370292
+5.602552E+00,+8.289345E-07
1669370302
+5.602436E+00,+8.168587E-07
1669370312
+5.602551E+00,+8.105034E-07
1669370322
+5.602539E+00,+8.146447E-07
1669370333
+5.602479E+00,+8.124607E-07
1669370343
+5.602457E+00,+8.155158E-07
1669370353
+5.602451E+00,+8.045797E-07
1669370364
+5.602469E+00,+8.120359E-07
1669370374
+5.602515E+00,+8.114225E-07
1669370384
+5.602486E+00,+8.086012E-07
1669370394
+5.602462E+00,+8.123408E-07
1669370405
+5.602351E+00,+8.159188E-07
1669370415
+5.602373E+00,+8.149987E-07
1669370425
+5.602522E+00,+8.129013E-07
1669370436
+5.602555E+00,+8.115085E-07
1669370446
+5.602423E+00,+8.141834E-07
1669370456
+5.602417E+00,+8.129124E-07
1669370466
+5.602478E+00,+8.174327E-07
1669370476
+5.602458E+00,+8.199834E-07
1669370487
+5.602437E+00,+8.200495E-07
1669370497
+5.602405E+00,+8.243146E-07
1669370507
+5.602436E+00,+8.230435E-07
1669370518
1669370528
+2.501815E+00,+1.002843E-07
1669370538
+1.699377E+00,+3.158707E-08
1669370549
+1.699428E+00,+1.213064E-07
