1668402860
-3.488970E-01,-2.684441E-06
1668402862
-3.284279E-01,-2.659621E-06
1668402863
-3.078928E-01,-2.640254E-06
1668402865
-2.874696E-01,-2.625804E-06
1668402866
-2.668961E-01,-2.607918E-06
1668402868
-2.496921E-01,-2.599430E-06
1668402869
-2.293255E-01,-2.582359E-06
1668402871
-2.087597E-01,-2.567178E-06
1668402873
-1.883213E-01,-2.553022E-06
1668402874
-1.678046E-01,-2.534610E-06
1668402876
-1.473588E-01,-2.521238E-06
1668402877
-1.268580E-01,-2.503179E-06
1668402879
-1.098191E-01,-2.489553E-06
1668402880
-8.943832E-02,-2.473907E-06
1668402882
-6.881735E-02,-2.459335E-06
1668402884
-4.832568E-02,-2.442836E-06
1668402885
-2.778730E-02,-2.427972E-06
1668402887
-7.306531E-03,-2.409049E-06
1668402888
+1.283538E-02,-2.399856E-06
1668402890
+3.322248E-02,-2.383184E-06
1668402891
+5.361876E-02,-2.372029E-06
1668402893
+7.403419E-02,-2.356526E-06
1668402895
+9.446719E-02,-2.342321E-06
1668402896
+1.115202E-01,-2.329731E-06
1668402898
+1.320490E-01,-2.310136E-06
1668402899
+1.525229E-01,-2.293393E-06
1668402901
+1.728774E-01,-2.279987E-06
1668402902
+1.935155E-01,-2.265051E-06
1668402904
+2.141562E-01,-2.250367E-06
1668402906
+2.347200E-01,-2.236555E-06
1668402907
+2.518432E-01,-2.221094E-06
1668402909
+2.722828E-01,-2.206066E-06
1668402910
+2.927483E-01,-2.193652E-06
1668402912
+3.132421E-01,-2.177042E-06
1668402913
+3.337293E-01,-2.156578E-06
1668402915
+3.542206E-01,-2.134827E-06
1668402916
+3.747035E-01,-2.124087E-06
1668402918
+3.951598E-01,-2.108180E-06
1668402920
+4.122436E-01,-2.095778E-06
1668402921
+4.327451E-01,-2.081259E-06
1668402923
+4.531923E-01,-2.067765E-06
1668402924
+4.736777E-01,-2.051795E-06
1668402926
+4.941739E-01,-2.035424E-06
1668402927
+5.147255E-01,-2.020546E-06
1668402929
+5.351576E-01,-2.003602E-06
1668402931
+5.522348E-01,-1.990705E-06
1668402932
+5.726576E-01,-1.977096E-06
1668402934
+5.931748E-01,-1.960038E-06
1668402935
+6.135936E-01,-1.945639E-06
1668402937
+6.341375E-01,-1.928501E-06
1668402938
+6.546949E-01,-1.914440E-06
1668402940
+6.751813E-01,-1.898607E-06
1668402942
+6.923416E-01,-1.889193E-06
1668402943
+7.128063E-01,-1.872142E-06
1668402945
+7.333301E-01,-1.858068E-06
1668402946
+7.538849E-01,-1.844347E-06
1668402948
+7.743619E-01,-1.827984E-06
1668402949
+7.948548E-01,-1.813763E-06
1668402951
+8.152775E-01,-1.795401E-06
1668402953
+8.323449E-01,-1.782372E-06
1668402954
+8.528506E-01,-1.765957E-06
1668402956
+8.733411E-01,-1.751486E-06
1668402957
+8.937308E-01,-1.733810E-06
1668402959
+9.142987E-01,-1.721235E-06
1668402960
+9.347515E-01,-1.704378E-06
1668402962
+9.552153E-01,-1.690024E-06
1668402964
+9.722542E-01,-1.674400E-06
1668402965
+9.926773E-01,-1.660747E-06
1668402967
+1.013210E+00,-1.647102E-06
1668402968
+1.033721E+00,-1.632428E-06
1668402970
+1.054191E+00,-1.615158E-06
1668402971
+1.074941E+00,-1.597141E-06
1668402973
+1.095344E+00,-1.572206E-06
1668402975
+1.112441E+00,-1.536587E-06
1668402976
+1.132923E+00,-1.477687E-06
1668402978
+1.153409E+00,-1.416627E-06
1668402979
+1.173962E+00,-1.360875E-06
1668402981
+1.194513E+00,-1.293966E-06
1668402982
+1.215011E+00,-1.236765E-06
1668402984
+1.235409E+00,-1.166362E-06
1668402986
+1.252379E+00,-1.115899E-06
1668402987
+1.272795E+00,-1.051432E-06
1668402989
+1.293290E+00,-9.907156E-07
1668402990
+1.313830E+00,-9.271440E-07
1668402992
+1.334334E+00,-8.706861E-07
1668402993
+1.354751E+00,-7.998363E-07
1668402995
+1.375205E+00,-7.404523E-07
1668402996
+1.395754E+00,-6.739443E-07
1668402998
+1.412859E+00,-6.308817E-07
1668402999
+1.433295E+00,-5.643439E-07
1668403001
+1.453747E+00,-5.032924E-07
1668403002
+1.474188E+00,-4.465790E-07
1668403004
+1.494833E+00,-3.827002E-07
1668403006
+1.515387E+00,-3.256586E-07
1668403007
+1.535860E+00,-2.662685E-07
1668403009
+1.552973E+00,-2.177602E-07
1668403010
+1.573468E+00,-1.606955E-07
1668403012
+1.593869E+00,-1.016350E-07
1668403013
+1.614445E+00,-4.403758E-08
1668403015
+1.634913E+00,+1.571395E-08
