1669376481
-4.012234E-01,-3.591812E-09
1669376491
-4.012924E-01,-4.953100E-11
1669376501
-4.012524E-01,-1.197402E-09
1669376512
-4.011404E-01,-6.033252E-10
1669376522
-4.012556E-01,+1.673610E-09
1669376532
-4.012285E-01,+5.961399E-10
1669376542
-4.012623E-01,-2.696887E-09
1669376553
-4.012803E-01,+1.265643E-10
1669376563
-4.011882E-01,+4.025343E-09
1669376573
-4.012433E-01,-2.302145E-11
1669376584
-4.012383E-01,+3.243183E-09
1669376594
-4.012904E-01,+7.021684E-10
1669376604
-4.011973E-01,+5.986869E-10
1669376614
-4.012333E-01,+1.425697E-10
1669376625
-4.012404E-01,+9.137349E-10
1669376635
-4.012733E-01,+1.399468E-09
1669376645
-4.012793E-01,+2.946436E-09
1669376656
-4.012454E-01,+6.912005E-10
1669376666
-4.013436E-01,-5.816613E-10
1669376676
-4.013845E-01,-4.426471E-10
1669376686
-4.011713E-01,+1.531402E-09
1669376697
-4.011922E-01,-4.615899E-10
1669376707
-4.012424E-01,-1.795921E-10
1669376717
-4.012964E-01,+4.636996E-10
1669376728
-4.012494E-01,-1.704973E-09
1669376738
-4.012366E-01,+1.439851E-09
1669376748
-4.012284E-01,+1.952152E-09
1669376758
-4.012896E-01,+1.303093E-09
1669376769
-4.012955E-01,+1.413888E-09
1669376779
-4.012926E-01,+6.607557E-10
1669376789
-4.012845E-01,+1.052306E-09
1669376800
-4.012964E-01,+2.670956E-09
1669376810
-4.012705E-01,+1.614126E-09
1669376820
-4.013145E-01,+1.468907E-09
1669376830
-4.012376E-01,+1.671188E-09
1669376841
-4.013067E-01,-1.005393E-09
1669376851
-4.012495E-01,+1.078477E-09
1669376861
-4.012344E-01,-1.077837E-09
1669376871
-4.011215E-01,+2.933985E-09
1669376882
-4.012927E-01,+1.576541E-09
1669376892
-4.011634E-01,+7.763211E-10
1669376902
-4.012307E-01,+1.026233E-09
1669376913
-4.012536E-01,+1.365131E-10
1669376923
-4.011535E-01,-9.508259E-10
1669376933
-4.012026E-01,+8.997504E-10
1669376943
-4.012457E-01,+9.252160E-10
1669376954
-4.012186E-01,+9.947723E-10
1669376964
-4.012717E-01,+1.503965E-09
1669376974
-4.012356E-01,-5.872053E-10
1669376985
-4.012436E-01,+3.861825E-10
1669376995
-4.012726E-01,+4.431508E-10
1669377005
-4.012127E-01,-1.134302E-09
1669377015
-4.012696E-01,+1.306916E-09
1669377026
-4.012535E-01,-6.491805E-10
1669377036
-4.012566E-01,-1.491559E-09
1669377046
-4.012055E-01,+1.162392E-09
1669377057
-4.012456E-01,+7.623754E-10
1669377067
-4.011905E-01,+1.760106E-09
1669377077
-4.012065E-01,+1.180435E-09
1669377087
-4.012486E-01,-5.992311E-10
1669377098
-4.012086E-01,-4.615454E-10
1669377108
-4.011635E-01,+3.350449E-11
1669377118
-4.011805E-01,-3.235496E-10
1669377129
-4.011995E-01,+1.722599E-09
1669377139
-4.011646E-01,-3.546975E-10
1669377149
-4.012075E-01,+9.983617E-10
1669377159
-4.011506E-01,+2.904538E-09
1669377170
-4.012676E-01,+7.618177E-10
1669377180
-4.013337E-01,-7.057052E-10
1669377190
-4.012246E-01,-1.559563E-09
1669377201
-4.011976E-01,+1.220351E-09
1669377211
-4.013236E-01,+1.129860E-09
1669377221
-4.012185E-01,+2.237797E-09
1669377231
-4.012395E-01,+3.784757E-09
1669377242
-4.012007E-01,+2.638395E-09
1669377252
-4.011665E-01,+9.628444E-10
1669377262
-4.013006E-01,-9.703494E-10
1669377273
-4.012375E-01,-1.061308E-09
1669377283
-4.011766E-01,-1.338883E-09
1669377293
-4.012326E-01,-1.069341E-09
1669377303
-4.012316E-01,+2.189162E-09
1669377314
-4.011827E-01,+1.161922E-09
1669377324
-4.011946E-01,+2.029146E-09
1669377334
-4.011026E-01,-6.892763E-10
1669377345
-4.011686E-01,+2.585420E-09
1669377355
-4.012016E-01,+4.341809E-10
1669377365
-4.012747E-01,-8.821389E-10
1669377375
-4.012348E-01,-8.562788E-10
1669377386
-4.012718E-01,+9.133300E-10
1669377396
-4.012596E-01,+2.025714E-09
1669377406
-4.013128E-01,+1.770540E-09
1669377417
-4.012426E-01,+4.961814E-10
1669377427
-4.013297E-01,+1.573563E-09
1669377437
-4.012739E-01,+1.088308E-09
1669377447
-4.012977E-01,+2.719927E-09
1669377458
-4.011786E-01,+2.456313E-09
1669377468
-4.011636E-01,+1.071890E-09
1669377478
-4.012897E-01,-4.466876E-10
1669377489
-4.012837E-01,+1.558032E-09
1669377499
-4.012988E-01,+1.195879E-09
1669377509
-4.012307E-01,-3.560878E-10
1669377520
-4.011738E-01,+8.757264E-10
1669377530
-4.012997E-01,+1.105888E-09
1669377540
-4.013399E-01,-1.497080E-09
1669377550
-4.013959E-01,-6.473508E-10
1669377561
-4.011986E-01,-1.585459E-10
1669377571
-4.012656E-01,+5.937994E-10
1669377581
-4.012107E-01,+1.764616E-09
1669377592
-4.012205E-01,+9.719306E-10
1669377602
-4.012506E-01,-1.136890E-09
1669377612
-4.012146E-01,-4.445345E-10
1669377622
-4.012118E-01,+1.454060E-09
1669377633
-4.010966E-01,+2.961230E-10
1669377643
-4.011827E-01,+2.261666E-09
1669377653
-4.012296E-01,-6.147476E-11
1669377664
-4.013336E-01,+2.650921E-09
1669377674
-4.012786E-01,-1.356274E-09
1669377684
-4.011696E-01,+1.380056E-09
1669377695
-4.012546E-01,-5.001346E-11
1669377705
-4.012326E-01,+1.080414E-09
1669377715
-4.011885E-01,+1.406993E-09
1669377725
-4.012696E-01,-7.685984E-10
1669377736
-4.011867E-01,+5.903669E-11
1669377746
-4.011516E-01,+1.940703E-09
1669377756
-4.012417E-01,-3.619477E-10
1669377767
-4.011306E-01,+1.201955E-09
1669377777
-4.012096E-01,-1.171404E-09
1669377787
-4.012646E-01,+1.871188E-09
1669377797
-4.011915E-01,+9.053023E-10
1669377808
-4.012016E-01,+2.664422E-09
1669377818
-4.011966E-01,+9.128447E-10
1669377828
-4.012277E-01,+7.797138E-10
1669377839
-4.012225E-01,+5.521989E-10
1669377849
-4.011716E-01,+1.241768E-10
1669377859
-4.011846E-01,+1.072897E-09
1669377869
-4.011785E-01,+1.128413E-09
1669377880
-4.011796E-01,+2.996554E-09
1669377890
-4.011955E-01,+1.905167E-09
1669377900
-4.011466E-01,+1.557542E-09
1669377911
-4.011305E-01,+1.785640E-09
1669377921
-4.011365E-01,+2.020224E-09
1669377931
-4.012184E-01,+2.664436E-09
1669377941
-4.012086E-01,+1.412986E-09
1669377951
-4.011425E-01,+1.798154E-09
1669377962
-4.011254E-01,+8.883321E-10
1669377972
-4.011076E-01,+1.335966E-09
1669377982
-4.012766E-01,+1.474559E-09
1669377993
-4.012276E-01,+4.922843E-10
1669378003
-4.011125E-01,+6.233604E-10
1669378013
-4.011816E-01,+8.527536E-10
1669378023
-4.012606E-01,+1.871608E-09
1669378034
-4.012157E-01,+2.443281E-09
1669378044
-4.012297E-01,+1.474047E-09
1669378054
-4.013366E-01,+2.882021E-09
1669378065
-4.012896E-01,-2.221109E-10
1669378075
-4.011976E-01,+1.043383E-09
1669378085
-4.011365E-01,-3.059673E-10
1669378095
-4.011416E-01,+1.993244E-09
1669378106
-4.012356E-01,+4.025381E-09
1669378116
-4.012206E-01,+3.756147E-10
1669378126
-4.012106E-01,+4.502786E-10
1669378137
-4.011397E-01,+7.522433E-10
1669378147
-4.012006E-01,+2.036501E-10
1669378157
-4.011126E-01,-1.824200E-10
1669378168
-4.011616E-01,+1.228471E-09
1669378178
-4.011355E-01,+1.720416E-09
1669378188
-4.012126E-01,+2.258761E-09
1669378198
-4.012235E-01,-6.500465E-11
1669378209
-4.011646E-01,+7.011844E-10
1669378219
-4.012637E-01,-2.873920E-09
1669378229
-4.012275E-01,-9.193972E-11
1669378240
-4.011444E-01,+2.831913E-09
1669378250
-4.012245E-01,+1.755060E-09
1669378260
-4.011414E-01,+2.443428E-09
1669378270
-4.011124E-01,+3.878330E-09
1669378280
-4.012316E-01,+6.107078E-10
1669378291
-4.012225E-01,-6.837093E-10
1669378301
-4.012555E-01,+3.699243E-09
1669378311
-4.011647E-01,+1.199428E-09
1669378322
-4.012607E-01,+9.374160E-10
1669378332
-4.011705E-01,+1.050867E-09
1669378342
-4.011675E-01,-3.404910E-08
1669378352
-4.012696E-01,-1.274773E-07
1669378363
-4.012297E-01,-8.086635E-08
1669378373
-4.011947E-01,-1.502483E-09
1669378383
-4.011275E-01,+5.886233E-10
1669378394
-4.011885E-01,+1.112897E-09
1669378404
-4.011727E-01,+4.926317E-10
1669378414
-4.011506E-01,+6.153580E-11
1669378424
-4.012117E-01,-1.827495E-09
1669378435
-4.011915E-01,-9.665721E-08
1669378445
-4.011826E-01,-1.344147E-07
1669378455
-4.012997E-01,-2.163246E-08
1669378466
-4.012507E-01,-2.284655E-09
1669378476
-4.012318E-01,-1.515476E-09
1669378486
-4.011867E-01,-2.292353E-11
1669378496
-4.012726E-01,-1.986034E-09
1669378507
-4.011377E-01,-2.351332E-11
1669378517
-4.010986E-01,-6.910604E-08
1669378527
-4.011175E-01,-1.325596E-07
1669378538
-4.012336E-01,-5.988353E-08
1669378548
-4.012006E-01,-1.224896E-09
1669378558
-4.011636E-01,-1.398844E-09
1669378568
-4.011686E-01,-4.216111E-10
1669378579
-4.011385E-01,-5.876805E-09
1669378589
-4.011635E-01,-7.906520E-10
1669378599
-4.012147E-01,-9.778804E-09
1669378610
-4.010965E-01,-1.236354E-07
1669378620
-4.012306E-01,-9.448387E-08
1669378630
-4.012326E-01,-5.171400E-10
1669378641
-4.012927E-01,-1.296909E-09
1669378651
-4.011946E-01,-1.483430E-09
1669378661
-4.012426E-01,-3.151317E-09
1669378671
-4.012055E-01,-4.146566E-10
1669378682
-4.012786E-01,-1.434010E-09
1669378692
-4.012875E-01,-9.070445E-08
1669378702
-4.012046E-01,-1.376700E-07
1669378713
-4.012406E-01,-1.753241E-08
1669378723
-4.011837E-01,-1.906057E-09
1669378733
-4.012786E-01,-1.529051E-09
1669378744
-4.012606E-01,-1.945489E-09
1669378754
-4.012185E-01,-2.095197E-09
1669378764
-4.012606E-01,-2.015563E-09
1669378774
-4.011846E-01,-1.947530E-09
1669378784
-4.012655E-01,-9.373854E-08
1669378795
-4.011323E-01,-1.347594E-07
1669378805
-4.011885E-01,-1.094292E-08
1669378815
-4.012365E-01,-2.374200E-09
1669378826
-4.012616E-01,-8.276894E-10
1669378836
-4.012286E-01,-6.036703E-10
1669378846
-4.013006E-01,-2.886367E-10
1669378857
-4.012537E-01,-1.889022E-09
1669378867
-4.011946E-01,-7.358422E-08
1669378877
-4.012367E-01,-1.231392E-07
1669378887
-4.012927E-01,-4.551895E-08
1669378898
-4.011595E-01,-1.431912E-09
1669378908
-4.011844E-01,-1.951585E-09
1669378918
-4.011896E-01,-1.326338E-09
1669378929
-4.012536E-01,-2.167708E-09
1669378939
-4.011847E-01,-1.000743E-09
1669378949
-4.011377E-01,-4.733212E-08
1669378960
-4.011505E-01,-1.302495E-07
1669378970
-4.011416E-01,-5.500388E-08
1669378980
-4.011885E-01,-1.573979E-09
1669378990
-4.011917E-01,-2.010177E-09
1669379001
-4.011857E-01,-2.920420E-09
1669379011
-4.012007E-01,-1.156894E-09
1669379021
-4.011886E-01,-2.901003E-09
1669379032
-4.012127E-01,-1.158467E-08
1669379042
-4.012307E-01,-1.218317E-07
1669379052
-4.011556E-01,-9.406170E-08
1669379062
-4.012857E-01,-3.134409E-09
1669379073
-4.012348E-01,-3.508672E-09
1669379083
-4.011736E-01,-1.583017E-09
1669379093
-4.011487E-01,-2.614484E-10
1669379104
-4.011067E-01,-1.229872E-09
1669379114
-4.012186E-01,+2.251034E-10
1669379124
-4.011907E-01,-9.162525E-08
1669379135
-4.011236E-01,-1.300106E-07
1669379145
-4.011136E-01,-2.180159E-08
1669379155
-4.012137E-01,-2.982929E-09
1669379165
-4.011748E-01,-2.061247E-09
1669379176
-4.012329E-01,-2.838929E-09
1669379186
-4.012119E-01,-2.567912E-09
1669379196
-4.011327E-01,-1.417939E-09
1669379207
-4.012017E-01,-6.908540E-08
1669379217
-4.011508E-01,-1.340978E-07
1669379227
-4.012418E-01,-6.209489E-08
1669379237
-4.012128E-01,-1.232387E-09
1669379248
-4.012277E-01,-1.249818E-09
1669379258
-4.012097E-01,-3.014031E-09
1669379268
-4.011596E-01,-6.751534E-10
1669379279
-4.011438E-01,-3.220030E-09
1669379289
-4.012457E-01,-4.450016E-09
1669379299
-4.011827E-01,-9.940415E-08
1669379310
-4.012498E-01,-1.143846E-07
1669379320
-4.013167E-01,-9.710725E-09
1669379330
-4.012857E-01,-4.326258E-09
1669379340
-4.013078E-01,-2.333698E-09
1669379351
-4.011048E-01,-1.269387E-09
1669379361
-4.011758E-01,-1.228879E-09
1669379371
-4.012080E-01,-2.351787E-09
1669379382
-4.011458E-01,-8.448118E-08
1669379392
-4.012558E-01,-1.200374E-07
1669379402
-4.012409E-01,-4.500263E-08
1669379412
-4.011537E-01,-1.268907E-09
1669379423
-4.011369E-01,-1.726576E-09
1669379433
-4.012008E-01,-1.146371E-09
1669379443
-4.012649E-01,-3.340519E-09
1669379454
-4.012098E-01,-3.245037E-09
1669379464
-4.011988E-01,-1.367053E-08
1669379474
-4.012418E-01,-1.190897E-07
1669379485
-4.011287E-01,-9.435493E-08
1669379495
-4.012147E-01,-3.606252E-09
1669379505
-4.011456E-01,-4.701660E-10
1669379515
-4.011419E-01,-2.469369E-09
1669379526
-4.011328E-01,-3.834793E-09
1669379536
-4.011367E-01,-4.320559E-09
1669379546
-4.010868E-01,-3.241062E-09
1669379557
-4.012220E-01,-8.628731E-08
1669379567
-4.012747E-01,-1.299196E-07
1669379577
-4.012129E-01,-2.666001E-08
1669379587
-4.011207E-01,-1.058640E-08
1669379597
-4.012268E-01,-3.864163E-09
1669379608
-4.012627E-01,-2.600269E-09
1669379618
-4.011537E-01,-2.738412E-09
1669379628
-4.010787E-01,-4.958066E-09
1669379639
-4.011878E-01,-2.532837E-09
1669379649
-4.011508E-01,-5.427664E-08
1669379659
-4.011346E-01,-1.128370E-07
1669379669
-4.011747E-01,-5.480700E-08
1669379680
-4.011337E-01,-3.152599E-09
1669379690
-4.011136E-01,-2.454224E-09
1669379700
-4.010538E-01,-2.726329E-09
1669379711
-4.011477E-01,-3.342011E-09
1669379721
-4.011738E-01,-4.521875E-09
1669379731
-4.011487E-01,-1.455487E-09
1669379741
-4.011718E-01,-1.515417E-08
1669379752
-4.012217E-01,-1.235381E-07
1669379762
-4.011856E-01,-7.168118E-08
1669379772
-4.010977E-01,-6.284895E-08
1669379782
-4.011437E-01,-2.579287E-09
1669379792
-4.011177E-01,-2.783890E-09
1669379803
-4.010936E-01,-3.370043E-09
1669379813
-4.011327E-01,-2.965440E-09
1669379823
-4.012167E-01,-3.268062E-09
1669379833
-4.011356E-01,-2.805432E-09
1669379844
-4.012118E-01,-1.161365E-07
1669379854
-4.011688E-01,-1.060432E-07
1669379864
-4.011356E-01,-9.459959E-09
1669379875
-4.011366E-01,-1.893646E-09
1669379885
-4.011887E-01,-3.690697E-09
1669379895
-4.012108E-01,-3.927787E-09
1669379905
-4.011197E-01,-2.922973E-09
1669379916
-4.011088E-01,-1.913674E-09
1669379926
-4.011118E-01,-4.765189E-08
1669379936
-4.010947E-01,-1.206355E-07
1669379947
-4.010967E-01,-6.407087E-08
1669379957
-4.011187E-01,-3.540050E-09
1669379967
-4.010638E-01,-2.620902E-09
1669379977
-4.011638E-01,-2.416299E-09
1669379988
-4.011756E-01,-1.837082E-09
1669379998
-4.011767E-01,-1.446435E-09
1669380008
-4.012209E-01,-1.116915E-08
1669380019
-4.012488E-01,-1.243707E-07
1669380029
-4.011608E-01,-1.011033E-07
1669380039
-4.011548E-01,-5.133166E-09
1669380050
-4.011357E-01,-1.241953E-09
1669380060
-4.011727E-01,-2.459746E-09
1669380070
-4.011647E-01,-4.396884E-09
1669380080
-4.011379E-01,-3.011504E-09
1669380091
-4.011579E-01,-2.708368E-09
1669380101
-4.011949E-01,-6.142596E-08
1669380111
-4.012509E-01,-1.255752E-07
1669380122
-4.011687E-01,-4.473601E-08
1669380132
-4.011817E-01,-1.987564E-09
1669380142
-4.011718E-01,-2.495694E-09
1669380152
-4.012598E-01,-1.944023E-09
1669380163
-4.011668E-01,-3.314955E-09
1669380173
-4.012009E-01,-1.248462E-09
1669380183
-4.011960E-01,-8.521210E-09
1669380194
-4.011788E-01,-1.252264E-07
1669380204
-4.012069E-01,-8.629827E-08
1669380214
-4.011697E-01,-4.527467E-09
1669380224
-4.011257E-01,-3.292528E-09
1669380235
-4.011348E-01,-3.326055E-09
1669380245
-4.011787E-01,-4.166345E-09
1669380255
-4.011888E-01,-4.593950E-09
1669380266
-4.011677E-01,-3.222533E-09
1669380276
-4.012238E-01,-9.202952E-08
1669380286
-4.011828E-01,-1.223157E-07
1669380296
-4.012079E-01,-2.166355E-08
1669380307
-4.012108E-01,-2.443328E-09
1669380317
-4.012277E-01,-5.244222E-09
1669380327
-4.012398E-01,-3.168479E-09
1669380338
-4.011357E-01,-5.178649E-09
1669380348
-4.011878E-01,-4.100356E-09
1669380358
-4.012117E-01,-4.870519E-08
1669380368
-4.012118E-01,-1.228633E-07
1669380379
-4.011127E-01,-4.962165E-08
1669380389
-4.011047E-01,-6.907303E-09
1669380399
-4.011538E-01,-1.352311E-09
1669380410
-4.011527E-01,-1.673100E-09
1669380420
-4.011758E-01,-6.582586E-09
1669380430
-4.011148E-01,-4.341803E-09
1669380441
-4.011327E-01,-2.911468E-09
1669380451
-4.011127E-01,-9.937670E-08
1669380461
-4.011507E-01,-1.155183E-07
1669380471
-4.012069E-01,-2.153990E-08
1669380482
-4.011879E-01,-3.682602E-09
1669380492
-4.011648E-01,-4.860637E-09
1669380502
-4.011416E-01,-3.396553E-09
1669380512
-4.010847E-01,-3.580098E-09
1669380523
-4.010949E-01,-3.367573E-09
1669380533
-4.011128E-01,-4.092926E-08
1669380543
-4.011758E-01,-1.167072E-07
1669380554
-4.011558E-01,-7.135915E-08
1669380564
-4.011249E-01,-5.338824E-09
1669380574
-4.010246E-01,-3.820330E-09
1669380584
-4.010887E-01,-5.943974E-09
1669380595
-4.010696E-01,-2.083169E-09
1669380605
-4.011457E-01,-4.780492E-09
1669380615
-4.010956E-01,-3.590667E-09
1669380626
-4.010586E-01,-7.807309E-08
1669380636
-4.011216E-01,-1.285934E-07
1669380646
-4.011197E-01,-3.627172E-08
1669380656
-4.010268E-01,-3.412119E-09
1669380667
-4.010746E-01,-2.455239E-09
1669380677
-4.010656E-01,-3.713732E-09
1669380687
-4.010326E-01,-1.963666E-09
1669380698
-4.010457E-01,-2.935436E-09
1669380708
-4.010616E-01,-2.778065E-08
1669380718
-4.010407E-01,-1.301343E-07
1669380729
-4.010747E-01,-6.966902E-08
1669380739
-4.010867E-01,-2.551228E-09
1669380749
-4.010486E-01,-6.167375E-10
1669380759
-4.011747E-01,-2.576843E-09
1669380770
-4.011688E-01,-3.046850E-09
1669380780
-4.011877E-01,-6.091404E-09
1669380790
-4.011477E-01,-2.922868E-09
1669380800
-4.012648E-01,-6.182414E-08
1669380811
-4.011897E-01,-1.235609E-07
1669380821
-4.012248E-01,-4.828357E-08
1669380831
-4.011068E-01,-4.398415E-09
1669380842
-4.010876E-01,-3.984328E-09
1669380852
-4.011267E-01,-4.061430E-09
1669380862
-4.011097E-01,-3.475532E-09
1669380872
-4.011117E-01,-5.613784E-09
1669380883
-4.011418E-01,-5.309740E-09
1669380893
-4.011248E-01,-4.842841E-08
1669380903
-4.011277E-01,-1.186913E-07
1669380913
-4.011888E-01,-5.896652E-08
1669380924
-4.011648E-01,-4.769458E-09
1669380934
-4.012398E-01,-3.073430E-09
1669380944
-4.011267E-01,-4.554833E-09
1669380955
-4.010787E-01,-5.658798E-09
1669380965
-4.012058E-01,-3.778278E-09
1669380975
-4.011638E-01,-2.879459E-09
1669380985
-4.011578E-01,-9.707783E-08
1669380996
-4.011538E-01,-1.241225E-07
1669381006
-4.011979E-01,-2.607694E-08
1669381016
-4.011269E-01,-5.287915E-09
1669381026
-4.010988E-01,-4.011274E-09
1669381036
-4.010857E-01,-3.860112E-09
1669381047
-4.011568E-01,-3.306054E-09
1669381057
-4.010878E-01,-2.970414E-09
1669381067
-4.010878E-01,-1.743029E-09
1669381077
-4.011208E-01,-4.937180E-09
1669381088
-4.011149E-01,-1.073197E-07
1669381098
-4.011458E-01,-1.145300E-07
1669381108
-4.011208E-01,-1.280860E-08
1669381119
-4.010748E-01,-4.324419E-09
1669381129
-4.010367E-01,-4.434876E-09
1669381139
-4.010940E-01,-2.272753E-09
1669381149
-4.011638E-01,-4.658507E-09
1669381160
-4.010947E-01,-5.788861E-09
1669381170
-4.011128E-01,-5.553706E-08
1669381180
-4.011520E-01,-1.150590E-07
1669381191
-4.011398E-01,-4.660628E-08
1669381201
-4.011727E-01,-3.510596E-09
1669381211
-4.011309E-01,-5.534345E-09
1669381221
-4.010497E-01,-4.893474E-09
1669381231
-4.011307E-01,-2.822322E-09
1669381242
-4.011046E-01,-4.748513E-09
1669381252
-4.012480E-01,-3.537167E-09
1669381262
-4.011897E-01,-5.783425E-08
1669381272
-4.011978E-01,-8.289641E-08
1669381283
-4.010859E-01,-1.188854E-07
1669381293
-4.011548E-01,-2.441876E-08
1669381303
-4.010526E-01,-5.446322E-09
1669381314
-4.010797E-01,-6.146907E-09
1669381324
-4.011127E-01,-3.288976E-09
1669381334
-4.011329E-01,-2.282770E-09
1669381344
-4.012079E-01,-2.267726E-09
1669381355
-4.011818E-01,-3.062558E-08
1669381365
-4.011897E-01,-1.252210E-07
1669381375
-4.012538E-01,-7.173317E-08
1669381386
-4.011748E-01,-5.442786E-09
1669381396
-4.011047E-01,-2.694376E-09
1669381406
-4.011597E-01,-4.431411E-09
1669381417
-4.011078E-01,-3.442711E-09
1669381427
-4.011938E-01,-4.634951E-09
1669381437
-4.012619E-01,-3.830169E-08
1669381447
-4.011148E-01,-1.227975E-07
1669381458
-4.010778E-01,-7.844476E-08
1669381468
-4.011047E-01,-5.192148E-09
1669381478
-4.011327E-01,-6.038898E-09
1669381489
-4.011197E-01,-5.732424E-09
1669381499
-4.011327E-01,-3.200568E-09
1669381509
-4.011517E-01,-2.758885E-09
1669381519
-4.011687E-01,-4.304799E-09
1669381530
-4.010737E-01,-5.712795E-08
1669381540
-4.012328E-01,-1.328583E-07
1669381550
-4.011639E-01,-4.348906E-08
1669381561
-4.011188E-01,-4.853581E-09
1669381571
-4.011217E-01,-3.076509E-09
1669381581
-4.011399E-01,-4.572472E-09
1669381592
-4.011338E-01,-3.394520E-09
1669381602
-4.011009E-01,-5.179094E-09
1669381612
-4.011498E-01,-4.347179E-08
1669381622
-4.010617E-01,-6.449770E-08
1669381632
-4.011357E-01,-9.589037E-08
1669381642
-4.011117E-01,-1.200810E-07
1669381653
-4.011228E-01,-1.709378E-08
1669381663
-4.010988E-01,-6.761232E-09
1669381673
-4.012017E-01,-2.533278E-09
1669381684
-4.011837E-01,-2.358215E-09
1669381694
-4.011689E-01,-4.950118E-09
1669381704
-4.011438E-01,-3.454036E-09
1669381715
-4.011429E-01,-5.693661E-08
1669381725
-4.010538E-01,-1.201418E-07
1669381735
-4.011789E-01,-4.649692E-08
1669381745
-4.011348E-01,-3.406156E-09
1669381756
-4.011159E-01,-2.124111E-09
1669381766
-4.010958E-01,-3.025943E-09
1669381776
-4.011388E-01,-2.815859E-09
1669381787
-4.011218E-01,-8.737568E-10
1669381797
-4.011768E-01,-5.032844E-08
1669381807
-4.010807E-01,-8.353506E-08
1669381817
-4.010657E-01,-8.040592E-08
1669381827
-4.011047E-01,-9.175033E-08
1669381838
-4.011428E-01,-1.072494E-08
1669381848
-4.011329E-01,-6.093451E-09
1669381858
-4.010929E-01,-4.718507E-09
1669381868
-4.011308E-01,-3.823240E-09
1669381879
-4.011858E-01,-3.864692E-09
1669381889
-4.010978E-01,-6.181999E-09
1669381899
-4.011148E-01,-6.734682E-08
1669381910
-4.012369E-01,-1.289234E-07
1669381920
-4.011257E-01,-3.511431E-08
1669381930
-4.011469E-01,-4.203368E-09
1669381941
-4.011318E-01,-4.598513E-09
1669381951
-4.010686E-01,-2.587856E-09
1669381961
-4.010787E-01,-3.737771E-09
1669381971
-4.010857E-01,-5.393225E-09
1669381982
-4.010617E-01,-4.295330E-09
1669381992
-4.010348E-01,-4.814512E-09
1669382002
-4.009746E-01,-4.871006E-09
1669382013
-4.012308E-01,-3.572135E-09
1669382023
-4.012219E-01,-4.420783E-09
1669382033
-4.011978E-01,-3.190513E-09
1669382043
-4.011188E-01,-5.527873E-09
1669382054
-4.010918E-01,-3.912226E-09
1669382064
-4.010847E-01,-3.499258E-09
1669382074
-4.011636E-01,-4.222865E-09
1669382085
-4.011058E-01,-3.673181E-09
1669382095
-4.010977E-01,-3.751258E-09
1669382105
-4.011607E-01,-3.018031E-09
1669382116
-4.010927E-01,-3.594691E-09
1669382126
-4.011126E-01,-1.693996E-09
1669382136
-4.010968E-01,-5.313656E-09
1669382146
-4.010777E-01,-4.765501E-09
1669382157
-4.010366E-01,-3.583634E-09
1669382167
-4.010537E-01,-3.094459E-09
1669382177
-4.010296E-01,-4.088498E-09
1669382188
-4.010417E-01,-2.741410E-09
1669382198
-4.011348E-01,-3.357071E-09
1669382208
-4.010726E-01,-2.275768E-09
1669382218
-4.011237E-01,-2.776843E-09
1669382229
-4.010917E-01,-2.319690E-09
1669382239
-4.011207E-01,-2.505302E-09
1669382249
-4.011256E-01,-2.123191E-09
1669382260
-4.011307E-01,-4.687551E-09
1669382270
-4.011257E-01,-3.538090E-09
1669382280
-4.010956E-01,-2.366646E-09
1669382290
-4.010945E-01,-2.944467E-09
1669382300
-4.011648E-01,-5.043720E-09
1669382311
-4.011807E-01,-6.215962E-10
1669382321
-4.011047E-01,-3.053485E-09
1669382331
-4.010046E-01,-3.394592E-09
1669382342
-4.012327E-01,-2.831494E-09
1669382352
-4.012618E-01,-2.040117E-09
1669382362
-4.011948E-01,-3.156596E-09
1669382372
-4.011437E-01,-5.172242E-09
1669382383
-4.011649E-01,-3.942312E-09
1669382393
-4.011358E-01,-2.904410E-09
1669382403
-4.011539E-01,-4.323456E-09
1669382413
-4.010908E-01,-4.717022E-09
1669382424
-4.012309E-01,-1.566527E-09
1669382434
-4.011558E-01,-2.012542E-09
1669382444
-4.011037E-01,-5.155956E-08
1669382455
-4.011236E-01,-1.212325E-08
1669382465
-4.010426E-01,-2.299221E-09
1669382475
-4.011638E-01,-3.036587E-09
1669382486
-4.011978E-01,-4.060298E-09
1669382496
-4.012179E-01,-3.912091E-09
1669382506
-4.012130E-01,-4.863053E-09
1669382516
-4.011489E-01,-7.416684E-08
1669382527
-4.011879E-01,-1.162889E-07
1669382537
-4.012090E-01,-2.926823E-08
1669382547
-4.011609E-01,-3.912835E-09
1669382558
-4.012199E-01,-5.390392E-09
1669382568
-4.011579E-01,-2.448295E-09
1669382578
-4.011338E-01,-2.398247E-09
1669382588
-4.010967E-01,-4.704573E-09
1669382599
-4.011388E-01,-2.414382E-08
1669382609
-4.010498E-01,-1.302137E-07
1669382619
-4.011966E-01,-6.364467E-08
1669382630
-4.011196E-01,-3.294616E-09
1669382640
-4.011296E-01,-3.416584E-09
1669382650
-4.010707E-01,-4.503947E-09
1669382661
-4.011437E-01,-3.517017E-09
1669382671
-4.011278E-01,-3.842861E-09
1669382681
-4.011628E-01,-2.066616E-09
1669382691
-4.011877E-01,-1.046272E-07
1669382702
-4.011697E-01,-8.973013E-08
1669382712
-4.012148E-01,-5.504917E-09
1669382722
-4.012247E-01,-3.220990E-09
1669382733
-4.012589E-01,-6.111470E-09
1669382743
-4.011438E-01,-4.433482E-09
1669382753
-4.011467E-01,-4.280024E-09
1669382764
-4.011728E-01,-4.247377E-09
1669382774
-4.012038E-01,-9.709893E-08
1669382784
-4.011397E-01,-1.203809E-07
1669382794
-4.011568E-01,-1.980179E-08
1669382805
-4.011078E-01,-6.382513E-09
1669382815
-4.011278E-01,-4.126883E-09
1669382825
-4.012418E-01,-5.811290E-09
1669382836
-4.012229E-01,-4.269255E-09
1669382846
-4.010608E-01,-4.910169E-09
1669382856
-4.011278E-01,-7.636552E-08
1669382867
-4.012139E-01,-1.214676E-07
1669382877
-4.011709E-01,-2.677435E-08
1669382887
-4.010789E-01,-5.032696E-09
1669382897
-4.011749E-01,-2.267711E-09
1669382908
-4.011789E-01,-2.587814E-09
1669382918
-4.011038E-01,-4.718504E-09
1669382928
-4.011389E-01,-3.875694E-09
1669382938
-4.010969E-01,-4.162837E-09
1669382948
-4.010648E-01,-3.446551E-09
1669382959
-4.010518E-01,-8.300347E-08
1669382969
-4.011729E-01,-1.202662E-07
1669382979
-4.011428E-01,-2.210303E-08
1669382990
-4.011579E-01,-4.759559E-09
1669383000
-4.012119E-01,-6.079047E-09
1669383010
-4.011939E-01,-4.072325E-09
1669383020
-4.011158E-01,-5.978370E-09
1669383031
-4.012008E-01,-3.615136E-09
1669383041
-4.011838E-01,-7.339331E-08
1669383051
-4.012139E-01,-1.168076E-07
1669383062
-4.011528E-01,-2.988098E-08
1669383072
-4.010579E-01,-5.214683E-09
1669383082
-4.011298E-01,-5.853503E-09
1669383093
-4.011519E-01,-5.045137E-09
1669383103
-4.010918E-01,-6.595108E-09
1669383113
-4.010888E-01,-5.530393E-09
1669383123
-4.010187E-01,-2.133885E-08
1669383134
-4.011367E-01,-1.090383E-07
1669383144
-4.011557E-01,-8.627163E-08
1669383154
-4.010977E-01,-4.879045E-09
1669383165
-4.011348E-01,-3.363595E-09
1669383175
-4.011067E-01,-5.458248E-09
1669383185
-4.011808E-01,-5.614289E-09
1669383195
-4.011629E-01,-4.752422E-09
1669383205
-4.011897E-01,-5.325708E-09
1669383216
-4.011627E-01,-4.071805E-08
1669383226
-4.011758E-01,-1.167963E-07
1669383236
-4.010356E-01,-8.069158E-08
1669383247
-4.010917E-01,-4.733985E-09
1669383257
-4.010426E-01,-4.425410E-09
1669383267
-4.011167E-01,-6.353108E-09
1669383278
-4.010827E-01,-2.123108E-09
1669383288
-4.010596E-01,-3.794809E-09
1669383298
-4.010947E-01,-4.701146E-09
1669383308
-4.010627E-01,-8.504316E-08
1669383319
-4.011086E-01,-1.120452E-07
1669383329
-4.011225E-01,-2.112079E-08
1669383339
-4.010676E-01,-4.780067E-09
1669383350
-4.011746E-01,-5.502226E-09
1669383360
-4.011737E-01,-2.412293E-09
1669383370
-4.011998E-01,-4.655471E-09
1669383380
-4.011366E-01,-3.393695E-09
1669383391
-4.011467E-01,-6.488373E-08
1669383401
-4.010988E-01,-1.182783E-07
1669383411
-4.011366E-01,-5.237790E-08
1669383422
-4.011907E-01,-4.923197E-09
1669383432
-4.012389E-01,-3.681092E-09
1669383442
-4.011868E-01,-6.090092E-09
1669383453
-4.011188E-01,-5.480682E-09
1669383463
-4.012300E-01,-6.794283E-09
1669383473
-4.012128E-01,-7.011014E-09
1669383483
-4.011938E-01,-1.107680E-07
1669383494
-4.011077E-01,-8.464266E-08
1669383504
-4.011317E-01,-5.648318E-09
1669383514
-4.011258E-01,-3.244057E-09
1669383525
-4.011208E-01,-4.880517E-09
1669383535
-4.012007E-01,-7.983537E-09
1669383545
-4.010997E-01,-4.279002E-09
1669383555
-4.010827E-01,-5.454931E-09
1669383565
-4.011077E-01,-1.084018E-08
1669383576
-4.011377E-01,-1.044126E-07
1669383586
-4.011789E-01,-9.373984E-08
1669383596
-4.012479E-01,-6.365111E-09
1669383607
-4.011601E-01,-5.489352E-09
1669383617
-4.011950E-01,-4.619536E-09
1669383627
-4.011219E-01,-6.278067E-09
1669383638
-4.011519E-01,-3.783686E-09
1669383648
-4.011621E-01,-4.480973E-09
1669383658
-4.011919E-01,-9.177774E-08
1669383669
-4.011470E-01,-1.219202E-07
1669383679
-4.012190E-01,-1.581245E-08
1669383689
-4.010718E-01,-6.479161E-09
1669383699
-4.011427E-01,-3.451684E-09
1669383710
-4.011669E-01,-4.839638E-09
1669383720
-4.011620E-01,-5.692325E-09
1669383730
-4.011079E-01,-6.444537E-09
1669383741
-4.011779E-01,-7.535358E-08
1669383751
-4.011379E-01,-1.309849E-07
1669383761
-4.011750E-01,-2.913374E-08
1669383772
-4.011460E-01,-3.669144E-09
1669383782
-4.011990E-01,-5.054135E-09
1669383792
-4.011489E-01,-5.297137E-09
1669383802
-4.010819E-01,-6.727742E-09
1669383813
-4.011169E-01,-6.996283E-09
1669383823
-4.010868E-01,-4.944147E-08
1669383833
-4.010970E-01,-1.318549E-07
1669383844
-4.012099E-01,-5.501699E-08
1669383854
-4.011420E-01,-5.891557E-09
1669383864
-4.012099E-01,-5.373830E-09
1669383875
-4.010938E-01,-3.151020E-09
1669383885
-4.011409E-01,-3.542229E-09
1669383895
-4.011109E-01,-4.910468E-09
1669383905
-4.011529E-01,-2.309033E-08
1669383916
-4.011267E-01,-1.157562E-07
1669383926
-4.010897E-01,-7.124746E-08
1669383936
-4.011008E-01,-3.167039E-09
1669383947
-4.011739E-01,-6.738166E-09
1669383957
-4.011127E-01,-6.527507E-09
1669383967
-4.011508E-01,-4.051857E-09
1669383978
-4.010977E-01,-5.705966E-09
1669383988
-4.011877E-01,-5.767340E-09
1669383998
-4.010626E-01,-1.038028E-07
1669384008
-4.011119E-01,-1.111752E-07
1669384019
-4.011748E-01,-1.308470E-08
1669384029
-4.011358E-01,-5.555787E-09
1669384039
-4.011748E-01,-4.998123E-09
1669384050
-4.011368E-01,-6.100512E-09
1669384060
-4.011799E-01,-5.752792E-09
1669384070
-4.012159E-01,-5.592398E-09
1669384080
-4.011768E-01,-6.007954E-09
1669384090
-4.011468E-01,-1.002615E-07
1669384101
-4.010616E-01,-1.124325E-07
1669384111
-4.011398E-01,-1.300445E-08
1669384121
-4.011589E-01,-4.252393E-09
1669384132
-4.011938E-01,-4.715570E-09
1669384142
-4.011798E-01,-4.704928E-09
1669384152
-4.011807E-01,-4.404359E-09
1669384163
-4.011138E-01,-5.042651E-09
1669384173
-4.012099E-01,-9.407937E-08
1669384183
-4.010868E-01,-1.257001E-07
1669384193
-4.010637E-01,-2.463658E-08
1669384204
-4.011488E-01,-3.588735E-09
1669384214
-4.011817E-01,-5.494792E-09
1669384224
-4.011489E-01,-5.506747E-09
1669384235
-4.011399E-01,-4.333023E-09
1669384245
-4.011518E-01,-5.543817E-09
1669384255
-4.011769E-01,-6.585649E-08
1669384266
-4.011368E-01,-1.000824E-07
1669384276
-4.012520E-01,-3.629523E-08
1669384286
-4.011359E-01,-4.640031E-09
1669384296
-4.011639E-01,-4.607018E-09
1669384307
-4.011438E-01,-4.235826E-09
1669384317
-4.011308E-01,-6.155517E-09
1669384327
-4.012198E-01,-5.611359E-09
1669384338
-4.012389E-01,-3.724459E-08
1669384348
-4.012260E-01,-1.253971E-07
1669384358
-4.012379E-01,-5.292662E-08
1669384369
-4.011978E-01,-6.850750E-09
1669384379
-4.011799E-01,-3.839791E-09
1669384389
-4.012069E-01,-5.654405E-09
1669384399
-4.011260E-01,-6.540134E-09
1669384410
-4.011692E-01,-4.461518E-09
1669384420
-4.012699E-01,-1.228914E-08
1669384430
-4.011829E-01,-1.172287E-07
1669384441
-4.012630E-01,-6.127676E-08
1669384451
-4.012480E-01,-7.933633E-09
1669384461
-4.011679E-01,-4.856537E-09
1669384472
-4.011188E-01,-7.585977E-09
1669384482
-4.011350E-01,-5.888919E-09
1669384492
-4.011820E-01,-5.170158E-09
1669384502
-4.010899E-01,-5.000667E-09
1669384513
-4.011580E-01,-6.726065E-08
1669384523
-4.011208E-01,-1.256006E-07
1669384533
-4.010609E-01,-2.968516E-08
1669384544
-4.010768E-01,-7.316368E-09
1669384554
-4.010358E-01,-7.272522E-09
1669384564
-4.010468E-01,-5.538660E-09
1669384574
-4.010777E-01,-6.462145E-09
1669384585
-4.012270E-01,-7.560884E-09
1669384595
-4.011999E-01,-3.861630E-08
1669384605
-4.011479E-01,-1.077871E-07
1669384616
-4.010980E-01,-5.757876E-08
1669384626
-4.010928E-01,-6.005561E-09
1669384636
-4.011338E-01,-5.960502E-09
1669384647
-4.011057E-01,-6.270502E-09
1669384657
-4.011838E-01,-4.846592E-09
1669384667
-4.012221E-01,-5.895410E-09
1669384677
-4.011368E-01,-1.420497E-08
1669384688
-4.011228E-01,-9.958421E-08
1669384698
-4.011279E-01,-9.682462E-08
1669384708
-4.011357E-01,-8.811907E-09
1669384719
-4.011288E-01,-4.739563E-09
1669384729
-4.012118E-01,-4.195836E-09
1669384739
-4.011998E-01,-6.723648E-09
1669384750
-4.011217E-01,-7.120917E-09
1669384760
-4.012228E-01,-6.211960E-09
1669384770
-4.011868E-01,-9.625897E-08
1669384780
-4.011457E-01,-1.046121E-07
1669384791
-4.011237E-01,-1.187975E-08
1669384801
-4.011448E-01,-5.633314E-09
1669384811
-4.010987E-01,-4.726577E-09
1669384822
-4.011418E-01,-4.850108E-09
1669384832
-4.011459E-01,-6.824722E-09
1669384842
-4.011127E-01,-7.073974E-09
1669384853
-4.011428E-01,-6.360086E-08
1669384863
-4.011608E-01,-1.243666E-07
1669384873
-4.011758E-01,-1.212485E-07
1669384883
-4.011428E-01,-1.052764E-07
1669384893
-4.011168E-01,-1.229817E-08
1669384903
-4.011230E-01,-3.971305E-09
1669384913
-4.010408E-01,-4.287362E-09
1669384924
-4.010108E-01,-9.119975E-09
1669384934
-4.011498E-01,-5.786316E-09
1669384944
-4.010638E-01,-4.476026E-09
1669384955
-4.010848E-01,-1.833564E-08
1669384965
-4.010999E-01,-1.063894E-07
1669384975
-4.011219E-01,-9.255510E-08
1669384986
-4.010949E-01,-6.353522E-09
1669384996
-4.012020E-01,-5.920880E-09
1669385006
-4.011830E-01,-6.997805E-09
1669385016
-4.010818E-01,-3.435723E-09
1669385027
-4.011299E-01,-8.576378E-09
1669385037
-4.011280E-01,-5.557243E-09
1669385047
-4.011270E-01,-9.477032E-08
1669385058
-4.012181E-01,-9.525223E-08
1669385068
-4.011041E-01,-1.021433E-08
1669385078
-4.011408E-01,-5.210685E-09
1669385088
-4.011390E-01,-4.718046E-09
1669385098
-4.012408E-01,-7.427436E-09
1669385109
-4.011828E-01,-7.311855E-09
1669385119
-4.012068E-01,-5.784881E-09
1669385129
-4.012290E-01,-7.145911E-09
1669385139
-4.011538E-01,-4.435360E-08
1669385150
-4.011989E-01,-1.222268E-07
1669385160
-4.011478E-01,-6.691081E-08
1669385170
-4.011178E-01,-5.289250E-09
1669385181
-4.011899E-01,-7.661637E-09
1669385191
-4.011769E-01,-6.152088E-09
1669385201
-4.012059E-01,-8.274211E-09
1669385212
-4.012048E-01,-5.759810E-09
1669385222
-4.011338E-01,-1.977424E-08
1669385232
-4.011918E-01,-1.313343E-07
1669385243
-4.011178E-01,-7.844017E-08
1669385253
-4.011699E-01,-4.347443E-09
1669385263
-4.011668E-01,-6.123527E-09
1669385273
-4.011778E-01,-6.505578E-09
1669385284
-4.010408E-01,-7.437541E-09
1669385294
-4.011047E-01,-5.830942E-09
1669385304
-4.010896E-01,-6.502175E-09
1669385315
-4.011977E-01,-8.907833E-08
1669385325
-4.012699E-01,-1.112730E-07
1669385335
-4.011739E-01,-1.648056E-08
1669385346
-4.011798E-01,-8.408293E-09
1669385356
-4.011047E-01,-7.929709E-09
1669385366
-4.011468E-01,-5.979472E-09
1669385376
-4.010846E-01,-6.078531E-09
1669385386
-4.011538E-01,-7.556979E-09
1669385397
-4.011477E-01,-8.005725E-09
1669385407
-4.011417E-01,-9.790107E-08
1669385417
-4.011228E-01,-9.022013E-08
1669385428
-4.011777E-01,-1.898790E-08
1669385438
-4.010757E-01,-6.611541E-09
1669385448
-4.011178E-01,-6.152509E-09
1669385459
-4.011688E-01,-7.522987E-09
1669385469
-4.011779E-01,-6.981238E-09
1669385479
-4.011418E-01,-6.737195E-09
1669385489
-4.011858E-01,-6.382964E-08
1669385500
-4.012800E-01,-1.212339E-07
1669385510
-4.011238E-01,-4.014165E-08
1669385520
-4.011649E-01,-7.179848E-09
1669385531
-4.011788E-01,-6.002034E-09
1669385541
-4.012050E-01,-7.026365E-09
1669385551
-4.011600E-01,-5.367719E-09
1669385561
-4.011970E-01,-5.492279E-09
1669385572
-4.012119E-01,-4.946840E-08
1669385582
-4.011708E-01,-1.277287E-07
1669385592
-4.011210E-01,-6.421384E-08
1669385603
-4.012380E-01,-5.707042E-09
1669385613
-4.011561E-01,-7.681063E-09
1669385623
-4.012029E-01,-7.142289E-09
1669385634
-4.012089E-01,-6.589143E-09
1669385644
-4.011310E-01,-6.941290E-09
1669385654
-4.012490E-01,-6.348150E-09
1669385664
-4.011199E-01,-8.462409E-08
1669385675
-4.011830E-01,-1.203065E-07
1669385685
-4.011658E-01,-1.925105E-08
1669385695
-4.011211E-01,-5.877971E-09
1669385705
-4.011190E-01,-8.338203E-09
1669385716
-4.011862E-01,-5.026613E-09
1669385726
-4.011310E-01,-8.496334E-09
1669385736
-4.011980E-01,-5.301226E-09
1669385746
-4.012450E-01,-7.723965E-09
1669385757
-4.011450E-01,-1.017306E-07
1669385767
-4.011140E-01,-1.090799E-07
1669385777
-4.011160E-01,-1.240016E-08
1669385788
-4.011609E-01,-5.936478E-09
1669385798
-4.012712E-01,-7.227744E-09
1669385808
-4.011509E-01,-5.476264E-09
1669385819
-4.011200E-01,-6.363125E-09
1669385829
-4.010769E-01,-8.213268E-09
1669385839
-4.010858E-01,-5.761374E-09
1669385849
-4.011209E-01,-9.591439E-08
1669385859
-4.011839E-01,-1.151265E-07
1669385870
-4.011087E-01,-2.007864E-08
1669385880
-4.010729E-01,-5.130313E-09
1669385890
-4.010998E-01,-6.808790E-09
1669385901
-4.010628E-01,-8.048631E-09
1669385911
-4.011149E-01,-6.744294E-09
1669385921
-4.010678E-01,-6.994382E-09
1669385932
-4.011058E-01,-6.756179E-08
1669385942
-4.011999E-01,-1.309104E-07
1669385952
-4.011399E-01,-4.134859E-08
1669385962
-4.011698E-01,-5.388263E-09
1669385973
-4.011138E-01,-7.891069E-09
1669385983
-4.010818E-01,-7.253924E-09
1669385993
-4.010768E-01,-5.447299E-09
1669386004
-4.011828E-01,-7.495457E-09
1669386014
-4.010926E-01,-3.352711E-08
1669386024
-4.010767E-01,-1.121864E-07
1669386035
-4.011469E-01,-8.181939E-08
1669386045
-4.011960E-01,-6.210041E-09
1669386055
-4.011058E-01,-5.755036E-09
1669386065
-4.011307E-01,-7.350937E-09
1669386076
-4.011708E-01,-6.877232E-09
1669386086
-4.011358E-01,-6.449590E-09
1669386096
-4.010648E-01,-5.786853E-09
1669386107
-4.011219E-01,-9.354143E-08
1669386117
-4.010619E-01,-1.111327E-07
1669386127
-4.011598E-01,-1.419256E-08
1669386137
-4.011489E-01,-5.942026E-09
1669386148
-4.011467E-01,-6.555668E-09
1669386158
-4.011377E-01,-6.367097E-09
1669386168
-4.011348E-01,-6.995817E-09
1669386179
-4.011619E-01,-7.104783E-09
1669386189
-4.011848E-01,-8.060419E-08
1669386199
-4.011467E-01,-1.175078E-07
1669386210
-4.011578E-01,-2.417443E-08
1669386220
-4.011958E-01,-6.270394E-09
1669386230
-4.012739E-01,-6.676716E-09
1669386241
-4.012659E-01,-7.204324E-09
1669386251
-4.011498E-01,-7.175324E-09
1669386261
-4.011238E-01,-6.071561E-09
1669386271
-4.011459E-01,-5.741888E-09
1669386282
-4.011900E-01,-5.377840E-09
1669386292
-4.011648E-01,-9.677682E-09
1669386302
-4.011549E-01,-8.657868E-09
1669386313
-4.012018E-01,-4.785678E-09
1669386323
-4.011539E-01,-8.229187E-09
1669386333
-4.011809E-01,-5.773830E-09
1669386343
-4.012518E-01,-5.631402E-09
1669386354
-4.011959E-01,-4.655498E-09
1669386364
-4.011578E-01,-6.669179E-09
1669386374
-4.012069E-01,-7.867560E-09
1669386385
-4.011288E-01,-5.935946E-09
1669386395
-4.011598E-01,-5.089675E-09
1669386405
-4.010957E-01,-4.977696E-09
1669386416
-4.011098E-01,-6.761306E-09
1669386426
-4.010839E-01,-5.557301E-09
1669386436
-4.011167E-01,-4.838093E-09
1669386446
-4.011419E-01,-4.890603E-09
1669386457
-4.011551E-01,-6.107160E-09
1669386467
-4.011578E-01,-5.725400E-09
1669386477
-4.012109E-01,-5.435797E-09
1669386488
-4.012478E-01,-5.523762E-09
1669386498
-4.011288E-01,-8.525421E-09
1669386508
-4.011129E-01,-4.248915E-09
1669386518
-4.011970E-01,-7.717978E-09
1669386529
-4.012148E-01,-6.394173E-09
1669386539
-4.011489E-01,-7.200367E-09
1669386549
-4.010907E-01,-5.379115E-09
1669386559
-4.011579E-01,-7.115872E-09
1669386570
-4.011207E-01,-6.265124E-09
1669386580
-4.010839E-01,-5.840342E-09
1669386590
-4.011248E-01,-6.463685E-09
1669386601
-4.011578E-01,-7.084282E-09
1669386611
-4.011217E-01,-5.857963E-09
1669386621
-4.012058E-01,-7.239834E-09
1669386632
-4.012048E-01,-4.890593E-09
1669386642
-4.011727E-01,-7.838939E-09
1669386652
-4.012147E-01,-7.369871E-09
1669386662
-4.011547E-01,-4.479436E-09
1669386673
-4.010707E-01,-6.637688E-09
1669386683
-4.011396E-01,-4.349429E-09
1669386693
-4.011448E-01,-5.168195E-09
1669386704
-4.011299E-01,-6.939294E-09
1669386714
-4.011337E-01,-4.261410E-09
1669386724
-4.011938E-01,-4.786529E-09
1669386735
-4.011308E-01,-4.976578E-09
1669386745
-4.010918E-01,-3.950865E-09
1669386755
-4.010396E-01,-6.361434E-09
1669386765
-4.011797E-01,-5.371251E-09
1669386775
-4.010707E-01,-4.120334E-09
1669386786
-4.011086E-01,-5.150188E-09
1669386796
-4.011559E-01,-5.158715E-09
1669386806
-4.011899E-01,-4.595526E-09
1669386816
-4.011387E-01,-7.665476E-09
1669386827
-4.011838E-01,-6.118436E-09
1669386837
-4.012478E-01,-6.419941E-09
1669386847
-4.011768E-01,-5.604326E-09
1669386858
-4.011618E-01,-4.058318E-09
1669386868
-4.011787E-01,-5.560878E-09
1669386878
-4.011317E-01,-4.484882E-09
1669386888
-4.012128E-01,-6.589193E-09
1669386899
-4.011167E-01,-5.777918E-09
1669386909
-4.010545E-01,-6.025511E-09
1669386919
-4.012068E-01,-6.329122E-09
1669386930
-4.011537E-01,-5.359367E-09
1669386940
-4.011277E-01,-6.147044E-09
1669386950
-4.011138E-01,-6.837687E-09
1669386961
-4.012048E-01,-4.676545E-09
1669386971
-4.011296E-01,-6.057071E-08
1669386981
-4.012228E-01,-1.060616E-07
1669386991
-4.012109E-01,-3.615219E-08
1669387002
-4.011547E-01,-7.187394E-09
1669387012
-4.011848E-01,-5.783420E-09
1669387022
-4.012338E-01,-5.894957E-09
1669387033
-4.012308E-01,-5.527962E-09
1669387043
-4.013058E-01,-8.296775E-09
1669387053
-4.011467E-01,-3.687204E-08
1669387064
-4.011777E-01,-1.119413E-07
1669387074
-4.010687E-01,-6.623306E-08
1669387084
-4.011467E-01,-6.560253E-09
1669387094
-4.011489E-01,-5.793384E-09
1669387105
-4.012478E-01,-5.070207E-09
1669387115
-4.011417E-01,-4.163907E-09
1669387125
-4.011788E-01,-5.595323E-09
1669387136
-4.011697E-01,-5.594292E-09
1669387146
-4.011677E-01,-1.006951E-07
1669387156
-4.011497E-01,-1.140861E-07
1669387167
-4.012537E-01,-1.479121E-08
1669387177
-4.011948E-01,-5.437817E-09
1669387187
-4.011558E-01,-5.414165E-09
1669387197
-4.011248E-01,-4.294462E-09
1669387208
-4.010888E-01,-7.474400E-09
1669387218
-4.011667E-01,-3.942778E-09
1669387228
-4.011368E-01,-7.309878E-08
1669387239
-4.010875E-01,-1.205025E-07
1669387249
-4.010907E-01,-2.998862E-08
1669387259
-4.012328E-01,-5.910936E-09
1669387269
-4.011285E-01,-6.730206E-09
1669387280
-4.010856E-01,-6.707269E-09
1669387290
-4.011635E-01,-7.458411E-09
1669387300
-4.011787E-01,-7.274873E-09
1669387311
-4.011715E-01,-1.812530E-08
1669387321
-4.012007E-01,-1.142703E-07
1669387331
-4.011576E-01,-6.715696E-08
1669387342
-4.011917E-01,-5.467301E-09
1669387352
-4.011838E-01,-9.657780E-09
1669387362
-4.012127E-01,-9.097458E-09
1669387372
-4.012448E-01,-4.640909E-09
1669387383
-4.011717E-01,-6.626164E-09
1669387393
-4.011548E-01,-8.311269E-09
1669387403
-4.010937E-01,-1.062547E-07
1669387414
-4.011256E-01,-9.544214E-08
1669387424
-4.011276E-01,-6.342720E-09
1669387434
-4.011698E-01,-5.481334E-09
1669387445
-4.011769E-01,-6.264620E-09
1669387455
-4.011589E-01,-7.405902E-09
1669387465
-4.011517E-01,-6.617649E-09
1669387475
-4.010917E-01,-7.766578E-09
1669387486
-4.011137E-01,-7.929840E-08
1669387496
-4.011948E-01,-1.106558E-07
1669387506
-4.010848E-01,-2.785362E-08
1669387517
-4.011186E-01,-5.817926E-09
1669387527
-4.011818E-01,-6.916815E-09
1669387537
-4.011108E-01,-6.655126E-09
1669387548
-4.011348E-01,-5.790328E-09
1669387558
-4.011599E-01,-7.989155E-09
1669387568
-4.012047E-01,-4.763854E-08
1669387578
-4.011727E-01,-1.227959E-07
1669387589
-4.012158E-01,-5.745918E-08
1669387599
-4.011418E-01,-7.729600E-09
1669387609
-4.010898E-01,-8.323221E-09
1669387620
-4.011036E-01,-4.247317E-09
1669387630
-4.011157E-01,-9.044983E-09
1669387640
-4.010306E-01,-7.386403E-09
1669387650
-4.010558E-01,-1.702017E-08
1669387661
-4.010276E-01,-1.079514E-07
1669387671
-4.011618E-01,-8.420994E-08
1669387681
-4.011889E-01,-6.228532E-09
1669387692
-4.011179E-01,-7.318526E-09
1669387702
-4.010827E-01,-6.816138E-09
1669387712
-4.011058E-01,-7.707598E-09
1669387723
-4.011588E-01,-5.703408E-09
1669387733
-4.011597E-01,-4.868090E-09
1669387743
-4.010928E-01,-1.026219E-07
1669387753
-4.011478E-01,-1.048157E-07
1669387764
-4.012129E-01,-1.634243E-08
1669387774
-4.010886E-01,-7.071355E-09
1669387784
-4.011158E-01,-4.821499E-09
1669387795
-4.011288E-01,-6.463627E-09
1669387805
-4.011458E-01,-4.116457E-09
1669387815
-4.011788E-01,-6.927311E-09
1669387826
-4.011048E-01,-6.324542E-08
1669387836
-4.011838E-01,-1.162618E-07
1669387846
-4.011538E-01,-3.247884E-08
1669387856
-4.011878E-01,-6.794690E-09
1669387867
-4.011758E-01,-5.648883E-09
1669387877
-4.011718E-01,-5.479800E-09
1669387887
-4.010677E-01,-7.568016E-09
1669387898
-4.011087E-01,-6.661150E-09
1669387908
-4.011768E-01,-6.890483E-08
1669387918
-4.011006E-01,-1.157241E-07
1669387929
-4.011718E-01,-3.813656E-08
1669387939
-4.011869E-01,-7.138354E-09
1669387949
-4.011167E-01,-7.226447E-09
1669387959
-4.012538E-01,-8.580892E-09
1669387970
-4.012127E-01,-4.929726E-09
1669387980
-4.012067E-01,-8.137681E-09
1669387990
-4.012198E-01,-1.613974E-08
1669388001
-4.011577E-01,-1.085794E-07
1669388011
-4.010907E-01,-8.347216E-08
1669388021
-4.011437E-01,-8.997464E-09
1669388032
-4.012717E-01,-7.798580E-09
1669388042
-4.011977E-01,-6.882302E-09
1669388052
-4.011548E-01,-6.720267E-09
1669388062
-4.011266E-01,-8.292263E-09
1669388073
-4.011277E-01,-1.441327E-08
1669388083
-4.011276E-01,-1.101342E-07
1669388093
-4.011638E-01,-8.785713E-08
1669388104
-4.010806E-01,-8.072066E-09
1669388114
-4.011297E-01,-6.377621E-09
1669388124
-4.011828E-01,-8.464289E-09
1669388135
-4.011577E-01,-7.969112E-09
1669388145
-4.011618E-01,-9.229595E-09
1669388155
-4.012349E-01,-9.586756E-09
1669388165
-4.011677E-01,-9.232298E-08
1669388176
-4.011576E-01,-1.128512E-07
1669388186
-4.011726E-01,-1.679055E-08
1669388196
-4.012006E-01,-8.117143E-09
1669388207
-4.011278E-01,-8.036671E-09
1669388217
-4.011317E-01,-7.302926E-09
1669388227
-4.010938E-01,-8.942446E-09
1669388237
-4.010646E-01,-7.600484E-09
1669388248
-4.011476E-01,-7.014915E-09
1669388258
-4.011208E-01,-9.404751E-08
1669388268
-4.011638E-01,-1.097559E-07
1669388278
-4.011077E-01,-1.332873E-08
1669388289
-4.010246E-01,-7.552999E-09
1669388299
-4.011137E-01,-6.765636E-09
1669388309
-4.011056E-01,-6.667344E-09
1669388320
-4.011047E-01,-8.597331E-09
1669388330
-4.010957E-01,-7.791689E-09
1669388340
-4.010375E-01,-7.807556E-08
1669388351
-4.011347E-01,-1.199328E-07
1669388361
-4.010607E-01,-1.913429E-08
1669388371
-4.010236E-01,-8.408266E-09
1669388382
-4.010386E-01,-8.219638E-09
1669388392
-4.011486E-01,-7.143755E-09
1669388402
-4.012047E-01,-7.185938E-09
1669388412
-4.011678E-01,-7.940074E-09
1669388423
-4.011786E-01,-7.319490E-08
1669388433
-4.010917E-01,-1.169092E-07
1669388443
-4.011227E-01,-2.795609E-08
1669388454
-4.011247E-01,-9.114583E-09
1669388464
-4.011559E-01,-6.614660E-09
1669388474
-4.010767E-01,-7.374386E-09
1669388484
-4.010848E-01,-8.234280E-09
1669388495
-4.011206E-01,-7.221911E-09
1669388505
-4.010757E-01,-7.603965E-09
1669388515
-4.010537E-01,-6.863297E-08
1669388525
-4.010617E-01,-1.138961E-07
1669388536
-4.010457E-01,-2.241547E-08
1669388546
-4.010276E-01,-7.952222E-09
1669388556
-4.011076E-01,-7.463014E-09
1669388567
-4.011357E-01,-7.239805E-09
1669388577
-4.012129E-01,-9.166937E-09
1669388587
-4.011508E-01,-8.714959E-09
1669388598
-4.011317E-01,-7.501534E-08
1669388608
-4.011117E-01,-1.334065E-07
1669388618
-4.011078E-01,-4.112623E-08
1669388628
-4.011498E-01,-5.772970E-09
1669388639
-4.011147E-01,-7.956618E-09
1669388649
-4.010656E-01,-6.761678E-09
1669388659
-4.010887E-01,-6.604116E-09
1669388670
-4.011988E-01,-7.410990E-09
1669388680
-4.011678E-01,-4.193590E-08
1669388690
-4.011837E-01,-1.175134E-07
1669388701
-4.012327E-01,-5.392697E-08
1669388711
-4.011958E-01,-9.784601E-09
1669388721
-4.011387E-01,-8.163082E-09
1669388731
-4.011887E-01,-7.634188E-09
1669388742
-4.011686E-01,-7.251947E-09
1669388752
-4.011159E-01,-9.292155E-09
1669388762
-4.011937E-01,-7.159898E-09
1669388773
-4.010666E-01,-9.747686E-08
1669388783
-4.011036E-01,-9.077186E-08
1669388793
-4.011448E-01,-5.911470E-09
1669388804
-4.011507E-01,-7.353842E-09
1669388814
-4.011429E-01,-9.340645E-09
1669388824
-4.012038E-01,-6.692679E-09
1669388834
-4.011249E-01,-9.199959E-09
1669388844
-4.012328E-01,-6.203017E-09
1669388855
-4.010876E-01,-2.334180E-08
1669388865
-4.010766E-01,-1.144749E-07
1669388875
-4.010726E-01,-7.740123E-08
1669388886
-4.009927E-01,-9.540686E-09
1669388896
-4.011058E-01,-6.842203E-09
1669388906
-4.010697E-01,-7.720068E-09
1669388917
-4.011578E-01,-8.829372E-09
1669388927
-4.011397E-01,-6.895302E-09
1669388937
-4.011669E-01,-5.963506E-09
1669388947
-4.011428E-01,-3.548460E-08
1669388957
-4.011538E-01,-1.119434E-07
1669388968
-4.010629E-01,-7.961761E-08
1669388978
-4.011348E-01,-9.303169E-09
1669388988
-4.011598E-01,-6.572573E-09
1669388999
-4.010870E-01,-8.660987E-09
1669389009
-4.011930E-01,-7.926814E-09
1669389019
-4.010800E-01,-7.772068E-09
1669389029
-4.011418E-01,-1.602471E-08
1669389040
-4.011789E-01,-1.116513E-07
1669389050
-4.011998E-01,-8.456738E-08
1669389060
-4.011108E-01,-8.038160E-09
1669389071
-4.010878E-01,-8.859831E-09
1669389081
-4.010457E-01,-7.295434E-09
1669389091
-4.010869E-01,-7.302459E-09
1669389101
-4.010698E-01,-9.029596E-09
1669389112
-4.011278E-01,-7.926685E-09
1669389122
-4.010619E-01,-2.217710E-08
1669389132
-4.011108E-01,-1.152576E-07
1669389142
-4.012160E-01,-8.029644E-08
1669389153
-4.012010E-01,-6.554677E-09
1669389163
-4.011809E-01,-7.996197E-09
1669389173
-4.011748E-01,-6.139992E-09
1669389184
-4.011129E-01,-9.936204E-09
1669389194
-4.011218E-01,-7.859023E-09
1669389204
-4.010959E-01,-1.802835E-08
1669389215
-4.011318E-01,-1.163235E-07
1669389225
-4.011689E-01,-9.233189E-08
1669389235
-4.011048E-01,-1.318458E-08
1669389245
-4.011039E-01,-8.169796E-09
1669389256
-4.011138E-01,-9.358141E-09
1669389266
-4.011219E-01,-9.136954E-09
1669389276
-4.011279E-01,-6.357132E-09
1669389287
-4.011249E-01,-6.116538E-09
1669389297
-4.011368E-01,-8.238561E-08
1669389307
-4.011149E-01,-1.156011E-07
1669389318
-4.011710E-01,-1.615811E-08
1669389328
-4.011368E-01,-9.701183E-09
1669389338
-4.012179E-01,-7.875046E-09
1669389348
-4.011340E-01,-6.574089E-09
1669389359
-4.011579E-01,-8.466295E-09
1669389369
-4.011209E-01,-8.315717E-09
1669389379
-4.010929E-01,-7.448965E-08
1669389390
-4.010909E-01,-1.205938E-07
1669389400
-4.011258E-01,-2.935827E-08
1669389410
-4.011438E-01,-9.300656E-09
1669389421
-4.011338E-01,-8.867925E-09
1669389431
-4.011379E-01,-7.183829E-09
1669389441
-4.011589E-01,-8.238281E-09
1669389451
-4.011650E-01,-1.014279E-08
1669389462
-4.011689E-01,-6.893259E-08
1669389472
-4.011249E-01,-1.197743E-07
1669389482
-4.011388E-01,-3.250332E-08
1669389493
-4.011448E-01,-9.440543E-09
1669389503
-4.011118E-01,-1.101316E-08
1669389513
-4.012510E-01,-9.215576E-09
1669389524
-4.011618E-01,-7.916035E-09
1669389534
-4.011449E-01,-8.086146E-09
1669389544
-4.011458E-01,-6.633663E-08
1669389555
-4.010927E-01,-1.189865E-07
1669389565
-4.011439E-01,-5.653035E-08
1669389575
-4.010747E-01,-9.901720E-09
1669389585
-4.012659E-01,-8.277625E-09
1669389596
-4.011718E-01,-1.037704E-08
1669389606
-4.012589E-01,-7.135780E-09
1669389616
-4.011797E-01,-8.873347E-09
1669389627
-4.011298E-01,-3.272833E-08
1669389637
-4.011998E-01,-1.265990E-07
1669389647
-4.011598E-01,-6.859386E-08
1669389658
-4.011919E-01,-9.751286E-09
1669389668
-4.011158E-01,-8.266371E-09
1669389678
-4.011488E-01,-9.346556E-09
1669389688
-4.012769E-01,-1.054846E-08
1669389699
-4.011778E-01,-7.693630E-09
1669389709
-4.012529E-01,-8.033207E-09
1669389719
-4.011568E-01,-8.965443E-08
1669389730
-4.011168E-01,-1.212547E-07
1669389740
-4.010868E-01,-2.829885E-08
1669389750
-4.011317E-01,-9.566720E-09
1669389760
-4.011146E-01,-7.893236E-09
1669389771
-4.011286E-01,-1.022756E-08
1669389781
-4.011258E-01,-8.443686E-09
1669389791
-4.011597E-01,-8.744894E-09
1669389802
-4.012277E-01,-4.449326E-08
1669389812
-4.012296E-01,-1.122412E-07
1669389822
-4.011556E-01,-6.603543E-08
1669389833
-4.011636E-01,-8.323825E-09
1669389843
-4.011547E-01,-8.096358E-09
1669389853
-4.011517E-01,-8.614381E-09
1669389863
-4.010775E-01,-9.858332E-09
1669389874
-4.011297E-01,-7.926596E-09
1669389884
-4.011297E-01,-1.002692E-08
1669389894
-4.011106E-01,-1.002908E-07
1669389905
-4.010986E-01,-9.223337E-08
1669389915
-4.011657E-01,-9.363275E-09
1669389925
-4.010666E-01,-9.302084E-09
1669389935
-4.011467E-01,-8.296278E-09
1669389946
-4.010287E-01,-1.154980E-08
1669389956
-4.011448E-01,-8.483894E-09
1669389966
-4.011538E-01,-7.732139E-09
1669389977
-4.010717E-01,-9.779901E-08
1669389987
-4.010015E-01,-1.042490E-07
1669389997
-4.010496E-01,-1.735664E-08
1669390008
-4.010997E-01,-8.564703E-09
1669390018
-4.011548E-01,-8.891496E-09
1669390028
-4.010307E-01,-8.542755E-09
1669390038
-4.011288E-01,-9.346663E-09
1669390049
-4.010588E-01,-8.941824E-09
1669390059
-4.010457E-01,-5.400394E-08
1669390069
-4.010118E-01,-1.130717E-07
1669390080
-4.010459E-01,-4.510958E-08
1669390090
-4.011279E-01,-1.143425E-08
1669390100
-4.011578E-01,-7.262927E-09
1669390110
-4.011889E-01,-9.897200E-09
1669390120
-4.010179E-01,-6.889340E-09
1669390131
-4.011508E-01,-9.715274E-09
1669390141
-4.011588E-01,-8.714929E-09
1669390151
-4.010589E-01,-5.247507E-08
1669390162
-4.010928E-01,-1.138565E-07
1669390172
-4.011418E-01,-5.786482E-08
1669390182
-4.011560E-01,-7.802169E-09
1669390193
-4.011278E-01,-7.713055E-09
1669390203
-4.011248E-01,-9.999302E-09
1669390213
-4.011338E-01,-1.112718E-08
1669390223
-4.011049E-01,-8.419272E-09
1669390234
-4.010848E-01,-1.063864E-08
1669390244
-4.011178E-01,-1.065813E-07
1669390254
-4.011799E-01,-1.128317E-07
1669390265
-4.011667E-01,-1.355715E-08
1669390275
-4.012488E-01,-7.853176E-09
1669390285
-4.011217E-01,-1.004333E-08
1669390296
-4.010966E-01,-8.838572E-09
1669390306
-4.011336E-01,-1.050745E-08
1669390316
-4.011638E-01,-1.139033E-08
1669390326
-4.011216E-01,-6.450600E-08
1669390337
-4.011648E-01,-1.273215E-07
1669390347
-4.011156E-01,-4.433371E-08
1669390357
-4.011268E-01,-9.116494E-09
1669390368
-4.011717E-01,-1.013839E-08
1669390378
-4.010877E-01,-7.231546E-09
1669390388
-4.010989E-01,-9.376163E-09
1669390398
-4.011218E-01,-7.835151E-09
1669390409
-4.010797E-01,-1.539597E-08
1669390419
-4.010907E-01,-9.519001E-08
1669390429
-4.010767E-01,-9.293306E-08
1669390440
-4.011366E-01,-1.693028E-08
1669390450
-4.012339E-01,-9.061596E-09
1669390460
-4.011707E-01,-8.995610E-09
1669390471
-4.011808E-01,-9.947740E-09
1669390481
-4.012667E-01,-9.507584E-09
1669390491
-4.011818E-01,-1.010833E-08
1669390501
-4.010897E-01,-7.265289E-08
1669390512
-4.011357E-01,-1.011174E-07
1669390522
-4.011028E-01,-3.215711E-08
1669390532
-4.010887E-01,-6.752208E-09
1669390543
-4.012028E-01,-1.049152E-08
1669390553
-4.011627E-01,-1.025233E-08
1669390563
-4.010767E-01,-1.217903E-08
1669390573
-4.012268E-01,-1.035599E-08
1669390584
-4.011138E-01,-6.068755E-08
1669390594
-4.011428E-01,-1.054963E-07
1669390604
-4.011308E-01,-4.855352E-08
1669390615
-4.011178E-01,-1.010326E-08
1669390625
-4.011388E-01,-1.282528E-08
1669390635
-4.012298E-01,-8.377282E-09
1669390646
-4.011379E-01,-8.902493E-09
1669390656
-4.011610E-01,-9.739599E-09
1669390666
-4.011329E-01,-1.176381E-08
1669390676
-4.011138E-01,-1.049299E-08
1669390687
-4.010568E-01,-9.828264E-09
1669390697
-4.011599E-01,-8.381376E-09
1669390707
-4.010918E-01,-9.513104E-09
1669390718
-4.011459E-01,-1.108569E-08
1669390728
-4.010999E-01,-8.116256E-09
1669390738
-4.010468E-01,-9.413625E-09
1669390749
-4.010027E-01,-9.103583E-09
1669390759
-4.009977E-01,-7.977174E-09
1669390769
-4.009759E-01,-6.758762E-09
1669390779
-4.010928E-01,-6.824194E-09
1669390790
-4.010968E-01,-8.961952E-09
1669390800
-4.010640E-01,-1.001235E-08
1669390810
-4.011519E-01,-6.784250E-09
1669390821
-4.011249E-01,-6.840335E-09
1669390831
-4.011049E-01,-9.359225E-09
1669390841
-4.011070E-01,-7.887659E-09
1669390852
-4.011722E-01,-7.516885E-09
1669390862
-4.011741E-01,-1.168232E-08
1669390872
-4.010420E-01,-8.660489E-09
1669390882
-4.011630E-01,-7.576461E-09
1669390893
-4.011520E-01,-8.568388E-09
1669390903
-4.011330E-01,-1.070549E-08
1669390913
-4.010830E-01,-9.186102E-09
1669390924
-4.011051E-01,-8.457356E-09
1669390934
-4.011822E-01,-6.881318E-09
1669390944
-4.011351E-01,-9.058527E-09
1669390954
-4.011591E-01,-9.266213E-09
1669390965
-4.010821E-01,-9.259558E-09
1669390975
-4.010772E-01,-1.048700E-08
1669390985
-4.011523E-01,-7.856116E-09
1669390996
-4.011272E-01,-8.798340E-09
1669391006
-4.010711E-01,-1.023999E-08
1669391016
-4.011131E-01,-7.574595E-09
1669391027
-4.010921E-01,-7.077407E-09
1669391037
-4.010670E-01,-7.374988E-09
1669391047
-4.010400E-01,-7.970274E-09
1669391057
-4.010829E-01,-8.016728E-09
1669391068
-4.011341E-01,-8.635801E-09
1669391078
-4.011033E-01,-8.403844E-09
1669391088
-4.011200E-01,-7.829149E-09
1669391099
-4.011191E-01,-7.518874E-09
1669391109
-4.010910E-01,-1.077553E-08
1669391119
-4.010919E-01,-8.052229E-09
1669391130
-4.010930E-01,-7.136840E-09
1669391140
-4.011011E-01,-7.106367E-09
1669391150
-4.010150E-01,-1.077617E-08
1669391160
-4.011300E-01,-8.325810E-09
1669391171
-4.010770E-01,-6.630122E-09
1669391181
-4.010909E-01,-8.265835E-09
1669391191
-4.011079E-01,-6.786726E-09
1669391202
-4.010279E-01,-8.172743E-09
1669391212
-4.010578E-01,-7.508989E-09
1669391222
-4.010519E-01,-8.409298E-09
1669391233
-4.011129E-01,-9.879251E-09
1669391243
-4.011768E-01,-9.471465E-09
1669391253
-4.011560E-01,-7.358476E-09
1669391263
-4.012021E-01,-8.251668E-09
1669391274
-4.011519E-01,-7.863132E-09
1669391284
-4.011188E-01,-8.134749E-09
1669391294
-4.011790E-01,-9.125483E-09
1669391305
-4.011458E-01,-8.677402E-09
1669391315
-4.011308E-01,-7.950083E-09
1669391325
-4.010768E-01,-6.766181E-09
1669391335
-4.011308E-01,-8.269270E-09
1669391346
-4.012139E-01,-8.239722E-09
1669391356
-4.011179E-01,-8.682931E-09
1669391366
-4.011579E-01,-8.989888E-09
1669391377
-4.011759E-01,-7.938058E-09
1669391387
-4.011188E-01,-8.693370E-09
1669391397
-4.011027E-01,-7.513980E-09
1669391408
-4.011147E-01,-8.433953E-09
1669391418
-4.011980E-01,-7.443050E-09
1669391428
-4.010857E-01,-9.762755E-09
1669391438
-4.011969E-01,-8.836340E-09
1669391449
-4.011479E-01,-8.263193E-09
1669391459
-4.011069E-01,-7.731585E-09
1669391469
-4.011167E-01,-8.823577E-09
1669391480
-4.010838E-01,-6.151510E-09
1669391490
-4.010949E-01,-9.681204E-09
1669391500
-4.011550E-01,-8.925361E-09
1669391511
-4.010689E-01,-8.948342E-09
1669391521
-4.011119E-01,-8.669318E-09
1669391531
-4.011550E-01,-5.172685E-09
1669391541
-4.011478E-01,-7.820681E-09
1669391552
-4.011118E-01,-7.600923E-09
1669391562
-4.011239E-01,-9.375660E-09
1669391572
-4.011178E-01,-7.804543E-09
1669391583
-4.011368E-01,-9.707176E-09
1669391593
-4.011629E-01,-9.970260E-09
1669391603
-4.011448E-01,-8.088101E-09
1669391614
-4.011769E-01,-8.620300E-09
1669391624
-4.011109E-01,-1.109593E-07
1669391634
-4.011359E-01,-4.133108E-08
1669391644
-4.011268E-01,-1.042152E-08
1669391655
-4.011108E-01,-7.019351E-09
1669391665
-4.012218E-01,-8.142210E-09
1669391675
-4.010938E-01,-6.773844E-09
1669391686
-4.012297E-01,-8.393318E-09
1669391696
-4.011688E-01,-1.248773E-08
1669391706
-4.011148E-01,-1.016601E-07
1669391716
-4.011037E-01,-1.119393E-07
1669391726
-4.011317E-01,-6.309638E-08
1669391737
-4.011809E-01,-8.176298E-09
1669391747
-4.011838E-01,-9.471722E-09
1669391757
-4.012260E-01,-9.475202E-09
1669391768
-4.012798E-01,-9.165560E-09
1669391778
-4.011749E-01,-8.440859E-09
1669391788
-4.011548E-01,-8.968932E-09
1669391799
-4.011270E-01,-8.249931E-08
1669391809
-4.011799E-01,-1.051461E-07
1669391819
-4.011598E-01,-1.986223E-08
1669391829
-4.011251E-01,-9.995805E-09
1669391840
-4.010718E-01,-9.979269E-09
1669391850
-4.012089E-01,-9.967792E-09
1669391860
-4.011380E-01,-8.485343E-09
1669391870
-4.011739E-01,-9.803204E-09
1669391881
-4.011138E-01,-7.188361E-09
1669391891
-4.011880E-01,-9.213526E-08
1669391901
-4.010868E-01,-1.104678E-07
1669391912
-4.011569E-01,-1.823192E-08
1669391922
-4.011238E-01,-9.333103E-09
1669391932
-4.011799E-01,-1.041010E-08
1669391942
-4.010818E-01,-1.000294E-08
1669391953
-4.010467E-01,-8.133282E-09
1669391963
-4.010068E-01,-8.525731E-09
1669391973
-4.010297E-01,-5.836706E-08
1669391984
-4.012038E-01,-1.157458E-07
1669391994
-4.010387E-01,-5.220836E-08
1669392004
-4.010717E-01,-9.333528E-09
1669392014
-4.010999E-01,-1.046352E-08
1669392025
-4.011679E-01,-1.014294E-08
1669392035
-4.011528E-01,-9.046472E-09
1669392045
-4.011020E-01,-9.973887E-09
1669392056
-4.011549E-01,-1.160289E-08
1669392066
-4.011490E-01,-1.033311E-07
1669392076
-4.011149E-01,-9.997635E-08
1669392087
-4.011529E-01,-1.752312E-08
1669392097
-4.011368E-01,-9.000946E-09
1669392107
-4.012249E-01,-9.072445E-09
1669392117
-4.012389E-01,-1.072463E-08
1669392128
-4.011188E-01,-9.777348E-09
1669392138
-4.012079E-01,-8.647349E-09
1669392148
-4.011006E-01,-7.335124E-08
1669392159
-4.011507E-01,-1.146747E-07
1669392169
-4.010977E-01,-3.019131E-08
1669392179
-4.011036E-01,-1.050010E-08
1669392190
-4.011647E-01,-9.788422E-09
1669392200
-4.012218E-01,-1.130019E-08
1669392210
-4.011607E-01,-1.041294E-08
1669392220
-4.011358E-01,-1.083256E-08
1669392230
-4.011287E-01,-8.764489E-09
1669392240
-4.011860E-01,-9.253668E-09
1669392251
-4.011138E-01,-7.866275E-08
1669392261
-4.011209E-01,-9.856517E-08
1669392271
-4.010458E-01,-2.036622E-08
1669392282
-4.010997E-01,-9.820759E-09
1669392292
-4.011229E-01,-9.093991E-09
1669392302
-4.010767E-01,-9.906264E-09
1669392313
-4.010976E-01,-1.015744E-08
1669392323
-4.011738E-01,-1.012636E-08
1669392333
-4.011418E-01,-7.002153E-08
1669392343
-4.011388E-01,-1.181820E-07
1669392354
-4.010937E-01,-4.458930E-08
1669392364
-4.011689E-01,-9.538650E-09
1669392374
-4.011218E-01,-1.108822E-08
1669392385
-4.011408E-01,-9.151548E-09
1669392395
-4.011179E-01,-9.684046E-09
1669392405
-4.011469E-01,-1.196559E-08
1669392416
-4.011127E-01,-2.198899E-08
1669392426
-4.011818E-01,-9.765547E-08
1669392436
-4.011027E-01,-6.756746E-08
1669392446
-4.010788E-01,-9.628692E-09
1669392457
-4.010619E-01,-1.115892E-08
1669392467
-4.011488E-01,-1.109971E-08
1669392477
-4.011930E-01,-1.122416E-08
1669392488
-4.010718E-01,-1.090657E-08
1669392498
-4.010758E-01,-9.064069E-09
1669392508
-4.010679E-01,-1.028317E-07
1669392519
-4.011508E-01,-1.051997E-07
1669392529
-4.011040E-01,-6.040779E-08
1669392539
-4.011280E-01,-1.117023E-08
1669392549
-4.011090E-01,-9.320948E-09
1669392559
-4.010700E-01,-9.187070E-09
1669392570
-4.011380E-01,-1.133325E-08
1669392580
-4.011720E-01,-8.700944E-09
1669392590
-4.011389E-01,-1.773823E-08
1669392601
-4.011570E-01,-1.043195E-07
1669392611
-4.011500E-01,-7.714218E-08
1669392621
-4.010929E-01,-1.059945E-08
1669392632
-4.011428E-01,-1.136431E-08
1669392642
-4.011010E-01,-9.954423E-09
1669392652
-4.011520E-01,-1.022139E-08
1669392662
-4.011759E-01,-1.025956E-08
1669392673
-4.011530E-01,-8.887574E-09
1669392683
-4.010909E-01,-1.016985E-07
1669392693
-4.011440E-01,-1.083574E-07
1669392704
-4.011331E-01,-1.514769E-08
1669392714
-4.011659E-01,-8.507841E-09
1669392724
-4.010879E-01,-1.159798E-08
1669392735
-4.011611E-01,-1.175837E-08
1669392745
-4.011891E-01,-1.003899E-08
1669392755
-4.011720E-01,-1.027697E-08
1669392765
-4.010909E-01,-7.798405E-08
1669392776
-4.011361E-01,-1.046842E-07
1669392786
-4.011651E-01,-2.966789E-08
1669392796
-4.010840E-01,-8.091794E-09
1669392807
-4.011072E-01,-1.059601E-08
1669392817
-4.011811E-01,-9.418518E-09
1669392827
-4.011971E-01,-1.029186E-08
1669392838
-4.011891E-01,-9.416149E-09
1669392848
-4.011050E-01,-4.853040E-08
1669392858
-4.011409E-01,-1.152980E-07
1669392869
-4.011441E-01,-5.398829E-08
1669392879
-4.010938E-01,-1.024390E-08
1669392889
-4.010907E-01,-1.003340E-08
1669392899
-4.011018E-01,-7.796119E-09
1669392910
-4.011728E-01,-9.768840E-09
1669392920
-4.011719E-01,-1.003039E-08
1669392930
-4.010839E-01,-2.240526E-08
1669392941
-4.011108E-01,-1.146379E-07
1669392951
-4.011361E-01,-7.677765E-08
1669392961
-4.011420E-01,-1.139421E-08
1669392971
-4.010699E-01,-9.589253E-09
1669392982
-4.011479E-01,-1.101311E-08
1669392992
-4.011770E-01,-1.054935E-08
1669393002
-4.010980E-01,-1.001038E-08
1669393013
-4.010308E-01,-1.214310E-08
1669393023
-4.010318E-01,-9.163925E-08
1669393033
-4.010179E-01,-1.023607E-07
1669393044
-4.011420E-01,-1.737448E-08
1669393054
-4.010400E-01,-1.178489E-08
1669393064
-4.010731E-01,-1.069659E-08
1669393074
-4.011048E-01,-9.609778E-09
1669393085
-4.011620E-01,-8.834892E-09
1669393095
-4.010580E-01,-9.966807E-09
1669393105
-4.010410E-01,-7.860633E-08
1669393116
-4.011140E-01,-1.145479E-07
1669393126
-4.010979E-01,-2.918352E-08
1669393136
-4.010720E-01,-9.294163E-09
1669393147
-4.010350E-01,-1.094761E-08
1669393157
-4.010308E-01,-1.027307E-08
1669393167
-4.011400E-01,-1.129625E-08
1669393177
-4.011450E-01,-9.167186E-09
1669393187
-4.010540E-01,-1.118467E-08
1669393198
-4.011630E-01,-6.749248E-08
1669393208
-4.010759E-01,-1.159609E-07
1669393218
-4.010778E-01,-3.275946E-08
1669393229
-4.011120E-01,-1.067010E-08
1669393239
-4.011600E-01,-1.077858E-08
1669393249
-4.010820E-01,-1.055193E-08
1669393260
-4.010858E-01,-1.187906E-08
1669393270
-4.010289E-01,-1.265985E-08
1669393280
-4.010458E-01,-4.254299E-08
1669393290
-4.011082E-01,-1.043289E-07
1669393301
-4.010529E-01,-4.502946E-08
1669393311
-4.011090E-01,-1.029554E-08
1669393321
-4.010499E-01,-1.021699E-08
1669393332
-4.010230E-01,-1.131467E-08
1669393342
-4.009930E-01,-9.768847E-09
1669393352
-4.010899E-01,-9.800324E-09
1669393363
-4.011249E-01,-2.448713E-08
1669393373
-4.011040E-01,-1.177520E-07
1669393383
-4.011239E-01,-8.635369E-08
1669393393
-4.011219E-01,-9.684801E-09
1669393404
-4.010869E-01,-1.150300E-08
1669393414
-4.011388E-01,-9.456691E-09
1669393424
-4.011058E-01,-1.205246E-08
1669393435
-4.010407E-01,-9.269557E-09
1669393445
-4.011158E-01,-9.156566E-09
1669393455
-4.011358E-01,-9.653401E-08
1669393466
-4.011898E-01,-1.048265E-07
1669393476
-4.011469E-01,-1.483926E-08
1669393486
-4.010898E-01,-1.087346E-08
1669393496
-4.011127E-01,-1.088462E-08
1669393506
-4.010696E-01,-1.014540E-08
1669393517
-4.010428E-01,-1.216819E-08
1669393527
-4.011008E-01,-8.030129E-09
1669393537
-4.010567E-01,-1.190799E-08
1669393548
-4.010858E-01,-9.592924E-08
1669393558
-4.011419E-01,-1.082554E-07
1669393568
-4.011026E-01,-2.982616E-08
1669393579
-4.011889E-01,-1.119722E-08
1669393589
-4.010409E-01,-9.217167E-09
1669393599
-4.010768E-01,-8.925931E-09
1669393609
-4.011488E-01,-1.032299E-08
1669393620
-4.010949E-01,-1.158934E-08
1669393630
-4.010718E-01,-8.833296E-08
1669393640
-4.011431E-01,-1.222032E-07
1669393651
-4.011570E-01,-2.902502E-08
1669393661
-4.010948E-01,-1.172689E-08
1669393671
-4.011179E-01,-1.279925E-08
1669393682
-4.010447E-01,-8.897016E-09
1669393692
-4.010467E-01,-1.078552E-08
1669393702
-4.010237E-01,-8.927466E-09
1669393712
-4.010527E-01,-4.654407E-08
1669393723
-4.010106E-01,-1.108655E-07
1669393733
-4.010947E-01,-5.066164E-08
1669393743
-4.010987E-01,-1.276181E-08
1669393754
-4.011259E-01,-8.427399E-09
1669393764
-4.010207E-01,-9.755776E-09
1669393774
-4.011548E-01,-9.774375E-09
1669393785
-4.010876E-01,-9.698875E-09
1669393795
-4.011338E-01,-1.098816E-08
1669393805
-4.010097E-01,-1.020555E-07
1669393815
-4.010577E-01,-9.893990E-08
1669393826
-4.010997E-01,-2.068367E-08
1669393836
-4.011077E-01,-9.565678E-09
1669393846
-4.011659E-01,-1.321141E-08
1669393857
-4.011769E-01,-1.262730E-08
1669393867
-4.010738E-01,-1.179356E-08
1669393877
-4.012108E-01,-1.133387E-08
1669393887
-4.011678E-01,-7.401898E-08
1669393898
-4.011739E-01,-1.123054E-07
1669393908
-4.011438E-01,-3.491467E-08
1669393918
-4.011038E-01,-1.065607E-08
1669393929
-4.011389E-01,-1.140172E-08
1669393939
-4.011390E-01,-1.183188E-08
1669393949
-4.011399E-01,-9.264700E-09
1669393959
-4.011128E-01,-9.373717E-09
1669393970
-4.011469E-01,-1.120524E-08
1669393980
-4.011599E-01,-4.810371E-08
1669393990
-4.011158E-01,-1.046706E-07
1669394000
-4.012019E-01,-5.599669E-08
1669394011
-4.011059E-01,-1.133636E-08
1669394021
-4.010958E-01,-1.180500E-08
1669394031
-4.010358E-01,-1.128720E-08
1669394042
-4.010119E-01,-1.172894E-08
1669394052
-4.010467E-01,-1.041296E-08
1669394062
-4.011280E-01,-2.036781E-08
1669394073
-4.011250E-01,-1.138296E-07
1669394083
-4.011729E-01,-9.024861E-08
1669394093
-4.010940E-01,-1.183542E-08
1669394103
-4.011220E-01,-1.006295E-08
1669394114
-4.011579E-01,-1.115059E-08
1669394124
-4.011439E-01,-1.328092E-08
1669394134
-4.010959E-01,-1.452133E-08
1669394145
-4.011038E-01,-1.084309E-08
1669394155
-4.011317E-01,-8.488205E-08
1669394165
-4.011698E-01,-1.042513E-07
1669394176
-4.010979E-01,-2.665903E-08
1669394186
-4.011117E-01,-1.033355E-08
1669394196
-4.011027E-01,-1.065220E-08
1669394206
-4.011239E-01,-1.079321E-08
1669394217
-4.010766E-01,-9.731330E-09
1669394227
-4.010927E-01,-1.067516E-08
1669394237
-4.011188E-01,-5.222933E-08
1669394248
-4.010467E-01,-1.176525E-07
1669394258
-4.010869E-01,-4.957227E-08
1669394268
-4.011018E-01,-1.211866E-08
1669394279
-4.011080E-01,-1.117373E-08
1669394289
-4.011088E-01,-1.050357E-08
1669394299
-4.011240E-01,-1.274620E-08
1669394309
-4.011730E-01,-1.169738E-08
1669394320
-4.010960E-01,-1.808529E-08
1669394330
-4.011300E-01,-9.957613E-08
1669394340
-4.012190E-01,-9.506838E-08
1669394351
-4.011259E-01,-1.627579E-08
1669394361
-4.010508E-01,-8.983682E-09
1669394371
-4.010627E-01,-1.094658E-08
1669394382
-4.010569E-01,-9.723824E-09
1669394392
-4.011149E-01,-1.034247E-08
1669394402
-4.011309E-01,-1.054402E-08
1669394412
-4.011469E-01,-7.254843E-08
1669394423
-4.010528E-01,-1.138709E-07
1669394433
-4.010378E-01,-3.425412E-08
1669394443
-4.011049E-01,-1.294474E-08
1669394454
-4.010968E-01,-1.020443E-08
1669394464
-4.011419E-01,-1.216817E-08
1669394474
-4.011240E-01,-1.068461E-08
1669394485
-4.011578E-01,-9.607199E-09
1669394495
-4.010158E-01,-3.956635E-08
1669394505
-4.010538E-01,-1.136615E-07
1669394515
-4.010238E-01,-6.268571E-08
1669394526
-4.010958E-01,-1.058665E-08
1669394536
-4.010800E-01,-1.095161E-08
1669394546
-4.011138E-01,-9.940852E-09
1669394557
-4.010978E-01,-1.262379E-08
1669394567
-4.011459E-01,-1.263325E-08
1669394577
-4.011839E-01,-1.452799E-08
1669394588
-4.010328E-01,-1.045681E-07
1669394598
-4.010589E-01,-8.632126E-08
1669394608
-4.010478E-01,-1.206311E-08
1669394618
-4.010198E-01,-1.141339E-08
1669394629
-4.010678E-01,-1.142029E-08
1669394639
-4.011640E-01,-9.291682E-09
1669394649
-4.010849E-01,-9.764340E-09
1669394660
-4.010719E-01,-1.068215E-08
1669394670
-4.011509E-01,-8.297459E-08
1669394680
-4.011379E-01,-1.076071E-07
1669394691
-4.012090E-01,-2.603043E-08
1669394701
-4.011438E-01,-9.749838E-09
1669394711
-4.011979E-01,-1.186448E-08
1669394721
-4.010879E-01,-1.184138E-08
1669394732
-4.010288E-01,-9.927831E-09
1669394742
-4.011148E-01,-1.028099E-08
1669394752
-4.011098E-01,-6.057976E-08
1669394763
-4.011129E-01,-1.080632E-07
1669394773
-4.010579E-01,-4.107251E-08
1669394783
-4.011458E-01,-1.409821E-08
1669394794
-4.010419E-01,-1.145087E-08
1669394804
-4.011500E-01,-1.000125E-08
1669394814
-4.011149E-01,-1.083518E-08
1669394825
-4.010418E-01,-1.210797E-08
1669394835
-4.011289E-01,-4.940159E-08
1669394845
-4.011700E-01,-9.229326E-08
1669394855
-4.010399E-01,-4.890099E-08
1669394866
-4.011140E-01,-1.080607E-08
1669394876
-4.011480E-01,-9.578093E-09
1669394886
-4.012010E-01,-9.736321E-09
1669394897
-4.011240E-01,-1.101325E-08
1669394907
-4.011129E-01,-1.072503E-08
1669394917
-4.011421E-01,-1.224777E-08
1669394927
-4.011129E-01,-1.032821E-07
1669394938
-4.011960E-01,-1.053724E-07
1669394948
-4.010310E-01,-1.263891E-08
1669394958
-4.010859E-01,-1.119429E-08
1669394969
-4.010410E-01,-1.122089E-08
1669394979
-4.010990E-01,-1.204906E-08
1669394989
-4.011100E-01,-1.278526E-08
1669394999
-4.010560E-01,-9.787845E-09
1669395010
-4.009819E-01,-1.170987E-08
1669395020
-4.010331E-01,-8.792635E-08
1669395030
-4.009189E-01,-1.111321E-07
1669395040
-4.010919E-01,-2.876293E-08
1669395051
-4.011230E-01,-1.141096E-08
1669395061
-4.011070E-01,-1.120081E-08
1669395071
-4.010859E-01,-1.170436E-08
1669395082
-4.010091E-01,-1.212055E-08
1669395092
-4.010989E-01,-1.232121E-08
1669395102
-4.011800E-01,-7.683776E-08
1669395113
-4.012111E-01,-1.211183E-07
1669395123
-4.011728E-01,-3.540177E-08
1669395133
-4.011491E-01,-1.184560E-08
1669395143
-4.011160E-01,-1.011896E-08
1669395154
-4.011981E-01,-1.195343E-08
1669395164
-4.011280E-01,-1.097628E-08
1669395174
-4.011520E-01,-1.153838E-08
1669395185
-4.011339E-01,-2.991226E-08
1669395195
-4.011399E-01,-1.102007E-07
1669395205
-4.010470E-01,-7.216682E-08
1669395216
-4.011228E-01,-1.227015E-08
1669395226
-4.010779E-01,-1.522972E-08
1669395236
-4.010549E-01,-1.041907E-08
1669395246
-4.011050E-01,-1.383061E-08
1669395257
-4.011379E-01,-1.071449E-08
1669395267
-4.010960E-01,-9.958221E-09
1669395277
-4.010829E-01,-1.214253E-08
1669395288
-4.011029E-01,-1.022046E-08
1669395298
-4.011318E-01,-1.072008E-08
1669395308
-4.011479E-01,-1.073848E-08
1669395318
-4.011329E-01,-1.256576E-08
1669395329
-4.011440E-01,-1.184453E-08
1669395339
-4.010749E-01,-1.078821E-08
1669395349
-4.011059E-01,-1.179993E-08
1669395360
-4.011158E-01,-9.063050E-09
1669395370
-4.011179E-01,-1.235063E-08
1669395380
-4.010299E-01,-1.225466E-08
1669395391
-4.011189E-01,-1.212510E-08
1669395401
-4.011070E-01,-9.888803E-09
1669395411
-4.010968E-01,-9.040003E-09
1669395421
-4.010069E-01,-1.148388E-08
1669395432
-4.009899E-01,-9.225587E-09
1669395442
-4.011140E-01,-1.026298E-08
1669395452
-4.011749E-01,-9.291574E-09
1669395463
-4.011360E-01,-1.234214E-08
1669395473
-4.011959E-01,-8.197249E-09
1669395483
-4.010949E-01,-1.013229E-08
1669395494
-4.011169E-01,-1.051297E-08
1669395504
-4.011199E-01,-1.087919E-08
1669395514
-4.011239E-01,-8.614937E-09
1669395524
-4.012040E-01,-1.096531E-08
1669395535
-4.012119E-01,-1.072022E-08
1669395545
-4.011229E-01,-9.323014E-09
1669395555
-4.010689E-01,-1.085356E-08
1669395566
-4.011149E-01,-1.061495E-08
1669395576
-4.011088E-01,-1.113468E-08
1669395586
-4.011239E-01,-9.791309E-09
1669395597
-4.011339E-01,-1.027889E-08
1669395607
-4.010708E-01,-1.212194E-08
1669395617
-4.010217E-01,-9.837845E-09
1669395627
-4.011238E-01,-1.192052E-08
1669395638
-4.011809E-01,-1.090312E-08
1669395648
-4.012008E-01,-1.128128E-08
1669395658
-4.011258E-01,-9.784348E-09
1669395669
-4.011188E-01,-1.239358E-08
1669395679
-4.011216E-01,-8.939526E-09
1669395689
-4.011257E-01,-1.131172E-08
1669395699
-4.010968E-01,-9.602191E-09
1669395710
-4.010366E-01,-1.005542E-08
1669395720
-4.011088E-01,-1.166680E-08
1669395730
-4.011217E-01,-1.019835E-08
1669395740
-4.011808E-01,-9.351158E-09
1669395751
-4.011017E-01,-1.077213E-08
1669395761
-4.011049E-01,-9.460789E-09
1669395771
-4.011508E-01,-9.823669E-09
1669395782
-4.010378E-01,-9.179153E-09
1669395792
-4.011179E-01,-8.171773E-09
1669395802
-4.010849E-01,-1.037791E-08
1669395813
-4.011309E-01,-8.836413E-09
1669395823
-4.012348E-01,-9.266706E-09
1669395833
-4.010291E-01,-7.629622E-09
1669395843
-4.010899E-01,-1.247523E-08
1669395854
-4.010469E-01,-1.283362E-08
1669395864
-4.011059E-01,-1.052700E-08
1669395874
-4.009999E-01,-1.046159E-08
1669395885
-4.010279E-01,-1.139788E-08
1669395895
-4.010978E-01,-9.723289E-09
1669395905
-4.010809E-01,-1.045597E-08
1669395916
-4.010849E-01,-1.229420E-08
1669395926
-4.010389E-01,-1.212603E-08
1669395936
-4.011008E-01,-1.211054E-08
1669395946
-4.010698E-01,-9.700750E-09
1669395957
-4.010278E-01,-1.036306E-08
1669395967
-4.010478E-01,-1.007523E-08
1669395977
-4.010428E-01,-8.269883E-09
1669395988
-4.010408E-01,-1.173045E-08
1669395998
-4.011249E-01,-1.046999E-08
1669396008
-4.010290E-01,-1.035741E-08
1669396018
-4.010909E-01,-9.486572E-09
1669396029
-4.010569E-01,-8.910857E-09
1669396039
-4.010927E-01,-9.876800E-09
1669396049
-4.010749E-01,-8.757413E-09
1669396060
-4.011328E-01,-1.331550E-08
1669396070
-4.011179E-01,-1.102316E-08
1669396080
-4.010528E-01,-1.078607E-08
1669396091
-4.010299E-01,-1.236914E-08
1669396101
-4.010770E-01,-1.023893E-08
1669396111
-4.011750E-01,-1.167538E-08
1669396121
-4.010898E-01,-1.036595E-08
1669396132
-4.011920E-01,-4.555139E-08
1669396142
-4.010698E-01,-6.318945E-08
1669396152
-4.010428E-01,-1.016663E-07
1669396162
-4.011158E-01,-4.288613E-08
1669396173
-4.010588E-01,-1.069358E-08
1669396183
-4.011088E-01,-1.077312E-08
1669396193
-4.010248E-01,-1.011647E-08
1669396204
-4.010388E-01,-1.176886E-08
1669396214
-4.011419E-01,-8.920948E-09
1669396224
-4.011589E-01,-9.555716E-09
1669396234
-4.010588E-01,-6.312394E-08
1669396244
-4.010087E-01,-1.092932E-07
1669396255
-4.010648E-01,-4.449861E-08
1669396265
-4.011380E-01,-1.051745E-08
1669396275
-4.010929E-01,-1.091305E-08
1669396286
-4.010999E-01,-1.136179E-08
1669396296
-4.010298E-01,-1.081412E-08
1669396306
-4.010838E-01,-9.235507E-09
1669396317
-4.011239E-01,-2.154654E-08
1669396327
-4.011229E-01,-1.155342E-07
1669396337
-4.011129E-01,-7.330625E-08
1669396347
-4.011448E-01,-1.189157E-08
1669396358
-4.011579E-01,-1.319406E-08
1669396368
-4.011390E-01,-1.217500E-08
1669396378
-4.011819E-01,-1.203818E-08
1669396388
-4.011279E-01,-1.242756E-08
1669396399
-4.010758E-01,-1.049506E-08
1669396409
-4.010408E-01,-3.775333E-08
1669396419
-4.011129E-01,-1.182667E-07
1669396429
-4.010458E-01,-7.679952E-08
1669396440
-4.011217E-01,-1.029983E-08
1669396450
-4.011419E-01,-1.024131E-08
1669396460
-4.011750E-01,-1.400075E-08
1669396471
-4.012289E-01,-1.242060E-08
1669396481
-4.012109E-01,-1.294190E-08
1669396491
-4.011008E-01,-1.311402E-08
1669396502
-4.010968E-01,-1.009292E-07
1669396512
-4.011549E-01,-1.022350E-07
1669396522
-4.011710E-01,-2.444162E-08
1669396532
-4.011208E-01,-1.134780E-08
1669396543
-4.011229E-01,-1.163828E-08
1669396553
-4.010668E-01,-1.129270E-08
1669396563
-4.011629E-01,-1.091328E-08
1669396573
-4.010999E-01,-1.168239E-08
1669396584
-4.011009E-01,-1.276938E-08
1669396594
-4.010718E-01,-8.092314E-08
1669396604
-4.011038E-01,-1.048620E-07
1669396615
-4.010558E-01,-2.481655E-08
1669396625
-4.011150E-01,-1.333304E-08
1669396635
-4.010719E-01,-1.484151E-08
1669396645
-4.010870E-01,-1.077262E-08
1669396656
-4.012040E-01,-1.389716E-08
1669396666
-4.010669E-01,-1.154790E-08
1669396676
-4.011849E-01,-6.749438E-08
1669396687
-4.010900E-01,-1.177217E-07
1669396697
-4.010510E-01,-4.683346E-08
1669396707
-4.010491E-01,-1.236160E-08
1669396718
-4.010540E-01,-1.318750E-08
1669396728
-4.011510E-01,-1.118631E-08
1669396738
-4.011331E-01,-1.005088E-08
1669396748
-4.012031E-01,-1.200745E-08
1669396759
-4.011530E-01,-2.542317E-08
1669396769
-4.010749E-01,-1.073400E-07
1669396779
-4.010919E-01,-6.960276E-08
1669396790
-4.011350E-01,-1.223063E-08
1669396800
-4.011300E-01,-1.253915E-08
1669396810
-4.010900E-01,-1.129090E-08
1669396821
-4.011129E-01,-1.137836E-08
1669396831
-4.011492E-01,-1.178611E-08
1669396841
-4.010358E-01,-1.170255E-08
1669396851
-4.011619E-01,-8.615619E-08
1669396862
-4.011279E-01,-1.062550E-07
1669396872
-4.011180E-01,-2.004903E-08
1669396882
-4.010899E-01,-1.291184E-08
1669396893
-4.010660E-01,-1.107523E-08
1669396903
-4.010760E-01,-1.077475E-08
1669396913
-4.010222E-01,-1.108580E-08
1669396924
-4.011040E-01,-1.193294E-08
1669396934
-4.011140E-01,-6.235999E-08
1669396944
-4.010751E-01,-1.118719E-07
1669396954
-4.011039E-01,-4.730833E-08
1669396965
-4.010659E-01,-1.020351E-08
1669396975
-4.011091E-01,-1.205010E-08
1669396985
-4.012211E-01,-8.561888E-09
1669396996
-4.011079E-01,-9.930772E-09
1669397006
-4.010760E-01,-1.196546E-08
1669397016
-4.011631E-01,-3.664733E-08
1669397027
-4.011330E-01,-1.127562E-07
1669397037
-4.010929E-01,-5.927541E-08
1669397047
-4.011901E-01,-1.123320E-08
1669397057
-4.011810E-01,-1.177309E-08
1669397068
-4.010329E-01,-1.298575E-08
1669397078
-4.011389E-01,-1.164449E-08
1669397088
-4.010150E-01,-1.236908E-08
1669397099
-4.010778E-01,-1.145135E-08
1669397109
-4.010970E-01,-9.331982E-08
1669397119
-4.010980E-01,-1.094354E-07
1669397129
-4.011221E-01,-2.121492E-08
1669397140
-4.010838E-01,-1.241576E-08
1669397150
-4.011179E-01,-1.056615E-08
1669397160
-4.011280E-01,-1.060016E-08
1669397171
-4.010669E-01,-1.328103E-08
1669397181
-4.011631E-01,-1.092528E-08
1669397191
-4.010590E-01,-6.764819E-08
1669397202
-4.011020E-01,-1.159703E-07
1669397212
-4.010540E-01,-3.540280E-08
1669397222
-4.011108E-01,-1.105318E-08
1669397232
-4.010739E-01,-1.194043E-08
1669397243
-4.010891E-01,-1.137585E-08
1669397253
-4.010970E-01,-1.295072E-08
1669397263
-4.011411E-01,-1.223024E-08
1669397274
-4.011220E-01,-3.501739E-08
1669397284
-4.010919E-01,-1.084296E-07
1669397294
-4.010709E-01,-6.059339E-08
1669397305
-4.010949E-01,-1.045855E-08
1669397315
-4.011751E-01,-1.134376E-08
1669397325
-4.010800E-01,-1.232108E-08
1669397335
-4.011080E-01,-1.128934E-08
1669397346
-4.011431E-01,-1.081512E-08
1669397356
-4.010569E-01,-1.832155E-08
1669397366
-4.010920E-01,-9.564084E-08
1669397377
-4.010680E-01,-8.843702E-08
1669397387
-4.012049E-01,-1.267011E-08
1669397397
-4.011620E-01,-1.165045E-08
1669397408
-4.010969E-01,-1.463641E-08
1669397418
-4.011181E-01,-1.073864E-08
1669397428
-4.011059E-01,-1.315352E-08
1669397438
-4.011360E-01,-1.174656E-08
1669397449
-4.011400E-01,-7.769880E-08
1669397459
-4.011990E-01,-1.076941E-07
1669397469
-4.011810E-01,-2.517090E-08
1669397480
-4.010960E-01,-1.179055E-08
1669397490
-4.011731E-01,-1.155186E-08
1669397500
-4.011959E-01,-1.113179E-08
1669397511
-4.011631E-01,-1.250787E-08
1669397521
-4.012130E-01,-1.142437E-08
1669397531
-4.011930E-01,-7.885282E-08
1669397541
-4.011598E-01,-1.067725E-07
1669397552
-4.011338E-01,-2.837571E-08
1669397562
-4.011209E-01,-1.388365E-08
1669397572
-4.011519E-01,-1.308830E-08
1669397583
-4.010928E-01,-1.234322E-08
1669397593
-4.011098E-01,-1.251312E-08
1669397603
-4.010989E-01,-1.166041E-08
1669397614
-4.010839E-01,-5.894167E-08
1669397624
-4.010960E-01,-1.085010E-07
1669397634
-4.010789E-01,-5.748968E-08
1669397645
-4.011660E-01,-1.137079E-08
1669397655
-4.011210E-01,-1.204514E-08
1669397665
-4.011729E-01,-1.215509E-08
1669397675
-4.011239E-01,-1.279829E-08
1669397686
-4.011970E-01,-1.122636E-08
1669397696
-4.011340E-01,-2.548313E-08
1669397706
-4.010689E-01,-1.141372E-07
1669397717
-4.010650E-01,-6.802781E-08
1669397727
-4.011549E-01,-1.295854E-08
1669397737
-4.011319E-01,-1.299801E-08
1669397748
-4.011099E-01,-1.200255E-08
1669397758
-4.010360E-01,-1.215564E-08
1669397768
-4.011048E-01,-1.292175E-08
1669397778
-4.011178E-01,-1.117889E-08
1669397788
-4.010909E-01,-2.525294E-08
1669397799
-4.011939E-01,-1.116508E-07
1669397809
-4.010708E-01,-7.533787E-08
1669397819
-4.011038E-01,-1.451989E-08
1669397830
-4.011109E-01,-1.274582E-08
1669397840
-4.012049E-01,-1.351451E-08
1669397850
-4.011368E-01,-1.286798E-08
1669397861
-4.011369E-01,-1.094517E-08
1669397871
-4.011159E-01,-1.253483E-08
1669397881
-4.010877E-01,-9.996428E-08
1669397891
-4.010569E-01,-1.049651E-07
1669397902
-4.010446E-01,-1.644823E-08
1669397912
-4.011198E-01,-1.262163E-08
1669397922
-4.011246E-01,-1.182106E-08
1669397933
-4.011769E-01,-1.114041E-08
1669397943
-4.010647E-01,-1.086770E-08
1669397953
-4.011798E-01,-9.935399E-09
1669397964
-4.011317E-01,-7.343803E-08
1669397974
-4.010938E-01,-1.141325E-07
1669397984
-4.011108E-01,-3.748304E-08
1669397994
-4.010227E-01,-1.318403E-08
1669398005
-4.010567E-01,-1.254127E-08
1669398015
-4.011869E-01,-1.261368E-08
1669398025
-4.010888E-01,-1.543220E-08
1669398036
-4.011478E-01,-1.192349E-08
1669398046
-4.010757E-01,-5.808354E-08
1669398056
-4.011188E-01,-1.068492E-07
1669398067
-4.010597E-01,-4.877291E-08
1669398077
-4.011557E-01,-1.264030E-08
1669398087
-4.010997E-01,-1.288147E-08
1669398097
-4.010949E-01,-1.228872E-08
1669398108
-4.011086E-01,-1.380766E-08
1669398118
-4.011068E-01,-1.405724E-08
1669398128
-4.011887E-01,-2.929095E-08
1669398139
-4.011497E-01,-9.997225E-08
1669398149
-4.011208E-01,-8.588930E-08
1669398159
-4.011537E-01,-1.164337E-08
1669398170
-4.011377E-01,-1.372903E-08
1669398180
-4.011108E-01,-1.338863E-08
1669398190
-4.010625E-01,-1.207412E-08
1669398200
-4.011438E-01,-1.463741E-08
1669398211
-4.011337E-01,-1.215568E-08
1669398221
-4.011618E-01,-9.713219E-08
1669398231
-4.011368E-01,-9.896549E-08
1669398242
-4.011377E-01,-1.814715E-08
1669398252
-4.011477E-01,-1.132241E-08
1669398262
-4.011468E-01,-1.306981E-08
1669398273
-4.011256E-01,-1.152697E-08
1669398283
-4.011778E-01,-1.409774E-08
1669398293
-4.010448E-01,-1.300875E-08
1669398303
-4.010568E-01,-6.790703E-08
1669398314
-4.010817E-01,-1.136635E-07
1669398324
-4.010738E-01,-3.712411E-08
1669398334
-4.012099E-01,-1.402819E-08
1669398345
-4.011920E-01,-1.356613E-08
1669398355
-4.011580E-01,-1.404467E-08
1669398365
-4.011319E-01,-1.169737E-08
1669398376
-4.011859E-01,-1.466791E-08
1669398386
-4.010628E-01,-5.553219E-08
1669398396
-4.010639E-01,-1.079717E-07
1669398406
-4.010998E-01,-1.078876E-07
1669398416
-4.011129E-01,-3.038942E-08
1669398427
-4.011129E-01,-1.351229E-08
1669398437
-4.010518E-01,-1.198409E-08
1669398447
-4.012010E-01,-1.294888E-08
1669398458
-4.012069E-01,-1.439339E-08
1669398468
-4.011250E-01,-1.380174E-08
1669398478
-4.010850E-01,-4.923310E-08
1669398489
-4.010529E-01,-1.106287E-07
1669398499
-4.010538E-01,-4.158667E-08
1669398509
-4.011228E-01,-1.254376E-08
1669398519
-4.012099E-01,-1.196661E-08
1669398530
-4.011218E-01,-1.314382E-08
1669398540
-4.011500E-01,-1.644600E-08
1669398550
-4.010988E-01,-1.139501E-08
1669398561
-4.011829E-01,-4.745347E-08
1669398571
-4.010888E-01,-9.927041E-08
1669398581
-4.011259E-01,-6.689467E-08
1669398592
-4.011418E-01,-1.412728E-08
1669398602
-4.011770E-01,-1.538326E-08
1669398612
-4.011408E-01,-1.222656E-08
1669398622
-4.011669E-01,-1.203109E-08
1669398633
-4.011199E-01,-1.191892E-08
1669398643
-4.011750E-01,-2.007108E-08
1669398653
-4.011329E-01,-1.066679E-07
1669398664
-4.011250E-01,-6.978692E-08
1669398674
-4.011969E-01,-1.346505E-08
1669398684
-4.011288E-01,-1.304745E-08
1669398695
-4.011140E-01,-1.374580E-08
1669398705
-4.011289E-01,-1.362406E-08
1669398715
-4.010520E-01,-1.044612E-08
1669398725
-4.011489E-01,-1.265728E-08
1669398736
-4.012089E-01,-8.322696E-08
1669398746
-4.011551E-01,-1.114641E-07
1669398756
-4.011489E-01,-2.195062E-08
1669398767
-4.010950E-01,-1.336209E-08
1669398777
-4.010889E-01,-1.254120E-08
1669398787
-4.011950E-01,-1.336995E-08
1669398798
-4.011559E-01,-1.383211E-08
1669398808
-4.011378E-01,-1.109172E-08
1669398818
-4.011298E-01,-1.369806E-08
1669398828
-4.011219E-01,-9.108641E-08
1669398839
-4.011428E-01,-9.933191E-08
1669398849
-4.011499E-01,-2.031306E-08
1669398859
-4.011427E-01,-1.378121E-08
1669398869
-4.011337E-01,-1.619090E-08
1669398880
-4.010397E-01,-1.451589E-08
1669398890
-4.011357E-01,-1.279043E-08
1669398900
-4.011588E-01,-1.302342E-08
1669398911
-4.011198E-01,-6.037324E-08
1669398921
-4.011129E-01,-1.052882E-07
1669398931
-4.011829E-01,-3.931321E-08
1669398941
-4.011157E-01,-1.378924E-08
1669398952
-4.011467E-01,-1.277395E-08
1669398962
-4.011748E-01,-1.448145E-08
1669398972
-4.011308E-01,-1.306399E-08
1669398983
-4.010959E-01,-1.366823E-08
1669398993
-4.011020E-01,-4.810284E-08
1669399003
-4.010797E-01,-1.130628E-07
1669399014
-4.011767E-01,-5.776368E-08
1669399024
-4.010707E-01,-1.352105E-08
1669399034
-4.011648E-01,-1.363354E-08
1669399044
-4.011247E-01,-1.501558E-08
1669399055
-4.011197E-01,-1.348899E-08
1669399065
-4.010825E-01,-1.215879E-08
1669399075
-4.010706E-01,-1.223266E-08
1669399086
-4.010776E-01,-1.040659E-07
1669399096
-4.011106E-01,-9.123697E-08
1669399106
-4.011987E-01,-1.437404E-08
1669399117
-4.011618E-01,-1.329053E-08
1669399127
-4.011707E-01,-1.309098E-08
1669399137
-4.011317E-01,-1.454541E-08
1669399147
-4.010974E-01,-1.420188E-08
1669399157
-4.010936E-01,-1.139136E-08
1669399167
-4.011607E-01,-1.432438E-08
1669399177
-4.010728E-01,-1.355749E-08
1669399188
-4.011057E-01,-6.327596E-08
1669399198
-4.011227E-01,-1.140610E-07
1669399208
-4.011578E-01,-4.188221E-08
1669399219
-4.010787E-01,-1.398025E-08
1669399229
-4.011297E-01,-1.179904E-08
1669399239
-4.010936E-01,-1.154547E-08
1669399250
-4.010915E-01,-1.464092E-08
1669399260
-4.011444E-01,-1.381705E-08
1669399270
-4.010956E-01,-2.844216E-08
1669399280
-4.010716E-01,-1.144327E-07
1669399291
-4.011476E-01,-6.911396E-08
1669399301
-4.011317E-01,-1.399924E-08
1669399311
-4.011067E-01,-1.281587E-08
1669399322
-4.012419E-01,-1.312988E-08
1669399332
-4.011918E-01,-1.397183E-08
1669399342
-4.011438E-01,-1.622657E-08
1669399353
-4.011888E-01,-1.641909E-08
1669399363
-4.011257E-01,-8.677124E-08
1669399373
-4.011237E-01,-8.595598E-08
1669399383
-4.011317E-01,-6.442275E-08
1669399393
-4.011799E-01,-1.397918E-08
1669399404
-4.011279E-01,-1.447056E-08
1669399414
-4.011879E-01,-1.342155E-08
1669399424
-4.011349E-01,-1.324700E-08
1669399435
-4.011278E-01,-1.404387E-08
1669399445
-4.010659E-01,-1.361772E-08
1669399455
-4.011538E-01,-9.171262E-08
1669399465
-4.012108E-01,-1.041217E-07
1669399476
-4.010748E-01,-2.194435E-08
1669399486
-4.009869E-01,-1.550972E-08
1669399496
-4.011069E-01,-1.332198E-08
1669399507
-4.011271E-01,-1.325342E-08
1669399517
-4.010899E-01,-1.393070E-08
1669399527
-4.011360E-01,-1.374172E-08
1669399538
-4.011589E-01,-6.881000E-08
1669399548
-4.011259E-01,-1.127431E-07
1669399558
-4.011248E-01,-3.814282E-08
1669399569
-4.010978E-01,-1.297696E-08
1669399579
-4.011318E-01,-1.270824E-08
1669399589
-4.011609E-01,-1.488112E-08
1669399599
-4.012049E-01,-1.488146E-08
1669399610
-4.011639E-01,-1.546471E-08
1669399620
-4.011459E-01,-6.713733E-08
1669399630
-4.011468E-01,-1.081414E-07
1669399641
-4.011349E-01,-3.804477E-08
1669399651
-4.011047E-01,-1.324705E-08
1669399661
-4.011016E-01,-1.350257E-08
1669399672
-4.010817E-01,-1.278235E-08
1669399682
-4.011349E-01,-1.228157E-08
1669399692
-4.011538E-01,-1.419625E-08
1669399702
-4.010978E-01,-2.699824E-08
1669399713
-4.010628E-01,-1.095369E-07
1669399723
-4.010240E-01,-8.376959E-08
1669399733
-4.011029E-01,-1.631439E-08
1669399744
-4.011078E-01,-1.155399E-08
1669399754
-4.010657E-01,-1.250381E-08
1669399764
-4.010718E-01,-1.437298E-08
1669399775
-4.011568E-01,-1.354820E-08
1669399785
-4.010687E-01,-1.802582E-08
1669399795
-4.011127E-01,-1.485455E-08
1669399805
-4.010938E-01,-1.461034E-08
1669399816
-4.010578E-01,-1.338256E-08
1669399826
-4.010668E-01,-1.225566E-08
1669399836
-4.010498E-01,-1.148532E-08
1669399847
-4.010710E-01,-1.372360E-08
1669399857
-4.010579E-01,-1.244552E-08
1669399867
-4.010739E-01,-1.492456E-08
1669399878
-4.011538E-01,-1.250012E-08
1669399888
-4.011400E-01,-1.526722E-08
1669399898
-4.011449E-01,-1.218411E-08
1669399909
-4.011530E-01,-1.228074E-08
1669399919
-4.011071E-01,-1.312642E-08
1669399929
-4.011289E-01,-1.309755E-08
1669399939
-4.011348E-01,-1.339387E-08
1669399949
-4.011579E-01,-1.180364E-08
1669399960
-4.010190E-01,-1.281842E-08
1669399970
-4.011000E-01,-1.667358E-08
1669399980
-4.011901E-01,-1.249013E-08
1669399991
-4.011230E-01,-1.489444E-08
1669400001
-4.010500E-01,-1.218108E-08
1669400011
-4.010609E-01,-1.085972E-08
1669400021
-4.011142E-01,-1.260883E-08
1669400032
-4.010560E-01,-1.341961E-08
1669400042
-4.011641E-01,-1.222024E-08
1669400052
-4.010800E-01,-1.195899E-08
1669400063
-4.010381E-01,-1.076715E-08
1669400073
-4.011160E-01,-1.270447E-08
1669400083
-4.010790E-01,-1.300384E-08
1669400094
-4.010691E-01,-1.384067E-08
1669400104
-4.011080E-01,-1.285581E-08
1669400114
-4.010168E-01,-1.317892E-08
1669400125
-4.010479E-01,-1.271532E-08
1669400135
-4.011830E-01,-1.237218E-08
1669400145
-4.012589E-01,-1.321292E-08
1669400155
-4.011228E-01,-1.314307E-08
1669400166
-4.011048E-01,-1.316987E-08
1669400176
-4.011180E-01,-1.335255E-08
1669400186
-4.011840E-01,-1.535865E-08
1669400197
-4.010518E-01,-1.464944E-08
1669400207
-4.010808E-01,-1.310938E-08
1669400217
-4.010889E-01,-1.331354E-08
1669400228
-4.009778E-01,-1.185105E-08
1669400238
-4.010499E-01,-1.342138E-08
1669400248
-4.011239E-01,-1.427283E-08
1669400258
-4.010829E-01,-1.240721E-08
1669400269
-4.010491E-01,-1.351617E-08
1669400279
-4.011779E-01,-1.150100E-08
1669400289
-4.010958E-01,-1.077408E-08
1669400300
-4.010788E-01,-1.266636E-08
1669400310
-4.011399E-01,-1.383210E-08
1669400320
-4.011300E-01,-1.489854E-08
1669400331
-4.010999E-01,-1.201962E-08
1669400341
-4.011158E-01,-1.373960E-08
1669400351
-4.011670E-01,-1.335647E-08
1669400361
-4.011330E-01,-1.379511E-08
1669400372
-4.010478E-01,-1.259279E-08
1669400382
-4.010718E-01,-1.214022E-08
1669400392
-4.010639E-01,-1.219258E-08
1669400403
-4.011119E-01,-1.382612E-08
1669400413
-4.011549E-01,-1.352561E-08
1669400423
-4.010899E-01,-1.143698E-08
1669400434
-4.011199E-01,-1.160101E-08
1669400444
-4.011169E-01,-1.364851E-08
1669400454
-4.011219E-01,-1.349607E-08
1669400464
-4.010459E-01,-1.139386E-08
1669400475
-4.011799E-01,-9.995437E-09
1669400485
-4.010631E-01,-1.269993E-08
1669400495
-4.010348E-01,-1.251022E-08
1669400506
-4.011012E-01,-1.207357E-08
1669400516
-4.010580E-01,-1.286744E-08
1669400526
-4.011531E-01,-1.258368E-08
1669400537
-4.011340E-01,-1.251421E-08
1669400547
-4.010410E-01,-1.198867E-08
1669400557
-4.011289E-01,-1.113522E-08
1669400567
-4.011891E-01,-1.377818E-08
1669400578
-4.011889E-01,-1.257786E-08
1669400588
-4.012401E-01,-1.217356E-08
1669400598
-4.012470E-01,-1.234727E-08
1669400609
-4.011158E-01,-1.206652E-08
1669400619
-4.011298E-01,-1.313899E-08
1669400629
-4.010797E-01,-1.191943E-08
1669400640
-4.011017E-01,-1.133392E-08
1669400650
-4.011397E-01,-1.314502E-08
1669400660
-4.011171E-01,-1.209215E-08
1669400670
-4.010019E-01,-1.232612E-08
1669400681
-4.010730E-01,-1.266118E-08
1669400691
-4.010629E-01,-1.178356E-08
1669400701
-4.010719E-01,-1.268034E-08
1669406043
-4.011296E-01,+4.937268E-10
1669406053
-4.011835E-01,-1.845495E-09
1669406063
-4.011096E-01,+6.910565E-11
1669406074
-4.012226E-01,+1.445862E-10
1669406084
-4.011577E-01,+1.336447E-09
1669406094
-4.012147E-01,-2.530808E-09
1669406104
-4.012207E-01,-2.427785E-09
1669406115
-4.012206E-01,-2.936358E-09
1669406125
-4.012547E-01,-1.485518E-09
1669406135
-4.013127E-01,-2.332772E-09
1669406145
-4.012507E-01,-8.337172E-10
1669406155
-4.012886E-01,-1.297434E-09
1669406166
-4.012177E-01,+7.213076E-10
1669406176
-4.012226E-01,-1.361407E-09
1669406186
-4.011697E-01,+1.379028E-09
1669406197
-4.011978E-01,-2.520871E-10
1669406207
-4.012868E-01,+1.709603E-09
1669406217
-4.013509E-01,-1.059592E-10
1669406228
-4.012768E-01,+3.786433E-10
1669406238
-4.012030E-01,-2.883964E-09
1669406248
-4.012810E-01,-1.139285E-09
1669406258
-4.012180E-01,-1.877110E-09
1669406269
-4.011820E-01,-1.281333E-09
1669406279
-4.011739E-01,+9.478976E-10
1669406289
-4.012040E-01,-2.138199E-09
1669406300
-4.012502E-01,-1.564583E-10
1669406310
-4.012289E-01,+9.088436E-10
1669406320
-4.012729E-01,-1.031904E-09
1669406330
-4.012311E-01,-1.735109E-09
1669406341
-4.012640E-01,-3.691185E-10
1669406351
-4.012461E-01,-1.930651E-09
1669406361
-4.012049E-01,-9.292868E-10
1669406371
-4.012471E-01,-1.094258E-09
1669406382
-4.012482E-01,-2.137108E-09
1669406392
-4.011980E-01,+4.311858E-10
1669406402
-4.011670E-01,-1.254385E-09
1669406413
-4.011200E-01,-3.252022E-09
1669406423
-4.011400E-01,-1.659094E-09
1669406433
-4.011711E-01,+1.490283E-10
1669406444
-4.012251E-01,+8.568277E-10
1669406454
-4.012440E-01,-1.211272E-09
1669406464
-4.011281E-01,-1.548931E-09
1669406474
-4.011801E-01,-5.621892E-10
1669406485
-4.011621E-01,-3.317597E-09
1669406495
-4.011831E-01,+1.621050E-10
1669406505
-4.012141E-01,-1.690751E-10
1669406516
-4.012371E-01,-2.441281E-09
1669406526
-4.012341E-01,-1.431973E-09
1669406536
-4.012212E-01,-3.390230E-10
1669406547
-4.012982E-01,-1.394381E-09
1669406557
-4.013172E-01,-2.630085E-10
1669406567
-4.013772E-01,-8.977633E-10
1669406577
-4.013283E-01,-2.424743E-09
1669406587
-4.012031E-01,-7.332810E-10
1669406598
-4.011933E-01,+9.937322E-10
1669406608
-4.012743E-01,-8.817064E-10
1669406618
-4.012831E-01,+4.332553E-10
1669406629
-4.012462E-01,-1.565391E-09
1669406639
-4.012981E-01,-1.700125E-10
