1664780154
-1.348516E+00,-1.835474E-06
1664780167
-1.334812E+00,-1.846746E-06
1664780179
-1.324605E+00,-1.848970E-06
1664780192
-1.307531E+00,-1.840618E-06
1664780204
-1.297298E+00,-1.843871E-06
1664780217
-1.283606E+00,-1.841495E-06
1664780230
-1.266530E+00,-1.833477E-06
1664780242
-1.259738E+00,-1.828036E-06
1664780255
-1.242646E+00,-1.821093E-06
1664780267
-1.232338E+00,-1.821002E-06
1664780280
-1.218744E+00,-1.811200E-06
1664780292
-1.201643E+00,-1.806947E-06
1664780305
-1.191428E+00,-1.804370E-06
1664780318
-1.177657E+00,-1.795774E-06
1664780330
-1.167470E+00,-1.787325E-06
1664780343
-1.153819E+00,-1.781297E-06
1664780355
-1.136764E+00,-1.771529E-06
1664780368
-1.126467E+00,-1.768644E-06
1664780380
-1.112786E+00,-1.760130E-06
1664780393
-1.102627E+00,-1.754986E-06
1664780405
-1.088985E+00,-1.748840E-06
1664780418
-1.071862E+00,-1.741137E-06
1664780431
-1.061523E+00,-1.735235E-06
1664780443
-1.047796E+00,-1.725674E-06
1664780455
-1.037468E+00,-1.719966E-06
1664780468
-1.023566E+00,-1.717356E-06
1664780481
-1.006548E+00,-1.714427E-06
1664780493
-9.963298E-01,-1.708207E-06
1664780506
-9.827054E-01,-1.698052E-06
1664780518
-9.724207E-01,-1.694521E-06
1664780531
-9.587738E-01,-1.688800E-06
1664780543
-9.417279E-01,-1.678707E-06
1664780556
-9.315329E-01,-1.674523E-06
1664780569
-9.178267E-01,-1.663716E-06
1664780581
-9.075037E-01,-1.657873E-06
1664780594
-8.939320E-01,-1.652480E-06
1664780606
-8.768821E-01,-1.640630E-06
1664780619
-8.666272E-01,-1.636676E-06
1664780631
-8.529195E-01,-1.628150E-06
1664780644
-8.426967E-01,-1.618120E-06
1664780657
-8.289806E-01,-1.605334E-06
1664780669
-8.119343E-01,-1.597266E-06
1664780682
-8.016542E-01,-1.589161E-06
1664780694
-7.879975E-01,-1.570834E-06
1664780707
-7.777990E-01,-1.560474E-06
1664780719
-7.641315E-01,-1.541720E-06
1664780732
-7.470322E-01,-1.529256E-06
1664780744
-7.368484E-01,-1.517343E-06
1664780757
-7.232382E-01,-1.494613E-06
1664780769
-7.129187E-01,-1.474356E-06
1664780782
-6.958137E-01,-1.454080E-06
1664780795
-6.821043E-01,-1.431032E-06
1664780807
-6.718279E-01,-1.419386E-06
1664780820
-6.582310E-01,-1.413764E-06
1664780832
-6.480752E-01,-1.404183E-06
1664780845
-6.309559E-01,-1.368900E-06
1664780857
-6.172201E-01,-1.357306E-06
1664780870
-6.070338E-01,-1.337411E-06
1664780883
-5.933402E-01,-1.322761E-06
1664780895
-5.829925E-01,-1.313589E-06
1664780908
-5.659333E-01,-1.286870E-06
1664780920
-5.522352E-01,-1.262160E-06
1664780933
-5.420198E-01,-1.252949E-06
1664780945
-5.283383E-01,-1.244865E-06
1664780958
-5.181265E-01,-1.229156E-06
1664780970
-5.010687E-01,-1.216228E-06
1664780983
-4.874025E-01,-1.192237E-06
1664780996
-4.771177E-01,-1.164426E-06
1664781008
-4.635433E-01,-1.137026E-06
1664781021
-4.532601E-01,-1.129976E-06
1664781033
-4.362188E-01,-1.100510E-06
1664781046
-4.224605E-01,-1.088936E-06
1664781058
-4.121448E-01,-1.071508E-06
1664781071
-3.985520E-01,-1.055705E-06
1664781084
-3.883434E-01,-1.043180E-06
1664781096
-3.711824E-01,-1.017124E-06
1664781109
-3.576190E-01,-1.001131E-06
1664781121
-3.473124E-01,-9.798757E-07
1664781134
-3.337054E-01,-9.592053E-07
1664781146
-3.234271E-01,-9.450269E-07
1664781159
-3.064314E-01,-9.348497E-07
1664781172
-2.927839E-01,-9.151798E-07
1664781184
-2.826670E-01,-9.105763E-07
1664781197
-2.655123E-01,-8.918777E-07
1664781209
-2.585023E-01,-8.831103E-07
1664781222
-2.413664E-01,-8.663998E-07
1664781234
-2.276635E-01,-8.487615E-07
1664781247
-2.175314E-01,-8.377534E-07
1664781259
-2.004633E-01,-8.195369E-07
1664781272
-1.936768E-01,-8.070828E-07
1664781284
-1.766419E-01,-7.861455E-07
1664781297
-1.629864E-01,-7.724138E-07
1664781310
-1.527271E-01,-7.585093E-07
1664781322
-1.356150E-01,-7.440016E-07
1664781335
-1.253310E-01,-7.334399E-07
1664781347
-1.117597E-01,-7.201745E-07
1664781360
-9.811880E-02,-7.003154E-07
1664781372
-8.794104E-02,-6.890234E-07
1664781385
-7.081825E-02,-6.742097E-07
1664781398
-6.053005E-02,-6.697736E-07
