1669416020
-4.011171E-01,+1.886102E-09
1669416030
-4.012342E-01,-1.806983E-09
1669416041
-4.012612E-01,+2.208808E-09
1669416051
-4.012432E-01,+2.496373E-09
1669416061
-4.012243E-01,+2.490504E-10
1669416072
-4.011643E-01,-1.985203E-09
1669416082
-4.012063E-01,+1.074858E-09
1669416092
-4.011654E-01,+2.679908E-09
1669416102
-4.011854E-01,+3.362671E-09
1669416113
-4.011742E-01,+1.844147E-09
1669416123
-4.012493E-01,+2.581336E-10
1669416133
-4.011803E-01,+2.998078E-09
1669416144
-4.010971E-01,+5.812653E-10
1669416154
-4.011494E-01,+1.573025E-09
1669416164
-4.012052E-01,+1.725006E-09
1669416174
-4.012014E-01,+3.091629E-10
1669416185
-4.011473E-01,-4.855383E-11
1669416195
-4.012094E-01,-1.435258E-10
1669416205
-4.011412E-01,+6.907659E-10
1669416216
-4.011984E-01,+7.168502E-10
1669416226
-4.011803E-01,+2.374784E-09
1669416236
-4.011905E-01,+2.905445E-09
1669416246
-4.011864E-01,+4.001245E-10
1669416257
-4.012125E-01,+1.705060E-09
1669416267
-4.011855E-01,+7.422837E-10
1669416277
-4.011905E-01,+1.925594E-09
1669416288
-4.011965E-01,+2.659369E-09
1669416298
-4.012435E-01,+1.963761E-09
1669416308
-4.011854E-01,+8.187397E-10
1669416318
-4.010874E-01,+2.104737E-09
1669416329
-4.011064E-01,+1.823607E-09
1669416339
-4.011344E-01,+2.137654E-09
1669416349
-4.011775E-01,+3.338610E-09
1669416360
-4.010364E-01,+2.791952E-09
1669416370
-4.011444E-01,-8.968540E-10
1669416380
-4.011264E-01,+4.303300E-11
1669416390
-4.011664E-01,+3.238170E-09
1669416401
-4.011514E-01,+1.240875E-09
1669416411
-4.011644E-01,+2.019694E-09
1669416421
-4.011305E-01,+6.787673E-10
1669416432
-4.011484E-01,+4.071288E-09
1669416442
-4.011534E-01,+3.658586E-10
1669416452
-4.011714E-01,+2.818880E-09
1669416462
-4.011985E-01,+2.974451E-09
1669416473
-4.012105E-01,+5.811613E-10
1669416483
-4.012265E-01,+3.021699E-10
1669416493
-4.011674E-01,+1.613024E-09
1669416504
-4.011565E-01,+2.725972E-09
1669416514
-4.011494E-01,+3.005993E-09
1669416524
-4.010844E-01,+1.554948E-09
1669416535
-4.010815E-01,+1.568526E-09
1669416545
-4.011185E-01,+2.003600E-09
1669416555
-4.011123E-01,+3.244059E-09
1669416565
-4.011474E-01,+3.846242E-09
1669416576
-4.010963E-01,+7.302735E-10
1669416586
-4.010953E-01,+3.475654E-09
1669416596
-4.012072E-01,+1.327916E-09
1669416607
-4.011923E-01,+8.888577E-10
1669416617
-4.012003E-01,+1.568386E-09
1669416627
-4.012143E-01,+4.802123E-10
1669416637
-4.011593E-01,+1.718579E-09
1669416648
-4.011394E-01,+1.539546E-09
1669416658
-4.011214E-01,-7.327086E-10
1669416668
-4.011483E-01,+1.559019E-09
1669416679
-4.012745E-01,+1.241398E-09
1669416689
-4.011913E-01,+1.567557E-09
1669416699
-4.011714E-01,+2.175183E-09
1669416710
-4.011474E-01,-3.786052E-10
