1669366318
+5.602542E+00,+7.137223E-07
1669366328
+5.602497E+00,+7.234786E-07
1669366339
+5.602485E+00,+7.207465E-07
1669366349
+5.602570E+00,+7.309886E-07
1669366359
+5.602497E+00,+6.496144E-07
1669366370
+5.602499E+00,+6.665402E-07
1669366380
+5.602490E+00,+6.642807E-07
1669366390
+5.602452E+00,+6.813632E-07
1669366400
+5.602478E+00,+6.685490E-07
1669366411
+5.602449E+00,+7.917216E-07
1669366421
+5.602482E+00,+6.992838E-07
1669366431
+5.602397E+00,+6.998021E-07
1669366442
+5.602468E+00,+6.542166E-07
1669366452
+5.602467E+00,+6.614523E-07
1669366462
+5.602476E+00,+6.932365E-07
1669366473
+5.602497E+00,+6.865862E-07
1669366483
+5.602499E+00,+6.773074E-07
1669366493
+5.602409E+00,+6.794859E-07
1669366503
+5.602472E+00,+7.219654E-07
1669366514
+5.602506E+00,+6.929008E-07
1669366524
+5.602442E+00,+6.823249E-07
1669366534
+5.602477E+00,+7.061805E-07
1669366544
+5.602490E+00,+6.914735E-07
1669366554
+5.602550E+00,+6.950943E-07
1669366564
+5.602531E+00,+7.061903E-07
1669366575
+5.602450E+00,+6.997845E-07
1669366585
+5.602459E+00,+7.030227E-07
1669366595
+5.602499E+00,+7.005864E-07
1669366605
+5.602467E+00,+7.093139E-07
1669366616
+5.602543E+00,+6.963090E-07
1669366626
+5.602484E+00,+6.841389E-07
1669366636
+5.602495E+00,+6.922846E-07
1669366647
+5.602494E+00,+7.180546E-07
1669366657
+5.602374E+00,+7.773093E-07
1669366667
+5.602471E+00,+7.815695E-07
1669366677
+5.602410E+00,+7.866524E-07
1669366688
+5.602533E+00,+7.815324E-07
1669366698
+5.602501E+00,+7.955140E-07
1669366708
+5.602524E+00,+7.883858E-07
1669366718
+5.602585E+00,+7.924617E-07
1669366729
+5.602540E+00,+7.894510E-07
1669366739
+5.602489E+00,+7.917253E-07
1669366749
+5.602440E+00,+7.936478E-07
1669366760
+5.602535E+00,+7.922244E-07
1669366770
+5.602560E+00,+7.926378E-07
1669366780
+5.602456E+00,+7.916760E-07
1669366790
+5.602554E+00,+8.030806E-07
1669366801
+5.602538E+00,+8.044939E-07
1669366811
+5.602567E+00,+7.992451E-07
1669366821
+5.602632E+00,+8.072026E-07
1669366832
+5.602487E+00,+8.098651E-07
1669366842
+5.602470E+00,+8.122186E-07
1669366852
+5.602462E+00,+8.080336E-07
1669366863
+5.602444E+00,+8.079629E-07
1669366873
+5.602566E+00,+8.058959E-07
1669366883
+5.602547E+00,+8.115068E-07
1669366893
+5.602552E+00,+7.986005E-07
1669366904
+5.602560E+00,+8.087230E-07
1669366914
+5.602525E+00,+7.942937E-07
1669366924
+5.602511E+00,+7.967990E-07
1669366935
+5.602518E+00,+7.920497E-07
1669366945
+5.602623E+00,+7.888705E-07
1669366955
+5.602590E+00,+8.182701E-07
1669366965
+5.602631E+00,+8.052627E-07
1669366975
+5.602565E+00,+7.978594E-07
1669366986
+5.602506E+00,+8.026350E-07
1669366996
+5.602438E+00,+7.995966E-07
1669367006
+5.602479E+00,+7.991420E-07
1669367017
+5.602509E+00,+7.909517E-07
1669367027
+5.602536E+00,+7.944542E-07
1669367037
+5.602581E+00,+7.812770E-07
1669367047
+5.602457E+00,+7.845632E-07
1669367058
+5.602429E+00,+7.803861E-07
1669367068
+5.602559E+00,+7.793043E-07
1669367078
+5.602521E+00,+7.781600E-07
1669367089
+5.602480E+00,+7.748654E-07
1669367099
+5.602523E+00,+7.723746E-07
1669367109
+5.602512E+00,+7.693041E-07
1669367120
+5.602524E+00,+7.557775E-07
1669367130
+5.602474E+00,+7.640789E-07
1669367140
+5.602479E+00,+7.702965E-07
1669367150
+5.602466E+00,+7.577863E-07
1669367161
+5.602428E+00,+7.676486E-07
1669367171
+5.602443E+00,+7.607663E-07
1669367181
+5.602508E+00,+7.528485E-07
1669367192
+5.602525E+00,+7.655378E-07
1669367202
+5.602456E+00,+7.651998E-07
1669367212
+5.602410E+00,+7.623165E-07
1669367222
+5.602509E+00,+8.227516E-07
1669367233
+5.602536E+00,+7.792527E-07
1669367243
+5.602498E+00,+7.657330E-07
1669367253
+5.602513E+00,+7.656733E-07
1669367264
+5.602514E+00,+7.729054E-07
1669367274
+5.602518E+00,+7.666823E-07
1669367284
+5.602544E+00,+7.632725E-07
1669367294
+5.602523E+00,+7.650212E-07
1669367305
+5.602467E+00,+9.086551E-07
1669367315
+5.602549E+00,+8.225976E-07
1669367325
+5.602460E+00,+8.000478E-07
1669367336
+5.602424E+00,+7.893633E-07
1669367346
+5.602491E+00,+7.820936E-07
1669367356
+5.602462E+00,+7.799098E-07
1669367367
+5.602416E+00,+7.850595E-07
1669367377
+5.602395E+00,+7.794465E-07
1669367387
+5.602533E+00,+7.751384E-07
1669367397
+5.602474E+00,+7.742661E-07
1669367408
+5.602509E+00,+7.701885E-07
1669367418
+5.602525E+00,+7.729556E-07
1669367428
+5.602543E+00,+7.741252E-07
1669367439
+5.602515E+00,+7.673846E-07
1669367449
+5.602544E+00,+7.659468E-07
1669367459
+5.602474E+00,+7.697709E-07
1669367469
+5.602499E+00,+7.745609E-07
1669367479
+5.602517E+00,+7.783690E-07
1669367489
+5.602499E+00,+7.696261E-07
1669367500
+5.602491E+00,+7.753462E-07
1669367510
+5.602437E+00,+7.695058E-07
1669367520
+5.602454E+00,+7.651734E-07
1669367531
+5.602490E+00,+7.759905E-07
1669367541
+5.602540E+00,+7.766619E-07
1669367551
+5.602548E+00,+7.748840E-07
1669367561
+5.602412E+00,+7.747747E-07
1669367572
+5.602516E+00,+7.701361E-07
1669367582
+5.602553E+00,+7.704165E-07
1669367592
+5.602517E+00,+7.693691E-07
1669367603
+5.602429E+00,+7.662249E-07
1669367613
+5.602542E+00,+7.717114E-07
1669367623
+5.602545E+00,+7.709115E-07
1669367633
+5.602480E+00,+7.666795E-07
1669367644
+5.602528E+00,+7.607857E-07
1669367654
+5.602498E+00,+7.611371E-07
1669367664
+5.602509E+00,+7.660531E-07
1669367675
+5.602563E+00,+7.715907E-07
