1667882765
-3.486931E-01,-5.823862E-08
1667882767
-3.283097E-01,-5.190421E-08
1667882768
-3.077714E-01,-4.698037E-08
1667882770
-2.873088E-01,-4.850965E-08
1667882772
-2.668345E-01,-4.678736E-08
1667882773
-2.497198E-01,-4.462367E-08
1667882775
-2.292431E-01,-4.576408E-08
1667882776
-2.087205E-01,-4.379711E-08
1667882778
-1.882388E-01,-4.287678E-08
1667882779
-1.676863E-01,-4.244955E-08
1667882781
-1.472080E-01,-4.176556E-08
1667882782
-1.267630E-01,-3.960269E-08
1667882784
-1.097341E-01,-3.810631E-08
1667882786
-8.921069E-02,-3.908791E-08
1667882787
-6.869897E-02,-3.761987E-08
1667882789
-4.809969E-02,-3.605181E-08
1667882790
-2.755212E-02,-3.600680E-08
1667882792
-7.073030E-03,-3.493891E-08
1667882793
+1.296216E-02,-4.038213E-08
1667882795
+3.338932E-02,-3.771285E-08
-3.487179E-01,-7.042257E-08
-3.283629E-01,-4.938244E-08
-3.078229E-01,-4.902315E-08
-2.873437E-01,-4.606750E-08
-2.668128E-01,-4.190933E-08
-2.497172E-01,-4.286968E-08
-2.292538E-01,-4.240784E-08
-2.086813E-01,-4.103485E-08
-1.881788E-01,-3.845309E-08
-1.676771E-01,-3.816883E-08
-1.471754E-01,-3.678667E-08
-1.267513E-01,-3.608140E-08
-1.096723E-01,-3.580379E-08
-8.920982E-02,-3.430873E-08
-6.867228E-02,-3.295287E-08
-4.811553E-02,-3.294484E-08
