1669371144
-4.011653E-01,-2.465539E-09
1669371154
-4.012145E-01,-2.706506E-09
1669371164
-4.011276E-01,-4.565949E-09
1669371174
-4.011435E-01,-3.557221E-09
1669371185
-4.011834E-01,-3.239175E-09
1669371195
-4.011935E-01,-3.463410E-09
1669371205
-4.011702E-01,-2.740647E-09
1669371215
-4.012936E-01,-3.602220E-09
1669371226
-4.011201E-01,-8.792147E-10
1669371236
-4.011793E-01,-2.817809E-09
1669371246
-4.011876E-01,-1.516095E-09
1669371257
-4.011934E-01,-1.561943E-09
1669371267
-4.012576E-01,-1.861221E-09
1669371277
-4.012293E-01,-1.517773E-09
1669371288
-4.011975E-01,-1.749969E-09
1669371298
-4.011833E-01,-2.630641E-09
1669371308
-4.012477E-01,-2.062527E-09
1669371318
-4.011960E-01,-2.486823E-09
1669371328
-4.011952E-01,-2.123811E-09
1669371339
-4.010893E-01,-2.370980E-09
1669371349
-4.011793E-01,-1.417288E-09
1669371359
-4.011202E-01,-2.037935E-09
1669371369
-4.011377E-01,-4.004468E-09
1669371380
-4.012194E-01,-1.468942E-09
1669371390
-4.011686E-01,-3.282093E-09
1669371400
-4.011919E-01,-3.833542E-09
1669371411
-4.012388E-01,-2.567270E-09
1669371421
-4.011837E-01,-3.207096E-09
1669371431
-4.012003E-01,-1.669506E-09
1669371442
-4.012604E-01,-4.292467E-09
1669371452
-4.011578E-01,-2.814892E-09
1669371462
-4.011536E-01,-2.348828E-09
1669371472
-4.012035E-01,-2.840719E-09
1669371483
-4.011960E-01,-2.575625E-09
1669371493
-4.012404E-01,-2.355166E-09
1669371503
-4.011536E-01,+5.666688E-10
1669371514
-4.011887E-01,-1.754482E-09
1669371524
1669371534
1669371544
1669371555
1669371638
+1.871885E-03,-7.126872E-09
