1669306405
-4.011995E-01,-5.091202E-10
1669306415
-4.012686E-01,-8.237586E-10
1669306426
-4.012718E-01,-1.545238E-09
1669306436
-4.012419E-01,+7.529489E-10
1669306446
-4.012887E-01,-1.108421E-09
1669306457
-4.011902E-01,-1.452295E-09
1669306467
-4.012070E-01,-1.316851E-09
1669306477
-4.012077E-01,+2.733286E-11
1669306487
-4.011194E-01,-2.285830E-10
1669306498
-4.012719E-01,+1.093684E-10
1669306508
-4.013152E-01,+3.741309E-10
1669306518
-4.013002E-01,-1.432033E-11
1669306528
-4.011852E-01,-4.716412E-10
1669306539
-4.012178E-01,+1.200596E-09
1669306549
-4.011267E-01,+3.711964E-10
1669306559
-4.012269E-01,-2.839474E-09
1669306569
-4.012652E-01,+7.563032E-10
1669306579
-4.011795E-01,-9.954455E-10
1669306590
-4.012144E-01,+1.778007E-10
1669306600
-4.011811E-01,-3.986526E-10
1669306610
-4.011334E-01,+2.640575E-10
1669306620
-4.012194E-01,-2.442666E-09
1669306631
-4.012602E-01,-2.195877E-09
1669306641
-4.013036E-01,+3.028257E-10
1669306651
-4.011535E-01,-8.721294E-10
1669306662
-4.012127E-01,-3.256739E-10
1669306672
-4.012869E-01,+4.457621E-10
1669306682
-4.013019E-01,-8.862571E-10
1669306692
-4.012827E-01,-1.784537E-09
1669306703
-4.012085E-01,-2.148775E-09
1669306713
-4.012552E-01,-8.300596E-10
1669306723
-4.012669E-01,+9.021704E-10
1669306734
-4.011785E-01,-7.833056E-10
1669306744
-4.012110E-01,+5.020477E-10
1669306754
-4.012652E-01,-4.142941E-11
1669306764
-4.012536E-01,+2.265713E-10
1669306775
-4.012120E-01,-1.068455E-09
1669306785
-4.012728E-01,-4.266072E-10
1669306795
-4.013453E-01,-5.802982E-10
1669306806
-4.013170E-01,-1.544101E-10
1669306816
-4.013087E-01,-1.456919E-09
1669306826
-4.012437E-01,-5.225973E-11
1669306836
-4.013070E-01,-1.561512E-09
1669306847
-4.012553E-01,-8.763322E-10
1669306857
-4.012220E-01,-9.222209E-10
1669306867
-4.012404E-01,-9.646399E-10
1669306878
-4.012778E-01,+2.298654E-10
1669306888
-4.012021E-01,+3.607930E-10
1669306898
-4.011878E-01,-1.973210E-10
1669306908
-4.012896E-01,+5.891443E-10
1669306918
-4.012479E-01,+5.287568E-10
1669306929
-4.012403E-01,-7.391682E-10
1669306939
-4.013396E-01,-2.977895E-10
1669306949
-4.012987E-01,-1.506955E-09
1669306960
-4.012320E-01,-1.145531E-09
1669306970
-4.012096E-01,-9.938543E-10
1669306980
-4.012429E-01,-7.608253E-10
1669306990
-4.012195E-01,-1.680339E-09
1669307001
-4.012703E-01,-1.475220E-09
1669307011
-4.011662E-01,+8.592473E-10
1669307021
-4.011603E-01,-1.232204E-09
1669307032
-4.012954E-01,-9.113101E-10
1669307042
-4.012211E-01,+1.648914E-10
1669307052
-4.011285E-01,+1.148516E-10
1669307062
-4.011444E-01,-5.691305E-10
1669307072
-4.012695E-01,-1.053029E-09
1669307083
-4.012661E-01,-1.282235E-09
1669307093
-4.012503E-01,-5.665926E-08
1669307103
-4.011503E-01,-1.178910E-07
1669307114
-4.012119E-01,-9.430500E-08
1669307124
-4.012094E-01,-2.085504E-09
1669307134
-4.013029E-01,-1.155974E-09
1669307144
-4.012377E-01,-6.929216E-10
1669307155
-4.011987E-01,-7.592278E-10
1669307165
-4.011776E-01,-8.725892E-10
1669307175
-4.011718E-01,-1.052183E-09
1669307186
-4.014087E-01,-7.916849E-08
1669307196
-4.012886E-01,-1.903543E-07
1669307206
-4.012862E-01,-4.278445E-08
1669307216
-4.012245E-01,+5.591630E-10
1669307227
-4.012454E-01,-1.916213E-09
1669307237
-4.012171E-01,-2.503885E-09
1669307247
-4.012620E-01,-1.907477E-09
1669307258
-4.012629E-01,-2.983661E-09
1669307268
-4.013672E-01,-4.369314E-08
1669307278
-4.012662E-01,-1.050270E-07
1669307289
-4.011569E-01,-1.548839E-07
1669307299
-4.011902E-01,-4.007030E-09
1669307309
-4.011678E-01,-1.145937E-09
1669307319
-4.011469E-01,-2.259666E-09
1669307330
-4.012186E-01,-1.985040E-09
