1668401736
-3.489017E-01,-3.770743E-06
1668401738
-3.284786E-01,-3.591683E-06
1668401739
-3.080060E-01,-3.492695E-06
1668401741
-2.875294E-01,-3.432300E-06
1668401742
-2.669618E-01,-3.391795E-06
1668401744
-2.498395E-01,-3.368648E-06
1668401745
-2.293612E-01,-3.343561E-06
1668401747
-2.088471E-01,-3.321953E-06
1668401748
-1.883621E-01,-3.301227E-06
1668401750
-1.678670E-01,-3.278200E-06
1668401752
-1.474204E-01,-3.258971E-06
1668401753
-1.270597E-01,-3.239755E-06
1668401755
-1.100017E-01,-3.223489E-06
1668401756
-8.953001E-02,-3.202378E-06
1668401758
-6.897078E-02,-3.182878E-06
1668401759
-4.836235E-02,-3.164639E-06
1668401761
-2.779480E-02,-3.144188E-06
1668401763
-7.349896E-03,-3.122462E-06
1668401764
+1.288875E-02,-3.109510E-06
1668401766
+3.331336E-02,-3.087192E-06
1668401767
+5.373383E-02,-3.067899E-06
1668401769
+7.415176E-02,-3.049416E-06
1668401770
+9.454972E-02,-3.028620E-06
1668401772
+1.115277E-01,-3.012902E-06
1668401774
+1.320849E-01,-2.994146E-06
1668401775
+1.525413E-01,-2.972068E-06
1668401777
+1.730109E-01,-2.952977E-06
1668401778
+1.936123E-01,-2.935647E-06
1668401780
+2.141745E-01,-2.914001E-06
1668401781
+2.346066E-01,-2.895256E-06
1668401783
+2.518139E-01,-2.879272E-06
1668401785
+2.722219E-01,-2.858866E-06
1668401786
+2.926524E-01,-2.838139E-06
1668401788
+3.131329E-01,-2.817728E-06
1668401789
+3.336934E-01,-2.799933E-06
1668401791
+3.541597E-01,-2.780307E-06
1668401792
+3.746286E-01,-2.758608E-06
1668401794
+3.951298E-01,-2.739308E-06
1668401796
+4.122188E-01,-2.723991E-06
1668401797
+4.326878E-01,-2.702719E-06
1668401799
+4.531798E-01,-2.684170E-06
1668401800
+4.736312E-01,-2.664201E-06
1668401802
+4.941132E-01,-2.645004E-06
1668401803
+5.146372E-01,-2.624237E-06
1668401805
+5.351251E-01,-2.606947E-06
1668401807
+5.521865E-01,-2.589008E-06
1668401808
+5.726953E-01,-2.568514E-06
1668401810
+5.931549E-01,-2.548366E-06
1668401811
+6.136438E-01,-2.529044E-06
1668401813
+6.342937E-01,-2.510629E-06
1668401814
+6.547925E-01,-2.488868E-06
1668401816
+6.752571E-01,-2.470374E-06
1668401817
+6.923526E-01,-2.454057E-06
1668401819
+7.128083E-01,-2.433997E-06
1668401821
+7.332870E-01,-2.415723E-06
1668401822
+7.538151E-01,-2.394586E-06
1668401824
+7.743224E-01,-2.376725E-06
1668401825
+7.947268E-01,-2.356916E-06
1668401827
+8.152540E-01,-2.335344E-06
1668401828
+8.323288E-01,-2.319318E-06
1668401830
+8.527661E-01,-2.300397E-06
1668401832
+8.731746E-01,-2.279529E-06
1668401833
+8.936651E-01,-2.260464E-06
1668401835
+9.141525E-01,-2.241172E-06
1668401836
+9.346322E-01,-2.221772E-06
1668401838
+9.551756E-01,-2.201306E-06
1668401839
+9.722567E-01,-2.186241E-06
1668401841
+9.927542E-01,-2.165496E-06
1668401843
+1.013220E+00,-2.146159E-06
1668401844
+1.033689E+00,-2.126955E-06
1668401846
+1.054220E+00,-2.108065E-06
1668401847
+1.074879E+00,-2.086563E-06
1668401849
+1.095358E+00,-2.068332E-06
1668401850
+1.112460E+00,-2.051542E-06
1668401852
+1.133042E+00,-2.030030E-06
1668401854
+1.153482E+00,-2.012425E-06
1668401855
+1.173953E+00,-1.990379E-06
1668401857
+1.194512E+00,-1.973479E-06
1668401858
+1.215042E+00,-1.953689E-06
1668401860
+1.235469E+00,-1.933510E-06
1668401861
+1.252504E+00,-1.915143E-06
1668401863
+1.273006E+00,-1.898192E-06
1668401865
+1.293412E+00,-1.878906E-06
1668401866
+1.313962E+00,-1.858879E-06
1668401868
+1.334424E+00,-1.838937E-06
1668401869
+1.354940E+00,-1.819610E-06
1668401871
+1.375404E+00,-1.799108E-06
1668401872
+1.395945E+00,-1.779068E-06
1668401874
+1.412979E+00,-1.765779E-06
1668401876
+1.433397E+00,-1.744084E-06
1668401877
+1.453864E+00,-1.723320E-06
1668401879
+1.474285E+00,-1.705962E-06
1668401880
+1.494892E+00,-1.683589E-06
1668401882
+1.515513E+00,-1.663021E-06
1668401883
+1.536001E+00,-1.644852E-06
1668401885
+1.553087E+00,-1.630130E-06
1668401886
+1.573560E+00,-1.610651E-06
1668401888
+1.594084E+00,-1.579436E-06
1668401890
+1.614664E+00,-1.336702E-06
1668401891
+1.635134E+00,+4.830828E-07
