1669374393
+5.995908E-01,-2.908611E-07
1669374403
+5.995498E-01,-2.694054E-07
1669374413
+5.996260E-01,-2.625624E-07
1669374423
+5.996199E-01,-2.590620E-07
1669374433
+5.995238E-01,-2.524850E-07
1669374444
+5.996376E-01,-2.448455E-07
1669374454
+5.996669E-01,-2.423531E-07
1669374464
+5.997148E-01,-2.367810E-07
1669374474
+5.995886E-01,-2.334722E-07
1669374485
+5.995327E-01,-2.332127E-07
1669374495
+5.996557E-01,-2.297893E-07
1669374505
+5.996428E-01,-2.261800E-07
1669374516
+5.996438E-01,-2.219764E-07
1669374526
+5.996498E-01,-2.203668E-07
1669374536
+5.995116E-01,-2.220564E-07
1669374546
+5.996139E-01,-2.162408E-07
1669374557
+5.995566E-01,-2.148271E-07
1669374567
+5.995486E-01,-2.108071E-07
1669374577
+5.995958E-01,-2.155535E-07
1669374587
+5.995606E-01,-2.098992E-07
1669374598
+5.995815E-01,-2.143159E-07
1669374608
+5.995407E-01,-2.081931E-07
