1664260617
-1.349498E+00,-2.023452E-06
1664260630
-1.339239E+00,-2.175925E-06
1664260643
-1.329133E+00,-2.217114E-06
1664260655
-1.318936E+00,-2.233118E-06
1664260668
-1.308572E+00,-2.240546E-06
1664260680
-1.298340E+00,-2.240566E-06
1664260693
-1.288100E+00,-2.238829E-06
1664260706
-1.277915E+00,-2.232499E-06
1664260718
-1.267606E+00,-2.228716E-06
1664260731
-1.260774E+00,-2.225167E-06
1664260743
-1.250480E+00,-2.216582E-06
1664260756
-1.240309E+00,-2.208386E-06
1664260768
-1.230042E+00,-2.199036E-06
1664260781
-1.219742E+00,-2.188967E-06
1664260794
-1.209473E+00,-2.178843E-06
1664260806
-1.199291E+00,-2.167782E-06
1664260819
-1.189070E+00,-2.156769E-06
1664260831
-1.178815E+00,-2.146221E-06
1664260844
-1.168620E+00,-2.136407E-06
1664260856
-1.158366E+00,-2.123041E-06
1664260869
-1.148074E+00,-2.112103E-06
1664260882
-1.137794E+00,-2.099769E-06
1664260894
-1.127478E+00,-2.089279E-06
1664260907
-1.120663E+00,-2.078539E-06
1664260919
-1.110408E+00,-2.067230E-06
1664260932
-1.100135E+00,-2.055550E-06
1664260944
-1.089915E+00,-2.045100E-06
1664260957
-1.079573E+00,-2.032074E-06
1664260970
-1.069309E+00,-2.020846E-06
1664260982
-1.059089E+00,-2.010058E-06
1664260995
-1.048837E+00,-1.998762E-06
1664261007
-1.038615E+00,-1.986399E-06
1664261020
-1.028296E+00,-1.973150E-06
1664261032
-1.017889E+00,-1.962351E-06
1664261045
-1.007630E+00,-1.950353E-06
1664261058
-9.974525E-01,-1.941814E-06
1664261070
-9.871668E-01,-1.930344E-06
1664261083
-9.769832E-01,-1.917317E-06
1664261095
-9.701570E-01,-1.907026E-06
1664261108
-9.599289E-01,-1.897494E-06
1664261121
-9.497133E-01,-1.886414E-06
1664261133
-9.394361E-01,-1.875200E-06
1664261146
-9.291970E-01,-1.861254E-06
1664261158
-9.189581E-01,-1.850614E-06
1664261171
-9.086528E-01,-1.839447E-06
1664261183
-8.983957E-01,-1.830562E-06
1664261196
-8.881881E-01,-1.817796E-06
1664261209
-8.779482E-01,-1.805449E-06
1664261221
-8.676842E-01,-1.794381E-06
1664261234
-8.574420E-01,-1.782796E-06
1664261246
-8.472452E-01,-1.772936E-06
1664261259
-8.369661E-01,-1.762257E-06
1664261271
-8.301220E-01,-1.754180E-06
1664261284
-8.197929E-01,-1.743363E-06
1664261297
-8.095670E-01,-1.732645E-06
1664261309
-7.993881E-01,-1.719458E-06
1664261322
-7.891185E-01,-1.709234E-06
1664261334
-7.788524E-01,-1.694972E-06
1664261347
-7.685936E-01,-1.684656E-06
1664261359
-7.584169E-01,-1.675214E-06
1664261372
-7.481390E-01,-1.663616E-06
1664261385
-7.379211E-01,-1.653492E-06
1664261397
-7.277078E-01,-1.642116E-06
1664261410
-7.175072E-01,-1.630939E-06
1664261422
-7.072490E-01,-1.621818E-06
1664261435
-6.969587E-01,-1.609070E-06
1664261447
-6.901733E-01,-1.599914E-06
1664261460
-6.799178E-01,-1.584825E-06
1664261473
-6.696450E-01,-1.561050E-06
1664261485
-6.592913E-01,-1.526084E-06
1664261498
-6.490835E-01,-1.484642E-06
1664261510
-6.388148E-01,-1.445658E-06
1664261523
-6.286212E-01,-1.405264E-06
1664261535
-6.183877E-01,-1.358793E-06
1664261548
-6.081831E-01,-1.310286E-06
1664261561
-5.978689E-01,-1.260618E-06
1664261573
-5.874866E-01,-1.211360E-06
1664261586
-5.772588E-01,-1.161395E-06
1664261598
-5.669991E-01,-1.118563E-06
1664261611
-5.568019E-01,-1.070252E-06
1664261624
-5.500305E-01,-1.027811E-06
1664261636
-5.398538E-01,-9.838089E-07
1664261649
-5.295923E-01,-9.377065E-07
1664261661
-5.193195E-01,-8.924192E-07
1664261674
-5.090446E-01,-8.512646E-07
1664261686
-4.988275E-01,-8.104852E-07
1664261699
-4.885190E-01,-7.702318E-07
1664261712
-4.782305E-01,-7.294776E-07
1664261724
-4.680374E-01,-6.936859E-07
1664261737
-4.577546E-01,-6.594875E-07
1664261749
-4.474680E-01,-6.295509E-07
1664261762
-4.372664E-01,-6.006387E-07
1664261774
-4.269830E-01,-5.624707E-07
1664261787
-4.167773E-01,-5.336448E-07
1664261800
-4.065313E-01,-5.104469E-07
1664261812
-3.997020E-01,-4.860680E-07
1664261825
-3.893761E-01,-4.642248E-07
1664261837
-3.791528E-01,-4.361151E-07
1664261850
-3.690054E-01,-4.126602E-07
1664261862
-3.587653E-01,-3.903097E-07
1664261875
-3.485261E-01,-3.701762E-07
1664261888
-3.382614E-01,-3.472920E-07
1664261900
-3.280155E-01,-3.298153E-07
1664261913
-3.178318E-01,-3.115508E-07
1664261925
-3.076058E-01,-2.941028E-07
1664261938
-2.973237E-01,-2.786013E-07
1664261950
-2.871002E-01,-2.635543E-07
1664261963
-2.768127E-01,-2.462397E-07
1664261975
-2.665209E-01,-2.323646E-07
1664261988
-2.596269E-01,-2.213272E-07
1664262001
-2.494191E-01,-2.082893E-07
1664262013
-2.391759E-01,-1.964561E-07
1664262026
-2.289680E-01,-1.851006E-07
1664262038
-2.187238E-01,-1.722583E-07
1664262051
-2.084155E-01,-1.613183E-07
1664262064
-1.982407E-01,-1.521452E-07
1664262076
-1.879878E-01,-1.427210E-07
1664262089
-1.776522E-01,-1.335209E-07
1664262101
-1.673960E-01,-1.249702E-07
1664262114
-1.571638E-01,-1.186926E-07
1664262126
-1.469553E-01,-1.096704E-07
1664262139
-1.367613E-01,-1.033697E-07
1664262152
-1.265082E-01,-9.713288E-08
1664262164
-1.196994E-01,-9.250208E-08
1664262177
-1.094223E-01,-8.586792E-08
1664262189
-9.923930E-02,-8.011374E-08
1664262202
-8.901879E-02,-7.258786E-08
1664262214
-7.868977E-02,-6.850225E-08
1664262227
-6.844424E-02,-6.322492E-08
1664262240
-5.816602E-02,-5.972762E-08
1664262252
-4.795319E-02,-5.547687E-08
1664262265
-3.760074E-02,-5.255804E-08
1664262277
-2.739108E-02,-4.781356E-08
1664262290
-1.708276E-02,-4.492166E-08
1664262302
-6.853529E-03,-4.235421E-08
1664262315
+3.397490E-03,-3.950536E-08
1664262328
+1.295701E-02,-4.081306E-08
1664262340
+2.320636E-02,-3.849416E-08
1664262353
+3.336623E-02,-3.624386E-08
1664262365
+4.357956E-02,-3.358834E-08
1664262378
+5.374093E-02,-3.132250E-08
1664262390
+6.390939E-02,-2.983411E-08
1664262403
+7.416524E-02,-2.834406E-08
1664262416
+8.440275E-02,-2.458721E-08
1664262428
+9.473500E-02,-2.402809E-08
1664262441
+1.048028E-01,-2.244246E-08
1664262453
+1.115963E-01,-2.047527E-08
1664262466
+1.218237E-01,-1.969644E-08
1664262478
+1.321130E-01,-1.860949E-08
1664262491
+1.423620E-01,-1.794383E-08
1664262504
+1.526413E-01,-1.640905E-08
1664262516
+1.627702E-01,-1.560362E-08
1664262529
+1.730986E-01,-1.444690E-08
1664262541
+1.833046E-01,-1.345458E-08
1664262554
+1.936406E-01,-1.330544E-08
1664262566
+2.038756E-01,-1.174824E-08
1664262579
+2.142480E-01,-1.048664E-08
1664262592
+2.244837E-01,-1.055400E-08
1664262604
+2.348172E-01,-9.664425E-09
1664262617
+2.450681E-01,-9.252688E-09
1664262629
+2.519109E-01,-8.461770E-09
1664262642
+2.621400E-01,-8.632500E-09
1664262654
+2.723570E-01,-8.122147E-09
1664262667
+2.825016E-01,-7.582278E-09
1664262680
+2.928952E-01,-7.407006E-09
1664262692
+3.031460E-01,-6.338989E-09
1664262705
+3.134101E-01,-6.459699E-09
1664262717
+3.236091E-01,-6.417054E-09
1664262730
+3.339308E-01,-5.137216E-09
1664262742
+3.440897E-01,-5.357833E-09
1664262755
+3.543454E-01,-5.001247E-09
1664262768
+3.645836E-01,-4.552420E-09
1664262780
+3.747752E-01,-4.668628E-09
1664262793
+3.850387E-01,-4.434172E-09
1664262805
+3.953752E-01,-4.906465E-09
1664262818
+4.020330E-01,-4.078414E-09
1664262830
+4.123956E-01,-3.672358E-09
1664262843
+4.226586E-01,-3.733127E-09
1664262856
+4.328932E-01,-3.417715E-09
1664262868
+4.430223E-01,-3.421510E-09
1664262881
+4.533474E-01,-3.568394E-09
1664262893
+4.636420E-01,-3.321688E-09
1664262906
+4.737706E-01,-2.618519E-09
1664262918
+4.840508E-01,-2.848323E-09
1664262931
+4.942595E-01,-3.565149E-09
1664262944
+5.045285E-01,-3.001416E-09
1664262956
+5.148276E-01,-2.892708E-09
1664262969
+5.250520E-01,-2.584859E-09
1664262981
+5.353602E-01,-2.349650E-09
1664262994
+5.420840E-01,-2.591146E-09
1664263006
+5.522628E-01,-2.196939E-09
1664263019
+5.625873E-01,-2.738108E-09
1664263031
+5.727677E-01,-2.694973E-09
1664263044
+5.830368E-01,-1.906536E-09
1664263057
+5.932997E-01,-2.334271E-09
1664263069
+6.035043E-01,-1.734877E-09
1664263082
+6.136581E-01,-2.324183E-09
1664263094
+6.240978E-01,-2.258791E-09
1664263107
+6.343409E-01,-2.005986E-09
1664263120
+6.446289E-01,-1.989825E-09
1664263132
+6.549245E-01,-1.942704E-09
1664263145
+6.651930E-01,-2.392451E-09
1664263157
+6.753392E-01,-1.725070E-09
1664263170
+6.822203E-01,-1.873651E-09
1664263182
+6.924883E-01,-2.017082E-09
1664263195
+7.026883E-01,-1.893374E-09
1664263208
+7.129562E-01,-1.757196E-09
1664263220
+7.232006E-01,-2.070387E-09
1664263233
+7.334923E-01,-2.292838E-09
1664263245
+7.436543E-01,-1.649382E-09
1664263258
+7.539894E-01,-1.510839E-09
1664263270
+7.642047E-01,-2.001703E-09
1664263283
+7.744775E-01,-1.115930E-09
1664263296
+7.847415E-01,-1.744278E-09
1664263308
+7.949412E-01,-1.749070E-09
1664263321
+8.052296E-01,-1.731324E-09
1664263333
+8.154123E-01,-1.607526E-09
1664263346
+8.256499E-01,-1.422871E-09
1664263358
+8.324377E-01,-1.082117E-09
1664263371
+8.426855E-01,-1.928256E-09
1664263384
+8.529474E-01,-1.321761E-09
1664263396
+8.632396E-01,-1.375322E-09
1664263409
+8.734758E-01,-1.491700E-09
1664263421
+8.836803E-01,-1.331449E-09
1664263434
+8.939508E-01,-1.991913E-09
1664263446
+9.041705E-01,-1.340501E-09
1664263459
+9.143789E-01,-1.735437E-09
1664263472
+9.245840E-01,-1.737273E-09
1664263484
+9.347671E-01,-1.015797E-09
1664263497
+9.450512E-01,-1.226792E-09
1664263509
+9.553686E-01,-1.127077E-09
1664263522
+9.656039E-01,-1.639933E-09
1664263535
+9.723991E-01,-1.696386E-09
1664263547
+9.826403E-01,-2.020258E-09
1664263560
+9.928285E-01,-1.357606E-09
1664263572
+1.003074E+00,-1.628038E-09
1664263585
+1.013290E+00,-1.538633E-09
1664263597
+1.023529E+00,-1.620707E-09
1664263610
+1.033805E+00,-1.414935E-09
1664263623
+1.044008E+00,-1.504628E-09
1664263635
+1.054263E+00,-1.026000E-09
1664263648
+1.064730E+00,-9.006268E-10
1664263660
+1.075054E+00,-1.523785E-09
1664263673
+1.085154E+00,-1.356436E-09
1664263685
+1.095450E+00,-1.185924E-09
1664263698
+1.105707E+00,-8.746234E-10
1664263711
+1.112546E+00,-1.429633E-09
1664263723
+1.122958E+00,-1.044884E-09
1664263736
+1.133052E+00,-1.304546E-09
1664263748
+1.143306E+00,-1.026429E-09
1664263761
+1.153496E+00,-1.627486E-09
1664263773
+1.163727E+00,-1.117045E-09
1664263786
+1.174081E+00,-1.159430E-09
1664263799
+1.184352E+00,-9.947099E-10
1664263811
+1.194613E+00,-1.098412E-09
1664263824
+1.204811E+00,-1.820804E-09
1664263836
+1.215069E+00,-1.205943E-09
1664263849
+1.225321E+00,-8.927828E-10
1664263861
+1.235595E+00,-1.075101E-09
1664263874
+1.245846E+00,-8.336240E-10
1664263887
+1.252550E+00,-1.347517E-09
1664263899
+1.262810E+00,-1.074148E-09
1664263912
+1.273082E+00,-1.169683E-09
1664263924
+1.283246E+00,-1.002835E-09
1664263937
+1.293562E+00,-1.077142E-09
1664263949
+1.303780E+00,-1.112794E-09
1664263962
+1.314009E+00,-4.936031E-10
1664263975
+1.324262E+00,-1.210907E-09
1664263987
+1.334554E+00,-1.008303E-09
1664264000
+1.344680E+00,-1.067188E-09
1664264012
+1.354988E+00,-1.093978E-09
1664264025
+1.365246E+00,-1.049436E-09
1664264037
+1.375407E+00,-7.720177E-10
1664264050
+1.385775E+00,-6.009236E-10
1664264063
+1.396028E+00,-9.231095E-10
1664264075
+1.402835E+00,-7.821905E-10
1664264088
+1.413074E+00,-9.622142E-10
1664264100
+1.423247E+00,-1.054932E-09
1664264113
+1.433516E+00,-7.778845E-10
1664264126
+1.443727E+00,-1.138792E-09
1664264138
+1.454021E+00,-5.031740E-10
1664264151
+1.464261E+00,-1.187808E-09
1664264163
+1.474436E+00,-1.048648E-09
1664264176
+1.484623E+00,-1.035381E-09
1664264188
+1.494953E+00,-9.032549E-10
1664264201
+1.505270E+00,-1.130626E-09
1664264214
+1.515558E+00,-8.264410E-10
1664264226
+1.525885E+00,-1.164670E-09
1664264239
+1.536118E+00,-1.290042E-09
1664264251
+1.543044E+00,-1.111754E-09
1664264264
+1.553282E+00,-1.038305E-09
1664264276
+1.563511E+00,-9.926038E-10
1664264289
+1.573727E+00,-8.203970E-10
1664264302
+1.583921E+00,-7.888139E-10
1664264314
+1.594109E+00,-8.328255E-10
1664264327
+1.604427E+00,-5.349407E-10
1664264339
+1.614716E+00,-1.321593E-09
1664264352
+1.624969E+00,-1.128404E-09
1664264364
+1.635196E+00,-9.216689E-10
1664264377
+1.645406E+00,-8.267340E-10
1664264390
+1.655585E+00,-9.143468E-10
1664264402
+1.665884E+00,-6.908590E-10
1664264415
+1.676044E+00,-7.713500E-10
1664264427
+1.682908E+00,-9.190924E-10
1664264440
+1.693103E+00,-3.775742E-10
1664264452
+1.703385E+00,-8.849995E-10
1664264465
+1.713544E+00,-5.902905E-10
1664264478
+1.723844E+00,-9.136373E-10
1664264490
+1.734148E+00,-1.152542E-09
1664264503
+1.744357E+00,-8.618243E-10
1664264515
+1.754546E+00,-9.172657E-10
1664264528
+1.764802E+00,-1.254333E-09
1664264540
+1.775042E+00,-7.878567E-10
1664264553
+1.785313E+00,-5.940735E-10
1664264566
+1.795524E+00,-7.587966E-10
1664264578
+1.805785E+00,-9.867973E-10
1664264591
+1.816048E+00,-4.436228E-10
1664264603
+1.826350E+00,-6.671848E-10
1664264616
+1.833132E+00,-1.023504E-09
1664264629
+1.843374E+00,-7.813117E-10
1664264641
+1.853559E+00,-4.976712E-10
1664264654
+1.863794E+00,-2.466406E-10
1664264666
+1.874044E+00,-5.583247E-10
1664264679
+1.884351E+00,-2.632786E-10
1664264691
+1.894605E+00,-6.958910E-11
1664264704
+1.904768E+00,+2.396261E-10
1664264717
+1.914997E+00,+7.258407E-10
1664264729
+1.925207E+00,+1.203447E-09
1664264742
+1.935476E+00,+1.900669E-09
1664264754
+1.945719E+00,+2.389013E-09
1664264767
+1.955997E+00,+2.919282E-09
1664264779
+1.966246E+00,+4.878758E-09
1664264792
+1.973108E+00,+5.915114E-09
1664264805
+1.983381E+00,+7.326400E-09
1664264817
+1.993660E+00,+1.022254E-08
1664264830
+2.003766E+00,+1.390508E-08
1664264842
+2.014057E+00,+1.840643E-08
1664264855
+2.024316E+00,+2.438737E-08
1664264867
+2.034519E+00,+3.172834E-08
1664264880
+2.044849E+00,+4.230873E-08
1664264893
+2.055081E+00,+5.525791E-08
1664264905
+2.065335E+00,+7.344968E-08
1664264918
+2.075583E+00,+9.642456E-08
1664264930
+2.085840E+00,+1.266548E-07
1664264943
+2.096120E+00,+1.667261E-07
1664264955
+2.106372E+00,+2.195896E-07
1664264968
+2.113186E+00,+2.642140E-07
1664264981
+2.123383E+00,+3.472056E-07
1664264993
+2.133556E+00,+4.546282E-07
1664265006
+2.143751E+00,+5.957669E-07
1664265018
+2.154063E+00,+7.827272E-07
1664265031
+2.164350E+00,+1.020385E-06
1664265043
+2.174623E+00,+1.304700E-06
1664265056
+2.184809E+00,+1.531544E-06
1664265069
+2.194973E+00,+1.588511E-06
1664265081
+2.205290E+00,+1.598895E-06
1664265094
+2.215514E+00,+1.608450E-06
1664265106
+2.225748E+00,+1.618102E-06
1664265119
+2.235979E+00,+1.627423E-06
1664265132
+2.246241E+00,+1.636976E-06
1664265144
+2.252982E+00,+1.643472E-06
1664265157
+2.263357E+00,+1.653309E-06
1664265169
+2.273599E+00,+1.662738E-06
1664265182
+2.283840E+00,+1.672952E-06
1664265194
+2.294081E+00,+1.682573E-06
1664265207
+2.304260E+00,+1.692095E-06
1664265220
+2.314456E+00,+1.700839E-06
1664265232
+2.324749E+00,+1.711186E-06
1664265245
+2.335086E+00,+1.720760E-06
1664265257
+2.345218E+00,+1.730260E-06
1664265270
+2.355513E+00,+1.740109E-06
1664265282
+2.365703E+00,+1.749896E-06
1664265295
+2.376129E+00,+1.759072E-06
1664265308
+2.386403E+00,+1.768829E-06
1664265320
+2.396529E+00,+1.778587E-06
1664265333
+2.403512E+00,+1.784841E-06
1664265345
+2.413728E+00,+1.794489E-06
1664265358
+2.423910E+00,+1.804244E-06
1664265370
+2.434182E+00,+1.813935E-06
1664265383
+2.444326E+00,+1.823104E-06
1664265396
+2.454650E+00,+1.832645E-06
1664265408
+2.464806E+00,+1.842284E-06
1664265421
+2.475047E+00,+1.852369E-06
1664265433
+2.485418E+00,+1.861694E-06
1664265446
+2.495650E+00,+1.870938E-06
1664265458
+2.505804E+00,+1.881096E-06
1664265471
+2.516098E+00,+1.890223E-06
1664265484
+2.526279E+00,+1.899845E-06
1664265496
+2.536544E+00,+1.909404E-06
1664265509
+2.543390E+00,+1.915899E-06
1664265521
+2.553600E+00,+1.925376E-06
1664265534
+2.563926E+00,+1.935220E-06
1664265547
+2.574098E+00,+1.944144E-06
1664265559
+2.584314E+00,+1.954399E-06
1664265572
+2.594560E+00,+1.963030E-06
1664265584
+2.604820E+00,+1.973382E-06
1664265597
+2.615028E+00,+1.982553E-06
1664265609
+2.625297E+00,+1.992132E-06
1664265622
+2.635483E+00,+2.002204E-06
1664265635
+2.645696E+00,+2.011232E-06
