1666232225
-5.978290E-01,-7.081697E-08
1666232226
-5.978115E-01,-7.033969E-08
1666232228
-5.977840E-01,-7.112125E-08
1666232229
-5.978150E-01,-6.932352E-08
1666232230
-5.978073E-01,-7.232375E-08
1666232232
-5.978733E-01,-7.117084E-08
1666232233
-5.978665E-01,-7.215619E-08
1666232234
-5.978341E-01,-7.435533E-08
1666232235
-5.978047E-01,-7.268429E-08
1666232237
-5.978198E-01,-7.346959E-08
1666232238
-5.978230E-01,-7.097407E-08
1666232239
-5.978123E-01,-6.993997E-08
1666232241
-5.977698E-01,-7.313530E-08
1666232242
-5.977505E-01,-7.180397E-08
1666232243
-5.977656E-01,-7.243380E-08
1666232244
-5.978273E-01,-7.534776E-08
1666232246
-5.978239E-01,-7.260634E-08
1666232247
-5.978182E-01,-7.257510E-08
1666232248
-5.978322E-01,-7.410772E-08
1666232249
-5.978006E-01,-7.272306E-08
1666232251
-5.978122E-01,-7.424319E-08
1666232252
-5.978414E-01,-7.657945E-08
1666232253
-5.978314E-01,-7.390515E-08
1666232255
-5.978380E-01,-7.385970E-08
1666232256
-5.978122E-01,-7.525813E-08
1666232257
-5.978212E-01,-7.372047E-08
1666232258
-5.977853E-01,-7.377048E-08
1666232260
-5.977495E-01,-7.487589E-08
1666232261
-5.977463E-01,-7.667656E-08
1666232262
-5.977571E-01,-7.463749E-08
1666232264
-5.977956E-01,-7.431947E-08
1666232265
-5.977905E-01,-7.312569E-08
1666232266
-5.977064E-01,-7.544113E-08
1666232267
-5.977488E-01,-7.513017E-08
1666232269
-5.977288E-01,-7.300066E-08
1666232270
-5.977532E-01,-7.259886E-08
1666232271
-5.976987E-01,-7.591670E-08
1666232273
-5.977296E-01,-7.506056E-08
1666232274
-5.977712E-01,-7.655608E-08
1666232275
-5.978131E-01,-7.536985E-08
1666232276
-5.978063E-01,-7.479504E-08
1666232278
-5.978239E-01,-7.162431E-08
1666232279
-5.978021E-01,-7.441407E-08
1666232280
-5.978246E-01,-7.742349E-08
1666232281
-5.977706E-01,-7.474796E-08
1666232283
-5.978172E-01,-7.769485E-08
1666232284
-5.978880E-01,-8.153248E-08
1666232285
-5.978664E-01,-7.831549E-08
1666232287
-5.978372E-01,-7.848971E-08
1666232288
-5.978122E-01,-7.872565E-08
1666232289
-5.978181E-01,-7.726596E-08
1666232290
-5.978605E-01,-7.751770E-08
1666232292
-5.978473E-01,-7.779740E-08
1666232293
-5.978087E-01,-7.772068E-08
1666232294
-5.978337E-01,-7.898280E-08
1666232296
-5.979146E-01,-7.958427E-08
1666232297
-5.978539E-01,-7.751729E-08
1666232298
-5.978331E-01,-8.101149E-08
1666232299
-5.978048E-01,-7.950052E-08
1666232301
-5.978307E-01,-7.986774E-08
1666232302
-5.978498E-01,-7.940007E-08
1666232303
-5.978224E-01,-8.037668E-08
1666232305
-5.978451E-01,-8.100609E-08
1666232306
-5.977815E-01,-8.053966E-08
1666232307
-5.977696E-01,-8.257786E-08
1666232308
-5.977648E-01,-7.999529E-08
1666232309
-5.977964E-01,-7.975477E-08
1666232310
-5.978398E-01,-8.061134E-08
1666232312
-5.978057E-01,-7.657155E-08
1666232313
-5.977755E-01,-7.820712E-08
1666232314
-5.977771E-01,-7.915204E-08
1666232315
-5.977663E-01,-8.133533E-08
1666232317
-5.977865E-01,-8.151125E-08
1666232318
-5.977913E-01,-8.054254E-08
1666232319
-5.977973E-01,-8.095814E-08
1666232320
-5.978032E-01,-8.202645E-08
1666232321
-5.978272E-01,-8.170088E-08
1666232323
-5.977097E-01,-8.315642E-08
1666232324
-5.977665E-01,-8.416346E-08
1666232325
-5.977746E-01,-8.234945E-08
1666232327
-5.977664E-01,-8.077890E-08
1666232328
-5.977773E-01,-8.060634E-08
1666232329
-5.977797E-01,-8.023494E-08
1666232330
-5.977663E-01,-8.301136E-08
1666232331
-5.977555E-01,-8.304595E-08
1666232333
