1669374622
+1.101685E+00,-4.629171E-08
1669374632
+1.101816E+00,-4.068610E-08
1669374642
+1.101811E+00,-3.962820E-08
1669374652
+1.101693E+00,-4.062755E-08
1669374663
+1.101735E+00,-3.872989E-08
1669374673
+1.101832E+00,-3.493859E-08
1669374683
+1.101781E+00,-3.696025E-08
1669374694
+1.101794E+00,-3.367294E-08
1669374704
+1.101743E+00,-3.502752E-08
1669374714
+1.101771E+00,-3.442723E-08
1669374724
+1.101804E+00,-3.585627E-08
1669374735
+1.101702E+00,-3.302370E-08
1669374745
+1.101828E+00,-3.360492E-08
1669374755
+1.101784E+00,-3.226690E-08
1669374765
+1.101771E+00,-2.909327E-08
1669374776
+1.101792E+00,-3.215938E-08
1669374786
+1.101838E+00,-3.189076E-08
1669374796
+1.101884E+00,-3.141760E-08
1669374807
+1.101797E+00,-2.736137E-08
1669374817
+1.101781E+00,-3.054376E-08
1669374827
+1.101826E+00,-3.032667E-08
1669374837
+1.101802E+00,-2.898925E-08
