1669297236
+5.503282E+00,+5.786840E-07
1669297246
+5.503305E+00,+5.799803E-07
1669297256
+5.503374E+00,+5.809326E-07
1669297267
+5.503358E+00,+6.217828E-07
1669297277
+5.503208E+00,+5.884341E-07
1669297287
+5.503321E+00,+5.887970E-07
1669297297
+5.503363E+00,+5.903688E-07
1669297308
+5.503327E+00,+5.868472E-07
1669297318
+5.503312E+00,+5.780368E-07
1669297328
+5.503368E+00,+5.773666E-07
1669297338
+5.503294E+00,+5.906240E-07
1669297349
+5.503412E+00,+5.828703E-07
1669297359
+5.503294E+00,+5.906250E-07
1669297369
+5.503283E+00,+5.763269E-07
1669297380
+5.503340E+00,+5.760985E-07
1669297390
+5.503270E+00,+5.934430E-07
1669297400
+5.503237E+00,+5.953066E-07
1669297410
+5.503295E+00,+6.022329E-07
1669297421
+5.503187E+00,+6.105069E-07
1669297431
+5.503290E+00,+6.145203E-07
1669297441
+5.503238E+00,+6.124499E-07
1669297451
+5.503288E+00,+6.134593E-07
1669297462
+5.503230E+00,+6.109881E-07
1669297472
+5.503228E+00,+6.179881E-07
1669297482
+5.503242E+00,+6.249408E-07
1669297493
+5.503297E+00,+6.199169E-07
1669297503
+5.503364E+00,+6.834679E-07
1669297513
+5.503333E+00,+6.510558E-07
1669297523
+5.503323E+00,+6.355600E-07
1669297534
+5.503253E+00,+6.388507E-07
1669297544
+5.503269E+00,+6.324207E-07
1669297554
+5.503211E+00,+6.281898E-07
1669297564
+5.503286E+00,+6.180542E-07
1669297575
+5.503285E+00,+6.208626E-07
1669297585
+5.503319E+00,+6.236224E-07
1669297595
+5.503427E+00,+6.138358E-07
1669297606
+5.503244E+00,+6.316554E-07
1669297616
+5.503223E+00,+6.119568E-07
1669297626
+5.503243E+00,+6.109872E-07
1669297636
+5.503312E+00,+6.027703E-07
1669297647
+5.503179E+00,+6.149111E-07
1669297657
+5.503213E+00,+6.157062E-07
1669297667
+5.503351E+00,+5.971020E-07
1669297677
+5.503250E+00,+6.393364E-07
1669297688
+5.503329E+00,+6.077333E-07
1669297698
+5.503299E+00,+6.246871E-07
1669297708
+5.503385E+00,+6.267115E-07
1669297719
+5.503306E+00,+6.229070E-07
1669297729
+5.503238E+00,+6.342871E-07
1669297739
+5.503325E+00,+6.356005E-07
1669297749
+5.503295E+00,+6.361351E-07
1669297760
+5.503293E+00,+6.348491E-07
1669297770
+5.503330E+00,+6.367820E-07
1669297780
+5.503281E+00,+6.355638E-07
1669297790
+5.503230E+00,+5.978945E-07
1669297801
+5.503324E+00,+6.309400E-07
1669297811
+5.503232E+00,+6.275437E-07
1669297821
+5.503344E+00,+6.338166E-07
1669297832
+5.503294E+00,+6.338233E-07
1669297842
+5.503222E+00,+6.389947E-07
1669297852
+5.503275E+00,+6.457083E-07
1669297862
+5.503284E+00,+6.415506E-07
1669297873
+5.503234E+00,+6.474672E-07
1669297883
+5.503291E+00,+6.403818E-07
1669297893
+5.503286E+00,+5.820337E-07
1669297903
+5.503346E+00,+5.632288E-07
1669297914
+5.503359E+00,+5.832255E-07
1669297924
+5.503407E+00,+5.812068E-07
1669297934
+5.503314E+00,+5.615507E-07
1669297945
+5.503219E+00,+5.679779E-07
1669297955
+5.503280E+00,+5.733185E-07
1669297965
+5.503349E+00,+5.590002E-07
1669297975
+5.503314E+00,+5.620767E-07
1669297986
+5.503322E+00,+5.687751E-07
1669297996
+5.503250E+00,+5.650239E-07
1669298006
+5.503179E+00,+5.751344E-07
1669298016
+5.503257E+00,+5.403015E-07
1669298027
+5.503345E+00,+5.265107E-07
1669298037
+5.503322E+00,+5.319130E-07
1669298047
+5.503369E+00,+5.267999E-07
1669298058
+5.503358E+00,+5.330242E-07
1669298068
+5.503368E+00,+5.298057E-07
1669298078
+5.503319E+00,+5.313036E-07
1669298088
+5.503263E+00,+5.723810E-07
1669298099
+5.503200E+00,+5.547939E-07
1669298109
+5.503227E+00,+5.506687E-07
1669298119
+5.503323E+00,+5.473692E-07
1669298130
+5.503299E+00,+5.433508E-07
1669298140
+5.503427E+00,+5.442213E-07
1669298150
+5.503354E+00,+5.432986E-07
1669298160
+5.503281E+00,+5.403556E-07
1669298171
+5.503275E+00,+5.460964E-07
1669298181
+5.503224E+00,+5.386719E-07
