1669411030
-4.011984E-01,-1.201339E-09
1669411040
-4.011954E-01,-2.828811E-09
1669411050
-4.011695E-01,-5.542133E-10
1669411061
-4.012595E-01,+2.075895E-10
1669411071
-4.010844E-01,-3.025786E-10
1669411081
-4.011704E-01,-2.078625E-09
1669411091
-4.011414E-01,-8.762703E-10
1669411102
-4.011352E-01,-1.600420E-09
1669411112
-4.011524E-01,-1.345100E-10
1669411122
-4.012484E-01,-2.686446E-09
1669411132
-4.012183E-01,-3.567595E-09
1669411143
-4.011531E-01,-6.402430E-10
1669411153
-4.012153E-01,-2.675725E-10
1669411163
-4.011402E-01,-1.205350E-09
1669411174
-4.011372E-01,+7.412366E-10
1669411184
-4.012034E-01,-6.118585E-11
1669411194
-4.012343E-01,+1.150366E-09
1669411204
-4.011331E-01,+9.887685E-10
1669411215
-4.011773E-01,-1.740164E-09
1669411225
-4.012032E-01,-1.158853E-09
1669411235
-4.012024E-01,-1.020332E-09
1669411246
-4.011782E-01,-9.902582E-10
1669411256
-4.012213E-01,-1.225911E-09
1669411266
-4.013124E-01,-1.663057E-09
1669411277
-4.011632E-01,-1.438994E-09
1669411287
-4.011855E-01,+3.216137E-10
1669411297
-4.012745E-01,-2.084596E-09
1669411307
-4.012294E-01,-2.007635E-09
1669411318
-4.011035E-01,+4.751163E-10
1669411328
-4.011794E-01,+2.051528E-10
1669411338
-4.011114E-01,-1.874586E-09
1669411349
-4.011976E-01,-1.354386E-09
1669411359
-4.011055E-01,-3.340091E-09
1669411369
-4.010674E-01,-3.277315E-10
1669411379
-4.011265E-01,-1.766551E-09
1669411390
-4.011304E-01,-8.553408E-10
1669411400
-4.011405E-01,-2.341348E-09
1669411410
-4.011194E-01,+1.472047E-09
1669411421
-4.012066E-01,+2.441558E-12
1669411431
-4.011074E-01,+4.796943E-10
1669411441
-4.011705E-01,-2.483776E-09
1669411451
-4.011565E-01,+8.557841E-10
1669411462
-4.011636E-01,-1.916016E-09
1669411472
-4.012735E-01,-1.453472E-09
1669411482
-4.011415E-01,-2.090695E-10
1669411493
-4.011295E-01,-6.386247E-10
1669411503
-4.011566E-01,-2.223614E-09
1669411513
-4.011804E-01,-2.105169E-09
1669411524
-4.011694E-01,+6.549912E-11
1669411534
-4.012057E-01,-1.344398E-10
1669411544
-1.997630E-01,+3.419633E-09
1669411554
1669414020
-4.012559E-01,+2.595314E-09
1669414030
-4.013160E-01,+1.436983E-09
1669414040
-4.013750E-01,+3.014548E-09
1669414051
-4.012810E-01,+1.588025E-09
1669414061
-4.012389E-01,+2.296680E-09
1669414071
-4.011569E-01,+3.298633E-09
1669414081
-4.012119E-01,+1.223529E-09
1669414092
-4.011519E-01,+2.914926E-09
1669414102
-4.012049E-01,+4.216587E-10
1669414112
-4.012848E-01,+2.915447E-09
1669414122
-4.012389E-01,+3.081531E-09
1669414133
-4.013008E-01,+1.951646E-09
1669414143
-4.011999E-01,+2.256679E-09
1669414153
-4.011790E-01,+3.072043E-09
1669414164
-4.011518E-01,+1.119341E-09
1669414174
-4.012340E-01,+1.596078E-10
1669414184
-4.012200E-01,+2.956912E-09
1669414194
-4.012030E-01,+2.427244E-09
1669414205
-4.011760E-01,+2.698829E-09
1669414215
-4.011909E-01,-1.201384E-09
1669414225
-4.012049E-01,+1.225368E-09
1669414236
-4.012490E-01,+9.878407E-10
1669414246
-4.012200E-01,+2.185136E-09
1669414256
-4.011929E-01,+2.797415E-09
1669414266
-4.011618E-01,+1.339016E-09
1669414277
-4.011329E-01,+1.460502E-09
1669414287
-4.012501E-01,+6.712227E-10
1669414297
-4.012950E-01,+2.885469E-09
1669414308
-4.011839E-01,+7.092977E-10
1669414318
-4.011849E-01,+1.464880E-09
1669414328
-4.011441E-01,+1.896117E-09
1669414338
-4.011710E-01,+1.575046E-09
1669414349
-4.011831E-01,+1.530978E-09
1669414359
-4.011692E-01,+2.348278E-09
1669414369
-4.010980E-01,+2.566797E-09
1669414380
-4.011712E-01,+2.165701E-09
1669414390
-4.011770E-01,+6.611800E-10
1669414400
-4.011351E-01,+2.394360E-09
1669414411
-4.013171E-01,+3.290115E-09
1669414421
-4.011850E-01,+3.764244E-09
1669414431
-4.011500E-01,+1.544504E-09
1669414441
-4.011651E-01,+1.083335E-09
1669414452
-4.012021E-01,+4.344415E-09
1669414462
-4.011561E-01,-1.099463E-10
1669414472
-4.011912E-01,+2.764457E-09
1669414483
-4.011602E-01,+1.281950E-09
1669414493
-4.011561E-01,+1.938177E-09
1669414503
-4.012482E-01,+2.854052E-09
1669414513
-4.011591E-01,+2.350336E-09
1669414524
-4.011991E-01,+2.260302E-09
1669414534
-4.011361E-01,+2.712981E-09
1669414544
-4.011650E-01,+2.932544E-09
1669414554
-4.011231E-01,+1.281995E-09
1669414565
-4.012432E-01,+3.247026E-09
1669414575
-4.012372E-01,+2.711913E-09
1669414585
-4.011211E-01,-1.300333E-10
