1669373871
-8.997766E-01,-1.195446E-06
1669373882
-8.998558E-01,-1.289951E-06
1669373892
-8.998738E-01,-1.344097E-06
1669373902
-8.999268E-01,-1.388297E-06
1669373912
-8.998908E-01,-1.430098E-06
1669373923
-8.999419E-01,-1.461489E-06
1669373933
-8.998098E-01,-1.501529E-06
1669373943
-8.998807E-01,-1.529827E-06
1669373954
-8.999310E-01,-1.570523E-06
1669373964
-8.998147E-01,-1.591715E-06
1669373974
-8.998249E-01,-1.622230E-06
1669373984
-8.998597E-01,-1.651548E-06
1669373995
-8.998029E-01,-1.687183E-06
1669374005
-8.998408E-01,-1.708979E-06
1669374015
-8.998519E-01,-1.734477E-06
1669374026
-8.999297E-01,-1.762792E-06
1669374036
-8.998637E-01,-1.791657E-06
1669374046
-8.999277E-01,-1.819022E-06
1669374056
-8.998846E-01,-1.849239E-06
1669374067
-8.999134E-01,-1.865621E-06
1669374077
-8.998976E-01,-1.876208E-06
1669374087
-8.999257E-01,-1.897120E-06
1669374098
-8.999264E-01,-1.929352E-06
