1664843924
-1.348633E+00,-1.383678E-06
1664843937
-1.307725E+00,-1.422969E-06
1664843950
-1.266863E+00,-1.406230E-06
1664843962
-1.229168E+00,-1.387360E-06
1664843975
-1.188231E+00,-1.345115E-06
1664843987
-1.147260E+00,-1.306785E-06
1664844000
-1.109695E+00,-1.266999E-06
1664844012
-1.068615E+00,-1.228386E-06
1664844025
-1.027572E+00,-1.193294E-06
1664844037
-9.864914E-01,-1.140258E-06
1664844050
-9.488870E-01,-1.101123E-06
1664844063
-9.079587E-01,-1.057006E-06
1664844075
-8.669431E-01,-1.008635E-06
1664844088
-8.293112E-01,-9.731607E-07
1664844100
-7.884314E-01,-9.343244E-07
1664844113
-7.474183E-01,-8.873139E-07
1664844125
-7.064112E-01,-8.556060E-07
1664844138
-6.688542E-01,-8.176194E-07
1664844150
-6.278770E-01,-7.819569E-07
1664844163
-5.867187E-01,-7.450868E-07
1664844175
-5.492901E-01,-7.059979E-07
1664844188
-5.083633E-01,-6.753179E-07
1664844200
-4.672814E-01,-6.366220E-07
1664844213
-4.262793E-01,-6.019272E-07
1664844226
-3.887565E-01,-5.697836E-07
1664844238
-3.478360E-01,-5.405474E-07
1664844251
-3.068793E-01,-5.108322E-07
1664844263
-2.658402E-01,-4.843722E-07
1664844276
-2.281914E-01,-4.614404E-07
1664844288
-1.871820E-01,-4.372771E-07
1664844301
-1.460833E-01,-4.130796E-07
1664844314
-1.086230E-01,-3.898013E-07
1664844326
-6.764104E-02,-3.680358E-07
1664844339
-2.655546E-02,-3.459670E-07
1664844351
+1.289749E-02,-3.278838E-07
1664844364
+5.366652E-02,-3.112941E-07
1664844376
+9.442795E-02,-2.895278E-07
1664844389
+1.320928E-01,-2.727093E-07
1664844401
+1.729940E-01,-2.554578E-07
1664844414
+2.140885E-01,-2.352356E-07
1664844427
+2.517562E-01,-2.211722E-07
1664844439
+2.927264E-01,-2.075804E-07
1664844452
+3.335704E-01,-1.951293E-07
1664844464
+3.745057E-01,-1.810578E-07
1664844477
+4.120311E-01,-1.682296E-07
1664844489
+4.530803E-01,-1.555775E-07
1664844502
+4.940890E-01,-1.439059E-07
1664844515
+5.350181E-01,-1.342709E-07
1664844527
+5.726214E-01,-1.259959E-07
1664844540
+6.136777E-01,-1.166625E-07
1664844552
+6.547304E-01,-1.074839E-07
1664844565
+6.922390E-01,-1.004670E-07
1664844577
+7.332117E-01,-9.339191E-08
1664844590
+7.742544E-01,-8.608956E-08
1664844602
+8.152103E-01,-7.878926E-08
1664844615
+8.526882E-01,-7.273170E-08
1664844627
+8.936467E-01,-6.718411E-08
1664844640
+9.345945E-01,-6.170410E-08
1664844652
+9.720975E-01,-5.606827E-08
1664844665
+1.013111E+00,-5.039798E-08
1664844678
+1.053976E+00,-4.592377E-08
1664844690
+1.095275E+00,-4.112128E-08
1664844703
+1.132841E+00,-3.730479E-08
1664844715
+1.173823E+00,-3.427235E-08
1664844728
+1.214832E+00,-2.986346E-08
1664844740
+1.252275E+00,-2.708439E-08
1664844753
+1.293242E+00,-2.286229E-08
1664844765
+1.334259E+00,-2.018007E-08
1664844778
+1.375198E+00,-1.678849E-08
1664844790
+1.412788E+00,-1.451507E-08
1664844803
+1.453733E+00,-1.165950E-08
1664844816
+1.494733E+00,-8.872451E-09
1664844828
+1.535853E+00,-6.846159E-09
1664844841
+1.573306E+00,-4.046045E-09
1664844853
+1.614296E+00,-1.411299E-09
1664844866
+1.655304E+00,+2.452259E-09
1664844878
+1.692926E+00,+5.933232E-09
1664844891
+1.733798E+00,+1.166852E-08
1664844903
+1.774726E+00,+1.974215E-08
1664844916
+1.815536E+00,+3.185304E-08
1664844929
+1.853185E+00,+4.906753E-08
1664844941
+1.894154E+00,+7.979215E-08
1664844954
+1.935170E+00,+1.342194E-07
1664844966
+1.972805E+00,+2.183285E-07
1664844979
+2.013839E+00,+3.733581E-07
1664844991
+2.054795E+00,+6.435655E-07
1664845004
+2.095764E+00,+1.114601E-06
1664845016
+2.133282E+00,+1.584549E-06
1664845029
+2.174203E+00,+1.622098E-06
1664845041
+2.215218E+00,+1.660159E-06
1664845054
+2.252744E+00,+1.694370E-06
1664845067
+2.293728E+00,+1.732703E-06
1664845079
+2.334697E+00,+1.771073E-06
1664845092
+2.375803E+00,+1.808920E-06
1664845104
+2.413368E+00,+1.843243E-06
1664845117
+2.454311E+00,+1.881827E-06
1664845129
+2.495358E+00,+1.919750E-06
1664845142
+2.536275E+00,+1.958164E-06
1664845155
+2.573813E+00,+1.992520E-06
1664845167
+2.614693E+00,+2.030870E-06
