1664172403
-1.350019E+00,-9.883670E-08
1664172416
-1.339766E+00,-2.014481E-07
1664172428
-1.329544E+00,-2.755530E-07
1664172441
-1.319343E+00,-3.171986E-07
1664172453
-1.309057E+00,-3.402815E-07
1664172466
-1.298842E+00,-3.558823E-07
1664172479
-1.288597E+00,-3.632778E-07
1664172491
-1.278341E+00,-3.671029E-07
1664172504
-1.268170E+00,-3.668454E-07
1664172516
-1.261299E+00,-3.666353E-07
1664172529
-1.251117E+00,-3.623228E-07
1664172542
-1.240801E+00,-3.580278E-07
1664172554
-1.230580E+00,-3.534619E-07
1664172567
-1.220267E+00,-3.477101E-07
1664172579
-1.210065E+00,-3.406191E-07
1664172592
-1.199786E+00,-3.342546E-07
1664172604
-1.189525E+00,-3.279333E-07
1664172617
-1.179391E+00,-3.191284E-07
1664172630
-1.169175E+00,-3.099475E-07
1664172642
-1.158925E+00,-3.025118E-07
1664172655
-1.148642E+00,-2.935080E-07
1664172667
-1.138363E+00,-2.848602E-07
1664172680
-1.127959E+00,-2.771617E-07
1664172692
-1.121283E+00,-2.702688E-07
1664172705
-1.111006E+00,-2.620438E-07
1664172718
-1.100719E+00,-2.543364E-07
1664172730
-1.090506E+00,-2.464529E-07
1664172743
-1.080240E+00,-2.380129E-07
1664172755
-1.069989E+00,-2.297005E-07
1664172768
-1.059799E+00,-2.227072E-07
1664172780
-1.049502E+00,-2.158354E-07
1664172793
-1.039317E+00,-2.072769E-07
1664172806
-1.028961E+00,-2.007846E-07
1664172818
-1.018526E+00,-1.940401E-07
1664172831
-1.008322E+00,-1.853645E-07
1664172843
-9.980585E-01,-1.793475E-07
1664172856
-9.878637E-01,-1.717117E-07
1664172868
-9.776479E-01,-1.647241E-07
1664172881
-9.708408E-01,-1.591628E-07
1664172894
-9.606161E-01,-1.518643E-07
1664172906
-9.503256E-01,-1.461508E-07
1664172919
-9.400679E-01,-1.400243E-07
1664172931
-9.299319E-01,-1.335976E-07
1664172944
-9.197121E-01,-1.281170E-07
1664172956
-9.093711E-01,-1.212890E-07
1664172969
-8.991163E-01,-1.150782E-07
1664172982
-8.889465E-01,-1.104063E-07
1664172994
-8.787803E-01,-1.054517E-07
1664173007
-8.685288E-01,-1.010188E-07
1664173019
-8.582586E-01,-9.494207E-08
1664173032
-8.479689E-01,-9.015402E-08
1664173045
-8.376155E-01,-8.599300E-08
1664173057
-8.308173E-01,-8.187941E-08
1664173070
-8.205828E-01,-7.724917E-08
1664173082
-8.102356E-01,-7.419032E-08
1664173095
-8.001397E-01,-7.001525E-08
1664173107
-7.899190E-01,-6.737364E-08
1664173120
-7.797306E-01,-6.345124E-08
1664173133
-7.694426E-01,-5.964188E-08
1664173145
-7.592030E-01,-5.593489E-08
1664173158
-7.488925E-01,-5.249003E-08
1664173170
-7.387383E-01,-4.882181E-08
1664173183
-7.285475E-01,-4.635513E-08
1664173195
-7.182907E-01,-4.374558E-08
1664173208
-7.080230E-01,-4.181551E-08
1664173221
-6.976651E-01,-3.941978E-08
1664173233
-6.908367E-01,-3.653584E-08
1664173246
-6.806502E-01,-3.458522E-08
1664173258
-6.704000E-01,-3.162108E-08
1664173271
-6.601599E-01,-3.019512E-08
1664173283
-6.500099E-01,-2.767522E-08
1664173296
-6.397332E-01,-2.541404E-08
1664173309
-6.294746E-01,-2.420090E-08
1664173321
-6.192378E-01,-2.149610E-08
1664173334
-6.089671E-01,-2.074400E-08
1664173346
-5.987497E-01,-1.952944E-08
1664173359
-5.883222E-01,-1.749409E-08
1664173372
-5.781534E-01,-1.591119E-08
1664173384
-5.678414E-01,-1.480468E-08
1664173397
-5.576525E-01,-1.403744E-08
1664173409
-5.507646E-01,-1.333661E-08
1664173422
-5.406284E-01,-1.216561E-08
1664173434
-5.303457E-01,-1.071484E-08
1664173447
-5.201814E-01,-9.618495E-09
1664173460
-5.099477E-01,-9.458188E-09
1664173472
-4.996635E-01,-8.884151E-09
1664173485
-4.894027E-01,-8.153433E-09
1664173497
-4.791746E-01,-7.894966E-09
1664173510
-4.689560E-01,-6.574371E-09
1664173522
-4.587317E-01,-6.086489E-09
1664173535
-4.483576E-01,-5.288667E-09
1664173548
-4.381212E-01,-5.422181E-09
1664173560
-4.278747E-01,-5.093268E-09
1664173573
-4.176526E-01,-3.263437E-09
1664173585
-4.074501E-01,-3.271589E-09
1664173598
-4.005769E-01,-3.256970E-09
1664173610
-3.903926E-01,-2.703195E-09
1664173623
-3.802261E-01,-2.626839E-09
1664173636
-3.699240E-01,-2.271318E-09
1664173648
-3.596664E-01,-2.436959E-09
1664173661
-3.493665E-01,-1.670041E-09
1664173673
-3.392932E-01,-1.567898E-09
1664173686
-3.290848E-01,-1.115785E-09
1664173698
-3.188210E-01,-9.269546E-10
1664173711
-3.085554E-01,-3.474609E-10
1664173724
-2.982412E-01,-3.070292E-10
1664173736
-2.880382E-01,-4.911844E-10
1664173749
-2.777980E-01,+3.891737E-11
1664173761
-2.675521E-01,-2.953459E-10
1664173774
-2.606212E-01,-1.214730E-11
1664173786
-2.502955E-01,+5.621058E-10
1664173799
-2.401249E-01,+2.539116E-10
1664173812
-2.298592E-01,+3.738577E-10
1664173824
-2.196613E-01,+3.798518E-10
1664173837
-2.093540E-01,+1.780450E-10
1664173849
-1.991768E-01,+1.054171E-09
1664173862
-1.889770E-01,+1.287653E-09
1664173875
-1.787250E-01,+8.045210E-10
1664173887
-1.684615E-01,+1.340949E-09
1664173900
-1.582452E-01,+8.412672E-10
1664173912
-1.479507E-01,+1.311988E-09
1664173925
-1.377276E-01,+1.503735E-09
1664173937
-1.275800E-01,+1.173483E-09
1664173950
-1.207710E-01,+1.541834E-09
1664173963
-1.103994E-01,+9.794707E-10
1664173975
-1.001760E-01,+1.321483E-09
1664173988
-8.995057E-02,+1.334029E-09
1664174000
-7.980155E-02,+1.676170E-09
1664174013
-6.952934E-02,+1.824659E-09
1664174025
-5.920992E-02,+1.807519E-09
1664174038
-4.900544E-02,+1.797749E-09
1664174051
-3.869913E-02,+1.728220E-09
1664174063
-2.837788E-02,+1.684548E-09
1664174076
-1.813938E-02,+1.816624E-09
1664174088
-7.914300E-03,+1.878968E-09
1664174101
+2.312944E-03,+2.042762E-09
1664174113
+1.350396E-02,-1.302422E-09
1664174126
+2.369909E-02,-1.524167E-09
1664174139
+3.393117E-02,-1.997392E-09
1664174151
+4.410862E-02,-1.619304E-09
1664174164
+5.428792E-02,-1.738224E-09
1664174176
+6.442410E-02,-1.956311E-09
1664174189
+7.469045E-02,-1.432590E-09
1664174201
+8.481945E-02,-1.501916E-09
1664174214
+9.509789E-02,-1.484389E-09
1664174227
+1.052748E-01,-1.661111E-09
1664174239
+1.120491E-01,-1.534256E-09
1664174252
+1.223697E-01,-1.261297E-09
1664174264
+1.326971E-01,-1.456255E-09
1664174277
+1.429055E-01,-1.717931E-09
1664174289
+1.530573E-01,-1.911277E-09
1664174302
+1.633165E-01,-1.382077E-09
1664174315
+1.735714E-01,-1.420258E-09
1664174327
+1.837545E-01,-1.646915E-09
1664174340
+1.941381E-01,-1.628660E-09
1664174352
+2.044170E-01,-1.218170E-09
1664174365
+2.148111E-01,-1.764396E-09
1664174378
+2.249964E-01,-1.435977E-09
1664174390
+2.353159E-01,-1.432593E-09
1664174403
+2.455887E-01,-1.567586E-09
1664174415
+2.524233E-01,-9.562511E-10
1664174428
+2.627163E-01,-1.369571E-09
1664174440
+2.728369E-01,-1.257634E-09
1664174453
+2.831048E-01,-1.089697E-09
1664174466
+2.933825E-01,-1.560251E-09
1664174478
+3.036376E-01,-1.695919E-09
1664174491
+3.138818E-01,-1.288304E-09
1664174503
+3.240730E-01,-1.128290E-09
1664174516
+3.343513E-01,-1.370439E-09
1664174528
+3.446085E-01,-1.250378E-09
1664174541
+3.549578E-01,-1.042512E-09
1664174554
+3.650838E-01,-1.088811E-09
1664174566
+3.752781E-01,-2.043246E-09
1664174579
+3.854972E-01,-1.147710E-09
1664174591
+3.958420E-01,-1.378335E-09
1664174604
+4.026004E-01,-1.301499E-09
1664174616
+4.128422E-01,-1.277922E-09
1664174629
+4.231183E-01,-1.142706E-09
1664174642
+4.333864E-01,-9.271988E-10
1664174654
+4.436129E-01,-1.106957E-09
1664174667
+4.538272E-01,-1.031469E-09
1664174679
+4.640810E-01,-9.402028E-10
1664174692
+4.742252E-01,-9.570802E-10
1664174704
+4.845513E-01,-1.175676E-09
1664174717
+4.947354E-01,-1.005041E-09
1664174730
+5.049913E-01,-1.107786E-09
1664174742
+5.153419E-01,-1.142173E-09
1664174755
+5.254372E-01,-9.770704E-10
1664174767
+5.356765E-01,-1.067446E-09
1664174780
+5.425285E-01,-1.033641E-09
1664174793
+5.527795E-01,-1.144628E-09
1664174805
+5.630301E-01,-1.380032E-09
1664174818
+5.732785E-01,-1.382374E-09
1664174830
+5.835040E-01,-1.077727E-09
1664174843
+5.936890E-01,-8.074412E-10
1664174855
+6.040269E-01,-8.477152E-10
1664174868
+6.142232E-01,-9.711283E-10
1664174881
+6.246141E-01,-7.223818E-10
1664174893
+6.349053E-01,-1.132308E-09
1664174906
+6.451597E-01,-9.031115E-10
1664174918
+6.553904E-01,-1.039653E-09
1664174931
+6.656504E-01,-1.132171E-09
1664174943
+6.758509E-01,-7.983598E-10
1664174956
+6.827003E-01,-8.086471E-10
1664174969
+6.928855E-01,-9.498619E-10
1664174981
+7.030231E-01,-6.506617E-10
1664174994
+7.133327E-01,-1.089325E-09
1664175006
+7.235973E-01,-9.901684E-10
1664175019
+7.338476E-01,-8.848685E-10
1664175031
+7.441391E-01,-1.055648E-09
1664175044
+7.544268E-01,-1.231868E-09
1664175057
+7.646546E-01,-1.235128E-09
1664175069
+7.749090E-01,-8.009477E-10
1664175082
+7.850699E-01,-9.459467E-10
1664175094
+7.953073E-01,-7.026536E-10
1664175107
+8.055292E-01,-1.566712E-09
1664175120
+8.157427E-01,-3.282995E-10
1664175132
+8.260273E-01,-1.167928E-09
1664175145
+8.328758E-01,-7.392236E-10
1664175157
+8.430795E-01,-1.071816E-09
1664175170
+8.532266E-01,-7.437217E-10
1664175182
+8.635272E-01,-1.208743E-09
1664175195
+8.737345E-01,-8.925148E-10
1664175208
+8.839493E-01,-5.880609E-10
1664175220
+8.941926E-01,-1.000745E-09
1664175233
+9.045237E-01,-1.375628E-09
1664175245
+9.147781E-01,-8.546627E-10
1664175258
+9.251091E-01,-9.181036E-10
1664175270
+9.352252E-01,-7.607274E-10
1664175283
+9.455091E-01,-4.775457E-10
1664175296
+9.556938E-01,-8.624606E-10
1664175308
+9.659775E-01,-1.134788E-09
1664175321
+9.727786E-01,-1.140261E-09
1664175333
+9.830372E-01,-7.307163E-10
1664175346
+9.932555E-01,+1.042460E-10
1664175358
+1.003496E+00,-8.289187E-10
1664175371
+1.013723E+00,-1.238791E-09
1664175384
+1.023886E+00,-1.265332E-09
1664175396
+1.034113E+00,-7.303491E-10
1664175409
+1.044291E+00,-1.461512E-09
1664175421
+1.054500E+00,-6.790727E-10
1664175434
+1.064940E+00,-3.212138E-10
1664175446
+1.075273E+00,-3.001050E-10
1664175459
+1.085464E+00,-7.327105E-10
1664175472
+1.095782E+00,-1.751826E-10
1664175484
+1.106031E+00,-7.356183E-10
1664175497
+1.112906E+00,-6.292583E-10
1664175509
+1.123291E+00,-2.670395E-10
1664175522
+1.133471E+00,-7.939596E-11
1664175535
+1.143725E+00,-2.934926E-10
1664175547
+1.153852E+00,+1.426958E-10
1664175560
+1.164147E+00,+4.823793E-10
1664175572
+1.174449E+00,+6.610965E-10
1664175585
+1.184692E+00,+7.700059E-10
1664175597
+1.194910E+00,+1.510543E-09
1664175610
+1.205255E+00,+2.423127E-09
1664175623
+1.215451E+00,+3.675775E-09
1664175635
+1.225666E+00,+4.315905E-09
1664175648
+1.235873E+00,+6.590779E-09
1664175660
+1.246099E+00,+8.521941E-09
1664175673
+1.252974E+00,+1.034370E-08
1664175685
+1.263220E+00,+1.439353E-08
1664175698
+1.273389E+00,+1.821447E-08
1664175711
+1.283608E+00,+2.465753E-08
1664175723
+1.293961E+00,+3.251722E-08
1664175736
+1.304164E+00,+4.261119E-08
1664175748
+1.314456E+00,+5.632146E-08
1664175761
+1.324591E+00,+7.313118E-08
1664175773
+1.334880E+00,+9.710405E-08
1664175786
+1.345114E+00,+1.272316E-07
1664175799
+1.355282E+00,+1.666755E-07
1664175811
+1.365596E+00,+2.183419E-07
1664175824
+1.375836E+00,+2.841595E-07
1664175836
+1.386161E+00,+3.678599E-07
1664175849
+1.396318E+00,+4.711171E-07
1664175861
+1.403172E+00,+5.484694E-07
1664175874
+1.413477E+00,+6.522862E-07
1664175887
+1.423682E+00,+7.226263E-07
1664175899
+1.433899E+00,+7.729972E-07
1664175912
+1.444124E+00,+8.142770E-07
1664175924
+1.454359E+00,+8.491874E-07
1664175937
+1.464622E+00,+8.800311E-07
1664175949
+1.474822E+00,+9.071318E-07
1664175962
+1.484993E+00,+9.194511E-07
1664175975
+1.495325E+00,+9.291109E-07
1664175987
+1.505674E+00,+9.385767E-07
1664176000
+1.515893E+00,+9.479030E-07
1664176012
+1.526128E+00,+9.577807E-07
1664176025
+1.536460E+00,+9.675166E-07
1664176038
+1.543351E+00,+9.738907E-07
1664176050
+1.553589E+00,+9.833489E-07
1664176063
+1.563790E+00,+9.929977E-07
1664176075
+1.574016E+00,+1.001980E-06
1664176088
+1.584171E+00,+1.012037E-06
1664176100
+1.594465E+00,+1.021311E-06
1664176113
+1.604742E+00,+1.031056E-06
1664176126
+1.614974E+00,+1.040803E-06
1664176138
+1.625257E+00,+1.050044E-06
1664176151
+1.635474E+00,+1.059725E-06
1664176163
+1.645684E+00,+1.068912E-06
1664176176
+1.655968E+00,+1.079317E-06
1664176188
+1.666194E+00,+1.088974E-06
1664176201
+1.676462E+00,+1.098793E-06
1664176214
+1.683207E+00,+1.104837E-06
1664176226
+1.693494E+00,+1.114042E-06
1664176239
+1.703668E+00,+1.123949E-06
1664176251
+1.713908E+00,+1.133487E-06
1664176264
+1.724134E+00,+1.142557E-06
1664176276
+1.734365E+00,+1.153359E-06
1664176289
+1.744641E+00,+1.162588E-06
1664176302
+1.754851E+00,+1.171885E-06
1664176314
+1.765105E+00,+1.181925E-06
1664176327
+1.775357E+00,+1.191385E-06
1664176339
+1.785647E+00,+1.200745E-06
1664176352
+1.795874E+00,+1.210590E-06
1664176364
+1.806055E+00,+1.219915E-06
1664176377
+1.816232E+00,+1.230299E-06
1664176390
+1.826480E+00,+1.239571E-06
1664176402
+1.833377E+00,+1.246194E-06
1664176415
+1.843546E+00,+1.255506E-06
1664176427
+1.853754E+00,+1.265011E-06
1664176440
+1.864067E+00,+1.275120E-06
1664176452
+1.874353E+00,+1.284840E-06
1664176465
+1.884549E+00,+1.293340E-06
1664176478
+1.894756E+00,+1.304552E-06
1664176490
+1.904982E+00,+1.313589E-06
1664176503
+1.915325E+00,+1.323035E-06
1664176515
+1.925593E+00,+1.333372E-06
1664176528
+1.935728E+00,+1.342209E-06
1664176541
+1.946017E+00,+1.352213E-06
1664176553
+1.956333E+00,+1.361561E-06
1664176566
+1.966458E+00,+1.371848E-06
1664176578
+1.973338E+00,+1.377987E-06
1664176591
+1.983587E+00,+1.387985E-06
1664176603
+1.993892E+00,+1.397513E-06
1664176616
+2.004074E+00,+1.406835E-06
1664176629
+2.014277E+00,+1.416485E-06
1664176641
+2.024564E+00,+1.426391E-06
1664176654
+2.034801E+00,+1.435802E-06
1664176666
+2.045046E+00,+1.446148E-06
1664176679
+2.055306E+00,+1.455389E-06
1664176691
+2.065553E+00,+1.464548E-06
1664176704
+2.075795E+00,+1.474670E-06
1664176717
+2.086041E+00,+1.484512E-06
1664176729
+2.096292E+00,+1.494081E-06
1664176742
+2.106542E+00,+1.503720E-06
1664176754
+2.113360E+00,+1.510375E-06
1664176767
+2.123554E+00,+1.519347E-06
1664176779
+2.133753E+00,+1.529127E-06
1664176792
+2.144000E+00,+1.539187E-06
1664176805
+2.154213E+00,+1.548987E-06
1664176817
+2.164485E+00,+1.558643E-06
1664176830
+2.174734E+00,+1.568419E-06
1664176842
+2.185000E+00,+1.577929E-06
1664176855
+2.195215E+00,+1.587618E-06
1664176867
+2.205512E+00,+1.597635E-06
1664176880
+2.215665E+00,+1.607503E-06
1664176893
+2.225929E+00,+1.616527E-06
1664176905
+2.236133E+00,+1.626023E-06
1664176918
+2.246272E+00,+1.636020E-06
1664176930
+2.253220E+00,+1.642430E-06
1664176943
+2.263496E+00,+1.651862E-06
1664176956
+2.273706E+00,+1.661934E-06
1664176968
+2.284016E+00,+1.671690E-06
1664176981
+2.294224E+00,+1.681203E-06
1664176993
+2.304419E+00,+1.691262E-06
1664177006
+2.314773E+00,+1.700992E-06
1664177018
+2.324952E+00,+1.710418E-06
1664177031
+2.335156E+00,+1.720743E-06
1664177044
+2.345428E+00,+1.730875E-06
1664177056
+2.355666E+00,+1.740455E-06
1664177069
+2.365929E+00,+1.749903E-06
1664177081
+2.376318E+00,+1.759943E-06
1664177094
+2.386572E+00,+1.769090E-06
1664177106
+2.396692E+00,+1.779215E-06
1664177119
+2.403624E+00,+1.785080E-06
1664177132
+2.413861E+00,+1.794932E-06
1664177144
+2.424096E+00,+1.805544E-06
1664177157
+2.434422E+00,+1.814908E-06
1664177169
+2.444666E+00,+1.824694E-06
1664177182
+2.454742E+00,+1.833961E-06
1664177194
+2.465024E+00,+1.843476E-06
1664177207
+2.475230E+00,+1.853325E-06
1664177220
+2.485603E+00,+1.863651E-06
1664177232
+2.495785E+00,+1.872887E-06
1664177245
+2.506085E+00,+1.882672E-06
1664177257
+2.516245E+00,+1.892871E-06
1664177270
+2.526532E+00,+1.902232E-06
1664177282
+2.536826E+00,+1.912394E-06
1664177295
+2.543556E+00,+1.918256E-06
1664177308
+2.553801E+00,+1.928588E-06
1664177320
+2.563990E+00,+1.938158E-06
1664177333
+2.574265E+00,+1.947765E-06
1664177345
+2.584499E+00,+1.957146E-06
1664177358
+2.594666E+00,+1.967491E-06
1664177371
+2.604903E+00,+1.976484E-06
1664177383
+2.615120E+00,+1.986441E-06
1664177396
+2.625530E+00,+1.996765E-06
1664177408
+2.635669E+00,+2.006063E-06
1664177421
+2.645888E+00,+2.016109E-06
