1668399475
-3.486542E-01,-1.550399E-08
1668399477
-3.282008E-01,-1.019956E-08
1668399479
-3.077166E-01,-8.251352E-09
1668399480
-2.872590E-01,-8.524367E-09
1668399482
-2.667406E-01,-8.562713E-09
1668399483
-2.496300E-01,-7.485657E-09
1668399485
-2.291608E-01,-7.689481E-09
1668399486
-2.086125E-01,-7.005068E-09
1668399488
-1.881114E-01,-7.662386E-09
1668399489
-1.676631E-01,-6.385258E-09
1668399491
-1.471831E-01,-5.707532E-09
1668399493
-1.266980E-01,-5.745034E-09
1668399494
-1.096908E-01,-6.123913E-09
1668399496
-8.919079E-02,-3.580955E-09
1668399497
-6.874075E-02,-4.442910E-09
1668399499
-4.815646E-02,-4.584213E-09
1668399500
-2.760469E-02,-4.366618E-09
1668399502
-7.102217E-03,-3.698496E-09
1668399504
+1.284626E-02,-6.246048E-09
1668399505
+3.329260E-02,-7.326431E-09
1668399507
+5.369807E-02,-6.798323E-09
1668399508
+7.410271E-02,-6.184353E-09
1668399510
+9.452821E-02,-7.608618E-09
1668399511
+1.114495E-01,-5.260274E-09
1668399513
+1.320284E-01,-7.586529E-09
1668399515
+1.524881E-01,-5.922588E-09
1668399516
+1.729470E-01,-5.576213E-09
1668399518
+1.935109E-01,-3.909814E-09
1668399519
+2.141357E-01,-4.236986E-09
1668399521
+2.346629E-01,-4.179481E-09
1668399522
+2.516918E-01,-4.130713E-09
1668399524
+2.721715E-01,-1.403119E-09
1668399526
+2.926655E-01,-4.713818E-09
1668399527
+3.131968E-01,-3.272474E-09
1668399529
+3.337766E-01,-4.226557E-09
1668399530
+3.542429E-01,-2.381812E-09
1668399532
+3.746985E-01,-4.021537E-09
1668399533
+3.951338E-01,-2.519778E-09
1668399535
+4.122278E-01,-2.822368E-09
1668399537
+4.326690E-01,-2.278036E-09
1668399538
+4.532538E-01,-1.955379E-09
1668399540
+4.737512E-01,-3.303323E-09
1668399541
+4.940899E-01,-1.415625E-09
1668399543
+5.146556E-01,-1.080953E-09
1668399544
+5.351234E-01,-3.969983E-10
1668399546
+5.522332E-01,-4.282463E-10
1668399548
+5.726255E-01,-8.687994E-10
1668399549
+5.931050E-01,+2.640382E-10
1668399551
+6.135423E-01,-1.419165E-10
1668399552
+6.341845E-01,-1.160765E-10
1668399554
+6.546568E-01,+9.680068E-10
1668399555
+6.750530E-01,+1.636117E-09
1668399557
+6.921684E-01,+7.216475E-10
1668399558
+7.126741E-01,+2.507373E-10
1668399560
+7.333175E-01,-7.500148E-10
1668399562
+7.538303E-01,+9.367355E-10
1668399563
+7.742349E-01,+1.754444E-09
1668399565
+7.947729E-01,+1.888666E-09
1668399566
+8.152228E-01,+7.504259E-10
1668399568
+8.322751E-01,+1.294318E-09
1668399569
+8.527426E-01,+5.482738E-10
1668399571
+8.731886E-01,-3.890745E-10
1668399573
+8.936715E-01,+9.833997E-10
1668399574
+9.141618E-01,-1.968980E-10
1668399576
+9.346457E-01,+2.490507E-09
1668399577
+9.551387E-01,+2.810979E-09
1668399579
+9.721336E-01,+1.090139E-09
1668399580
+9.926138E-01,+2.204182E-09
1668399582
+1.013046E+00,+1.793226E-09
1668399584
+1.033504E+00,+5.574352E-10
1668399585
+1.053993E+00,+2.462157E-09
1668399587
+1.074698E+00,+1.811163E-09
1668399588
+1.095188E+00,+1.528588E-09
1668399590
+1.112296E+00,+2.700979E-09
1668399591
+1.132844E+00,+2.597619E-09
1668399593
+1.153254E+00,+1.926592E-09
1668399595
+1.173885E+00,+3.344890E-09
1668399596
+1.194403E+00,-7.704152E-10
1668399598
+1.214879E+00,+2.190007E-09
1668399599
+1.235331E+00,+1.704840E-09
1668399601
+1.252340E+00,+1.651517E-09
1668399602
+1.272812E+00,+1.487324E-09
1668399604
+1.293353E+00,+3.119423E-09
1668399606
+1.313789E+00,+3.007727E-09
1668399607
+1.334307E+00,+2.435909E-09
1668399609
+1.354818E+00,+2.899760E-09
1668399610
+1.375356E+00,+2.781000E-09
1668399612
+1.395858E+00,+1.870334E-09
1668399613
+1.412915E+00,+2.058688E-09
1668399615
+1.433391E+00,+2.552606E-09
1668399616
+1.453763E+00,+2.705559E-09
1668399618
+1.474184E+00,+2.541346E-09
1668399620
+1.494811E+00,+2.206206E-09
1668399621
+1.515369E+00,+4.665748E-10
1668399623
+1.535891E+00,+3.302383E-09
1668399624
+1.553037E+00,+3.558691E-09
1668399626
+1.573510E+00,+4.004233E-09
1668399627
+1.593959E+00,+2.811397E-09
1668399629
+1.614517E+00,+4.661495E-09
1668399631
+1.634979E+00,+1.746978E-09
