1667883155
-3.486974E-01,-5.942491E-08
1667883156
-3.282499E-01,-5.348192E-08
1667883158
-3.077449E-01,-5.235943E-08
1667883160
-2.872141E-01,-5.089392E-08
1667883161
-2.666747E-01,-5.048626E-08
1667883163
-2.495457E-01,-4.899320E-08
1667883164
-2.290582E-01,-4.633683E-08
1667883166
-2.085965E-01,-4.780694E-08
1667883167
-1.880807E-01,-4.584208E-08
1667883169
-1.675889E-01,-4.556573E-08
1667883171
-1.471239E-01,-4.422067E-08
1667883172
-1.267423E-01,-4.231955E-08
1667883174
-1.096508E-01,-4.335243E-08
1667883175
-8.916824E-02,-4.436112E-08
1667883177
-6.866568E-02,-4.113952E-08
1667883178
-4.812726E-02,-4.015041E-08
1667883180
-2.761971E-02,-3.823932E-08
1667883182
-7.108888E-03,-3.806092E-08
1667883183
+1.294385E-02,-4.128544E-08
1667883185
+3.331764E-02,-3.959023E-08
1667883186
+5.370894E-02,-3.919300E-08
1667883188
+7.413774E-02,-4.010874E-08
1667883189
+9.458078E-02,-3.798965E-08
1667883191
+1.116013E-01,-3.707557E-08
1667883193
+1.322069E-01,-3.632821E-08
1667883194
+1.526233E-01,-3.670669E-08
1667883196
+1.731088E-01,-3.637614E-08
1667883197
+1.936452E-01,-3.535827E-08
1667883199
+2.142691E-01,-3.336962E-08
1667883200
+2.347655E-01,-3.153938E-08
1667883202
+2.518595E-01,-3.417327E-08
1667883204
+2.722700E-01,-3.108673E-08
1667883205
+2.927447E-01,-3.158858E-08
1667883207
+3.132703E-01,-2.976125E-08
1667883208
+3.338326E-01,-2.940696E-08
1667883210
+3.542306E-01,-2.958160E-08
1667883211
+3.747427E-01,-2.953366E-08
1667883213
+3.952107E-01,-2.765548E-08
1667883215
+4.122204E-01,-2.714446E-08
1667883216
+4.327626E-01,-2.618119E-08
1667883218
+4.532590E-01,-2.648213E-08
1667883219
+4.737589E-01,-2.482487E-08
1667883221
+4.941626E-01,-2.524419E-08
1667883222
+5.147184E-01,-2.448975E-08
1667883224
+5.351799E-01,-2.376992E-08
1667883225
+5.522662E-01,-2.286250E-08
1667883227
+5.727393E-01,-2.179920E-08
1667883229
+5.932024E-01,-2.132903E-08
1667883230
+6.136535E-01,-2.095389E-08
1667883232
+6.342168E-01,-2.091179E-08
1667883233
+6.547956E-01,-1.921367E-08
1667883235
+6.752282E-01,-1.928118E-08
1667883236
+6.924043E-01,-1.923243E-08
1667883238
+7.127754E-01,-1.823623E-08
1667883240
+7.333459E-01,-1.787693E-08
1667883241
+7.538723E-01,-1.575491E-08
1667883243
+7.743413E-01,-1.669942E-08
1667883244
+7.948518E-01,-1.500339E-08
1667883246
+8.153148E-01,-1.700245E-08
1667883247
+8.323953E-01,-1.674402E-08
1667883249
+8.528374E-01,-1.342364E-08
1667883251
+8.733163E-01,-1.454780E-08
1667883252
+8.938136E-01,-1.513260E-08
1667883254
+9.143335E-01,-1.229449E-08
1667883255
+9.347656E-01,-1.204940E-08
1667883257
+9.552982E-01,-1.162800E-08
1667883258
+9.723610E-01,-1.178972E-08
1667883260
+9.928167E-01,-8.965364E-09
1667883262
+1.013345E+00,-1.061263E-08
1667883263
+1.033770E+00,-8.926184E-09
1667883265
+1.054204E+00,-1.016705E-08
1667883266
+1.074899E+00,-9.167105E-09
1667883268
+1.095342E+00,-7.673230E-09
1667883269
+1.112347E+00,-9.781494E-09
1667883271
+1.132864E+00,-7.866213E-09
1667883273
+1.153355E+00,-6.498643E-09
1667883274
+1.173945E+00,-6.381091E-09
1667883276
+1.194524E+00,-5.085624E-09
1667883277
+1.214984E+00,-6.593252E-09
1667883279
+1.235433E+00,-4.565039E-09
1667883280
+1.252512E+00,-5.073120E-09
1667883282
+1.273033E+00,-4.457062E-09
1667883284
+1.293493E+00,-3.292894E-09
1667883285
+1.313988E+00,-2.716046E-09
1667883287
+1.334391E+00,-2.859426E-09
1667883288
+1.354835E+00,-2.223439E-09
1667883290
+1.375366E+00,-1.006753E-09
1667883291
+1.395918E+00,-3.623850E-09
1667883293
+1.412910E+00,-3.360457E-09
1667883294
+1.433334E+00,-7.987775E-10
1667883296
+1.453811E+00,-2.277487E-10
1667883298
+1.474205E+00,-5.207819E-10
1667883299
+1.494848E+00,-3.128535E-10
1667883301
+1.515428E+00,+5.945030E-10
1667883302
+1.535903E+00,+1.872007E-09
1667883304
+1.553017E+00,+7.733087E-10
1667883305
+1.573584E+00,-1.210941E-10
1667883307
+1.594097E+00,+1.834068E-09
1667883309
+1.614622E+00,+2.878935E-09
1667883310
+1.635108E+00,+3.619141E-09
