1669026391
-4.001346E-01,-7.304305E-09
1669026401
-4.001472E-01,-8.223384E-09
1669026411
-4.002454E-01,-7.215938E-09
1669026421
-4.002048E-01,-1.034789E-08
1669026432
-4.002046E-01,-1.177882E-08
1669026442
-4.001562E-01,-1.429555E-08
1669026452
-4.001838E-01,-1.624416E-08
1669026462
-4.001913E-01,-1.737998E-08
1669026473
-4.001361E-01,-1.877422E-08
1669026483
-4.001530E-01,-2.130597E-08
1669026493
-4.001038E-01,-2.243512E-08
1669026504
-4.001803E-01,-2.410154E-08
1669026514
-4.002470E-01,-2.766197E-08
1669026524
-4.002011E-01,-2.824426E-08
1669026534
-4.002220E-01,-2.917043E-08
1669026544
-4.001311E-01,-3.055884E-08
1669026554
-4.001803E-01,-3.242033E-08
1669026564
-4.001870E-01,-3.454151E-08
1669026575
-4.001520E-01,-3.663309E-08
1669026585
-4.001519E-01,-3.951744E-08
1669026595
-4.001754E-01,-4.101382E-08
1669026605
-4.002161E-01,-4.330087E-08
1669026616
-4.001626E-01,-4.468260E-08
1669026626
-4.001001E-01,-4.565212E-08
1669026636
-4.002270E-01,-5.106656E-08
1669026646
-4.002052E-01,-4.977400E-08
1669026657
-4.002153E-01,-5.230075E-08
1669026667
-4.001692E-01,-5.516299E-08
1669026677
-4.002085E-01,-5.882514E-08
1669026688
-4.002301E-01,-5.892517E-08
1669026698
-4.002402E-01,-6.090713E-08
1669026708
-4.001777E-01,-6.364770E-08
1669026718
-4.002302E-01,-6.317794E-08
1669026729
-4.002020E-01,-6.505696E-08
1669026739
-4.002662E-01,-6.843234E-08
1669026749
-4.002429E-01,-7.023048E-08
1669026760
-4.002903E-01,-7.317860E-08
1669026770
-4.002170E-01,-7.303190E-08
1669026780
-4.002771E-01,-7.433153E-08
1669026791
-4.002379E-01,-7.846801E-08
1669026801
-4.002244E-01,-8.030614E-08
1669026811
-4.001385E-01,-8.028820E-08
1669026821
-4.002168E-01,-8.240603E-08
1669026832
-4.002269E-01,-8.172245E-08
1669026842
-4.001459E-01,-8.547502E-08
1669026852
-4.002837E-01,-8.635246E-08
1669026863
-4.002361E-01,-8.854199E-08
