1664337959
-1.349244E+00,-1.660438E-08
1664337972
-1.339010E+00,-1.825758E-08
1664337984
-1.328776E+00,-1.865294E-08
1664337997
-1.318507E+00,-2.054372E-08
1664338010
-1.308255E+00,-2.411609E-08
1664338022
-1.298002E+00,-2.646984E-08
1664338035
-1.287785E+00,-2.763786E-08
1664338047
-1.277524E+00,-3.063847E-08
1664338060
-1.267373E+00,-3.325406E-08
1664338073
-1.260500E+00,-2.162563E-08
1664338085
-1.250222E+00,-2.954056E-08
1664338098
-1.240011E+00,-3.089661E-08
1664338110
-1.229728E+00,-3.086693E-08
1664338123
-1.219462E+00,-3.129660E-08
1664338135
-1.209267E+00,-3.063685E-08
1664338148
-1.199055E+00,-3.066811E-08
1664338161
-1.188772E+00,-3.013204E-08
1664338173
-1.178545E+00,-3.126837E-08
1664338186
-1.168256E+00,-3.369777E-08
1664338198
-1.158090E+00,-3.282524E-08
1664338211
-1.147857E+00,-3.169900E-08
1664338223
-1.137639E+00,-3.251375E-08
1664338236
-1.127344E+00,-3.208851E-08
1664338249
-1.120500E+00,-3.368777E-08
1664338261
-1.110213E+00,-3.265585E-08
1664338274
-1.100009E+00,-3.390894E-08
1664338286
-1.089738E+00,-3.241488E-08
1664338299
-1.079472E+00,-3.312127E-08
1664338311
-1.069194E+00,-3.391219E-08
1664338324
-1.058976E+00,-3.370503E-08
1664338337
-1.048673E+00,-3.383699E-08
1664338349
-1.038505E+00,-3.001787E-08
1664338362
-1.028194E+00,-2.937196E-08
1664338374
-1.017757E+00,-2.824825E-08
1664338387
-1.007489E+00,-2.785085E-08
1664338399
-9.973243E-01,-2.910298E-08
1664338412
-9.870375E-01,-2.782880E-08
1664338425
-9.768405E-01,-2.821498E-08
1664338437
-9.700118E-01,-2.879253E-08
1664338450
-9.597749E-01,-2.743799E-08
1664338462
-9.495081E-01,-2.770129E-08
1664338475
-9.392903E-01,-2.654624E-08
1664338487
-9.290307E-01,-2.726905E-08
1664338500
-9.188833E-01,-2.602617E-08
1664338513
-9.086385E-01,-2.607936E-08
1664338525
-8.983364E-01,-2.660984E-08
1664338538
-8.881438E-01,-2.661376E-08
1664338550
-8.778196E-01,-2.724550E-08
1664338563
-8.676409E-01,-2.734832E-08
1664338576
-8.572713E-01,-2.638622E-08
1664338588
-8.471296E-01,-2.573772E-08
1664338601
-8.368016E-01,-2.410874E-08
1664338613
-8.299638E-01,-2.453640E-08
1664338626
-8.197071E-01,-2.397561E-08
1664338638
-8.094243E-01,-2.381817E-08
1664338651
-7.991980E-01,-2.415630E-08
1664338664
-7.889885E-01,-2.290133E-08
1664338676
-7.788187E-01,-2.360947E-08
1664338689
-7.685794E-01,-2.304509E-08
1664338701
-7.583549E-01,-2.182673E-08
1664338714
-7.481431E-01,-2.195002E-08
1664338726
-7.378625E-01,-2.197019E-08
1664338739
-7.275803E-01,-2.187820E-08
1664338752
-7.174264E-01,-2.054017E-08
1664338764
-7.070648E-01,-2.279500E-08
1664338777
-6.968178E-01,-2.137822E-08
1664338789
-6.900812E-01,-2.258787E-08
1664338802
-6.798121E-01,-2.133116E-08
1664338814
-6.695724E-01,-1.975508E-08
1664338827
-6.593226E-01,-2.019523E-08
1664338840
-6.490853E-01,-2.107435E-08
1664338852
-6.388438E-01,-2.006239E-08
1664338865
-6.286442E-01,-1.923992E-08
1664338877
-6.183729E-01,-1.934542E-08
1664338890
-6.082486E-01,-1.930374E-08
1664338902
-5.978798E-01,-1.776225E-08
1664338915
-5.875285E-01,-1.823955E-08
1664338928
-5.772827E-01,-1.819020E-08
1664338940
-5.669448E-01,-1.796824E-08
1664338953
-5.567917E-01,-1.819883E-08
1664338965
-5.500145E-01,-1.752095E-08
1664338978
-5.397424E-01,-1.591798E-08
1664338991
-5.294837E-01,-1.674970E-08
1664339003
-5.192813E-01,-1.584049E-08
1664339016
-5.090684E-01,-1.600176E-08
1664339028
-4.988446E-01,-1.591739E-08
1664339041
-4.885977E-01,-1.543663E-08
1664339053
-4.782595E-01,-1.534180E-08
1664339066
-4.681006E-01,-1.466981E-08
1664339079
-4.578076E-01,-1.492819E-08
1664339091
-4.475356E-01,-1.525411E-08
1664339104
-4.372993E-01,-1.404387E-08
1664339116
-4.270239E-01,-1.412756E-08
1664339129
-4.168172E-01,-1.349850E-08
1664339141
-4.066244E-01,-1.333702E-08
1664339154
-3.997487E-01,-1.399922E-08
1664339167
-3.895766E-01,-1.362342E-08
1664339179
-3.792379E-01,-1.290023E-08
1664339192
-3.690732E-01,-1.315157E-08
1664339204
-3.588476E-01,-1.194017E-08
1664339217
-3.485907E-01,-1.219868E-08
1664339229
-3.383681E-01,-1.235961E-08
1664339242
-3.281403E-01,-1.148838E-08
1664339255
-3.179162E-01,-1.176523E-08
1664339267
-3.076693E-01,-1.147329E-08
1664339280
-2.974307E-01,-1.113729E-08
1664339292
-2.872559E-01,-1.121161E-08
1664339305
-2.768930E-01,-1.067270E-08
1664339317
-2.666521E-01,-1.028351E-08
1664339330
-2.597199E-01,-1.083075E-08
1664339343
-2.495723E-01,-9.809253E-09
1664339355
-2.393613E-01,-9.977190E-09
1664339368
-2.290691E-01,-9.912498E-09
1664339380
-2.188427E-01,-9.745521E-09
1664339393
-2.084997E-01,-9.509307E-09
1664339406
-1.982425E-01,-9.380469E-09
1664339418
-1.879664E-01,-8.704887E-09
1664339431
-1.777930E-01,-8.515400E-09
1664339443
-1.675384E-01,-8.166731E-09
1664339456
-1.573306E-01,-8.582634E-09
1664339468
-1.470234E-01,-8.185695E-09
1664339481
-1.368391E-01,-8.588426E-09
1664339494
-1.266629E-01,-8.587054E-09
1664339506
-1.197980E-01,-8.884908E-09
1664339519
-1.095740E-01,-7.843652E-09
1664339531
-9.938109E-02,-7.580349E-09
1664339544
-8.913385E-02,-6.885673E-09
1664339556
-7.883355E-02,-7.342257E-09
1664339569
-6.865396E-02,-7.256976E-09
1664339582
-5.837152E-02,-7.107713E-09
1664339594
-4.811685E-02,-6.859332E-09
1664339607
-3.773241E-02,-6.526873E-09
1664339619
-2.748743E-02,-5.887935E-09
1664339632
-1.726404E-02,-6.470939E-09
1664339644
-7.111219E-03,-5.664809E-09
1664339657
+3.194720E-03,-5.643218E-09
1664339670
+1.292433E-02,-9.304559E-09
1664339682
+2.318006E-02,-8.564036E-09
1664339695
+3.332805E-02,-8.549280E-09
1664339707
+4.351448E-02,-8.400892E-09
1664339720
+5.370333E-02,-8.078316E-09
1664339732
+6.384890E-02,-7.293362E-09
1664339745
+7.418736E-02,-7.601224E-09
1664339758
+8.440407E-02,-7.257557E-09
1664339770
+9.462769E-02,-7.401275E-09
1664339783
+1.048148E-01,-7.189947E-09
1664339795
+1.115549E-01,-7.429326E-09
1664339808
+1.219080E-01,-8.039675E-09
1664339821
+1.321614E-01,-7.198451E-09
1664339833
+1.424281E-01,-6.937645E-09
1664339846
+1.526984E-01,-7.036598E-09
1664339858
+1.628948E-01,-7.011130E-09
1664339871
+1.730545E-01,-7.220121E-09
1664339883
+1.833612E-01,-6.643665E-09
1664339896
+1.937048E-01,-7.004750E-09
1664339909
+2.040303E-01,-6.022476E-09
1664339921
+2.142213E-01,-6.406033E-09
1664339934
+2.244659E-01,-6.123885E-09
1664339946
+2.347697E-01,-6.374019E-09
1664339959
+2.449503E-01,-5.661093E-09
1664339971
+2.519130E-01,-6.088917E-09
1664339984
+2.621557E-01,-5.706738E-09
1664339997
+2.724079E-01,-5.740787E-09
1664340009
+2.826449E-01,-5.732911E-09
1664340022
+2.928478E-01,-5.294127E-09
1664340034
+3.030693E-01,-5.444181E-09
1664340047
+3.133397E-01,-4.993273E-09
1664340059
+3.236178E-01,-5.067626E-09
1664340072
+3.339408E-01,-5.093093E-09
1664340085
+3.440856E-01,-5.269156E-09
1664340097
+3.542849E-01,-5.107692E-09
1664340110
+3.645235E-01,-4.299526E-09
1664340122
+3.747619E-01,-4.712964E-09
1664340135
+3.850206E-01,-4.458154E-09
1664340147
+3.952598E-01,-4.437530E-09
1664340160
+4.021031E-01,-4.002758E-09
1664340173
+4.123667E-01,-4.435279E-09
1664340185
+4.226193E-01,-4.081275E-09
1664340197
+4.328513E-01,-3.474106E-09
1664340210
+4.430798E-01,-3.998586E-09
1664340223
+4.533537E-01,-3.276833E-09
1664340235
+4.635339E-01,-3.902832E-09
1664340248
+4.737201E-01,-3.791919E-09
1664340260
+4.840379E-01,-3.365316E-09
1664340273
+4.942907E-01,-3.171474E-09
1664340285
+5.044841E-01,-3.656212E-09
1664340298
+5.148158E-01,-3.629201E-09
1664340311
+5.250383E-01,-3.674720E-09
1664340323
+5.352556E-01,-2.821174E-09
1664340336
+5.420656E-01,-3.572057E-09
1664340348
+5.523137E-01,-2.767413E-09
1664340361
+5.625558E-01,-2.830603E-09
1664340374
+5.728383E-01,-2.487302E-09
1664340386
+5.830022E-01,-2.891494E-09
1664340399
+5.932871E-01,-3.205692E-09
1664340411
+6.034818E-01,-2.580173E-09
1664340424
+6.137757E-01,-2.473093E-09
1664340436
+6.240563E-01,-2.759985E-09
1664340449
+6.343958E-01,-2.607487E-09
1664340462
+6.446649E-01,-2.703047E-09
1664340474
+6.549295E-01,-2.450007E-09
1664340487
+6.651298E-01,-2.171833E-09
1664340499
+6.752678E-01,-2.164168E-09
1664340512
+6.821950E-01,-2.012219E-09
1664340524
+6.925169E-01,-2.534915E-09
1664340537
+7.026293E-01,-2.269988E-09
1664340550
+7.128564E-01,-2.067763E-09
1664340562
+7.231111E-01,-2.418454E-09
1664340575
+7.334389E-01,-1.771148E-09
1664340587
+7.437015E-01,-1.956027E-09
1664340600
+7.538555E-01,-2.094599E-09
1664340612
+7.641543E-01,-1.582184E-09
1664340625
+7.744634E-01,-1.967362E-09
1664340638
+7.846501E-01,-1.854948E-09
1664340650
+7.948945E-01,-2.018330E-09
1664340663
+8.051502E-01,-2.195376E-09
1664340675
+8.153950E-01,-1.530402E-09
1664340688
+8.256678E-01,-2.201726E-09
1664340700
+8.324983E-01,-1.936635E-09
1664340713
+8.427088E-01,-2.081678E-09
1664340726
+8.528712E-01,-2.652373E-09
1664340738
+8.631192E-01,-2.284532E-09
1664340751
+8.733821E-01,-1.667198E-09
1664340763
+8.835511E-01,-1.881567E-09
1664340776
+8.938200E-01,-2.148535E-09
1664340789
+9.040667E-01,-1.764344E-09
1664340801
+9.143260E-01,-1.779216E-09
1664340814
+9.245704E-01,-1.738727E-09
1664340826
+9.347311E-01,-1.766324E-09
1664340839
+9.450063E-01,-1.248917E-09
1664340851
+9.552746E-01,-1.522382E-09
1664340864
+9.655482E-01,-1.571388E-09
1664340877
+9.723561E-01,-1.307556E-09
1664340889
+9.825199E-01,-1.819470E-09
1664340902
+9.927592E-01,-1.554805E-09
1664340914
+1.003055E+00,-1.467997E-09
1664340927
+1.013254E+00,-1.489321E-09
1664340939
+1.023491E+00,-1.785256E-09
1664340952
+1.033740E+00,-1.059815E-09
1664340965
+1.043989E+00,-1.471522E-09
1664340977
+1.054195E+00,-1.962724E-09
1664340990
+1.064655E+00,-1.289498E-09
1664341002
+1.074917E+00,-8.580860E-10
1664341015
+1.085155E+00,-1.562631E-09
1664341027
+1.095469E+00,-1.837363E-09
1664341040
+1.105698E+00,-1.396405E-09
1664341053
+1.112546E+00,-1.372740E-09
1664341065
+1.122867E+00,-1.524165E-09
1664341078
+1.133096E+00,-1.658080E-09
1664341090
+1.143246E+00,-1.359449E-09
1664341103
+1.153406E+00,-1.581891E-09
1664341116
+1.163678E+00,-1.291129E-09
1664341128
+1.173978E+00,-1.213570E-09
1664341141
+1.184165E+00,-1.675464E-09
1664341153
+1.194344E+00,-1.107124E-09
1664341166
+1.204762E+00,-1.430971E-09
1664341178
+1.214964E+00,-1.033925E-09
1664341191
+1.225190E+00,-8.297051E-10
1664341204
+1.235527E+00,-1.084031E-09
1664341216
+1.245700E+00,-1.363870E-09
1664341229
+1.252453E+00,-6.677646E-10
1664341241
+1.262659E+00,-1.159331E-09
1664341254
+1.272940E+00,-9.494801E-10
1664341266
+1.283072E+00,-9.081499E-10
1664341279
+1.293316E+00,-1.518322E-09
1664341292
+1.303505E+00,-1.103329E-09
1664341304
+1.313814E+00,-5.655174E-10
1664341317
+1.324018E+00,+1.015661E-08
1664341329
+1.334255E+00,-5.802032E-10
1664341342
+1.344497E+00,-8.795519E-10
1664341354
+1.354782E+00,-1.126153E-09
1664341367
+1.364982E+00,-9.878260E-10
1664341380
+1.375234E+00,-3.701709E-10
1664341392
+1.385549E+00,-7.927518E-10
1664341405
+1.395852E+00,-1.060696E-09
1664341417
+1.402642E+00,-1.145580E-09
1664341430
+1.412850E+00,-7.031613E-10
1664341442
+1.423110E+00,-1.056809E-09
1664341455
+1.433291E+00,-9.350968E-10
1664341468
+1.443487E+00,-1.564009E-09
1664341480
+1.453726E+00,-8.406964E-10
1664341493
+1.463947E+00,-6.273013E-10
1664341505
+1.474159E+00,-1.222866E-09
1664341518
+1.484375E+00,-5.354014E-10
1664341531
+1.494755E+00,-9.433145E-10
1664341543
+1.505106E+00,-1.085731E-09
1664341556
+1.515318E+00,-5.185057E-10
1664341568
+1.525556E+00,-8.049713E-10
1664341581
+1.535805E+00,-9.369449E-10
1664341593
+1.542688E+00,-6.667955E-10
1664341606
+1.552898E+00,-7.949656E-10
1664341619
+1.563187E+00,-8.447793E-10
1664341631
+1.573356E+00,-1.026713E-09
1664341644
+1.583544E+00,-8.517946E-10
1664341656
+1.593867E+00,-5.844460E-10
1664341669
+1.604201E+00,-2.607277E-11
1664341681
+1.614482E+00,-6.695962E-10
1664341694
+1.624680E+00,-8.299044E-10
1664341707
+1.634966E+00,-1.004061E-09
1664341719
+1.645126E+00,-8.664099E-10
1664341732
+1.655369E+00,-3.649209E-10
1664341744
+1.665537E+00,-1.636937E-10
1664341757
+1.675769E+00,-6.679287E-10
1664341769
+1.682647E+00,-5.249782E-10
1664341782
+1.692919E+00,+2.818111E-10
1664341795
+1.703132E+00,-3.707287E-10
1664341807
+1.713249E+00,+3.342510E-10
1664341820
+1.723502E+00,+7.134861E-10
1664341832
+1.733726E+00,+7.557555E-10
1664341845
+1.743917E+00,+8.851542E-10
1664341857
+1.754154E+00,+1.501380E-09
1664341870
+1.764459E+00,+1.828893E-09
1664341883
+1.774748E+00,+2.865768E-09
1664341895
+1.784994E+00,+3.660485E-09
1664341908
+1.795152E+00,+4.184461E-09
1664341920
+1.805371E+00,+5.790401E-09
1664341933
+1.815649E+00,+6.879196E-09
1664341946
+1.825914E+00,+9.086839E-09
1664341958
+1.832743E+00,+1.050489E-08
1664341971
+1.842988E+00,+1.253469E-08
1664341983
+1.853294E+00,+1.568914E-08
1664341996
+1.863549E+00,+1.911636E-08
1664342008
+1.873747E+00,+2.354690E-08
1664342021
+1.883975E+00,+2.839264E-08
1664342034
+1.894254E+00,+3.383524E-08
1664342046
+1.904550E+00,+4.101186E-08
1664342059
+1.914713E+00,+4.884070E-08
1664342071
+1.924940E+00,+5.855543E-08
1664342084
+1.935094E+00,+6.964973E-08
1664342096
+1.945353E+00,+8.299579E-08
1664342109
+1.955755E+00,+9.882503E-08
1664342122
+1.965916E+00,+1.167629E-07
1664342134
+1.972795E+00,+1.305974E-07
1664342146
+1.983048E+00,+1.541056E-07
1664342159
+1.993216E+00,+1.823503E-07
1664342172
+2.003508E+00,+2.145094E-07
1664342184
+2.013702E+00,+2.505391E-07
1664342197
+2.023899E+00,+2.936683E-07
1664342209
+2.034091E+00,+3.431701E-07
1664342222
+2.044474E+00,+4.030302E-07
1664342234
+2.054718E+00,+4.703235E-07
1664342247
+2.065047E+00,+5.483104E-07
1664342260
+2.075267E+00,+6.364329E-07
1664342272
+2.085563E+00,+7.430142E-07
1664342285
+2.095816E+00,+8.668161E-07
1664342297
+2.106001E+00,+1.008899E-06
1664342310
+2.112820E+00,+1.115380E-06
1664342322
+2.123123E+00,+1.290767E-06
1664342335
+2.133375E+00,+1.455131E-06
1664342348
+2.143513E+00,+1.578315E-06
1664342360
+2.153731E+00,+1.591211E-06
1664342373
+2.163900E+00,+1.600270E-06
1664342385
+2.174259E+00,+1.609711E-06
1664342398
+2.184465E+00,+1.618681E-06
1664342411
+2.194744E+00,+1.629140E-06
1664342423
+2.204975E+00,+1.638157E-06
1664342436
+2.215194E+00,+1.647989E-06
1664342448
+2.225501E+00,+1.657217E-06
1664342461
+2.235666E+00,+1.666732E-06
1664342473
+2.245844E+00,+1.676775E-06
1664342486
+2.252717E+00,+1.682721E-06
1664342499
+2.263006E+00,+1.692253E-06
1664342511
+2.273217E+00,+1.701703E-06
1664342524
+2.283454E+00,+1.711181E-06
1664342536
+2.293766E+00,+1.720556E-06
1664342549
+2.303961E+00,+1.729673E-06
1664342561
+2.314174E+00,+1.740061E-06
1664342574
+2.324360E+00,+1.748734E-06
1664342587
+2.334620E+00,+1.758782E-06
1664342599
+2.344841E+00,+1.768306E-06
1664342612
+2.355153E+00,+1.778231E-06
1664342624
+2.365448E+00,+1.787267E-06
1664342637
+2.375730E+00,+1.796795E-06
1664342649
+2.386042E+00,+1.806950E-06
1664342662
+2.396268E+00,+1.816047E-06
1664342675
+2.403074E+00,+1.823068E-06
1664342687
+2.413341E+00,+1.832318E-06
1664342700
+2.423596E+00,+1.841589E-06
1664342712
+2.433803E+00,+1.850900E-06
1664342725
+2.444075E+00,+1.860846E-06
1664342737
+2.454287E+00,+1.869959E-06
1664342750
+2.464508E+00,+1.880203E-06
1664342763
+2.474780E+00,+1.889714E-06
1664342775
+2.485101E+00,+1.899632E-06
1664342788
+2.495308E+00,+1.908948E-06
1664342800
+2.505475E+00,+1.918586E-06
1664342813
+2.515763E+00,+1.928091E-06
1664342825
+2.526026E+00,+1.937482E-06
1664342838
+2.536222E+00,+1.947287E-06
1664342851
+2.543079E+00,+1.953689E-06
1664342863
+2.553326E+00,+1.963438E-06
1664342876
+2.563524E+00,+1.973309E-06
1664342888
+2.573751E+00,+1.982612E-06
1664342901
+2.584022E+00,+1.992051E-06
1664342913
+2.594194E+00,+2.001972E-06
1664342926
+2.604430E+00,+2.011411E-06
1664342939
+2.614669E+00,+2.020722E-06
1664342951
+2.624985E+00,+2.030120E-06
1664342964
+2.635160E+00,+2.040171E-06
1664342976
+2.645424E+00,+2.050036E-06
