1664942246
-1.349033E+00,-8.153258E-08
1664942247
-1.308071E+00,-6.369257E-08
1664942249
-1.267115E+00,-6.228036E-08
1664942251
-1.229419E+00,-5.871905E-08
1664942252
-1.188522E+00,-5.473881E-08
1664942254
-1.147587E+00,-5.247212E-08
1664942255
-1.109914E+00,-5.150676E-08
1664942257
-1.068934E+00,-4.552536E-08
1664942258
-1.027827E+00,-4.397019E-08
1664942260
-9.867378E-01,-4.333787E-08
1664942262
-9.492103E-01,-4.190651E-08
1664942263
-9.082313E-01,-3.936013E-08
1664942265
-8.673349E-01,-3.748193E-08
1664942266
-8.297056E-01,-3.366509E-08
1664942268
-7.888210E-01,-3.221872E-08
1664942269
-7.479537E-01,-3.070523E-08
1664942271
-7.070006E-01,-2.765659E-08
1664942273
-6.694154E-01,-2.888330E-08
1664942274
-6.283806E-01,-2.533447E-08
1664942276
-5.872701E-01,-2.014254E-08
1664942277
-5.497373E-01,-2.051100E-08
1664942279
-5.087701E-01,-1.980491E-08
1664942280
-4.677379E-01,-1.843106E-08
1664942282
-4.267657E-01,-1.885289E-08
1664942284
-3.892413E-01,-1.577382E-08
1664942285
-3.482874E-01,-1.302154E-08
1664942287
-3.073269E-01,-1.240131E-08
1664942288
-2.663639E-01,-9.996662E-09
1664942290
-2.287211E-01,-9.972069E-09
1664942291
-1.877240E-01,-9.799090E-09
1664942293
-1.467884E-01,-7.148099E-09
1664942294
-1.092574E-01,-4.925629E-09
1664942296
-6.829853E-02,-6.926346E-09
1664942298
-2.723959E-02,-4.454183E-09
1664942299
+1.301828E-02,-7.294401E-09
1664942301
+5.385134E-02,-6.067693E-09
1664942302
+9.466358E-02,-4.946025E-09
1664942304
+1.322468E-01,-3.056639E-09
1664942305
+1.731624E-01,-3.053273E-09
1664942307
+2.143048E-01,-2.751973E-09
1664942309
+2.519315E-01,-3.395896E-09
1664942310
+2.929231E-01,-1.955005E-09
1664942312
+3.338787E-01,-1.724458E-09
1664942313
+3.747952E-01,+1.621484E-09
1664942315
+4.124059E-01,+5.186735E-10
1664942316
+4.533181E-01,+5.741628E-10
1664942318
+4.943289E-01,+1.295998E-09
1664942320
+5.352829E-01,+3.044437E-09
1664942321
+5.728794E-01,+2.880626E-09
1664942323
+6.138110E-01,+3.973454E-09
1664942324
+6.549119E-01,+2.755602E-09
1664942326
+6.924589E-01,+2.843968E-09
1664942327
+7.334272E-01,+2.087065E-09
1664942329
+7.743894E-01,+3.972204E-09
1664942331
+8.153711E-01,+3.772984E-09
1664942332
+8.529383E-01,+5.331743E-09
1664942334
+8.938807E-01,+4.216009E-09
1664942335
+9.348255E-01,+5.713514E-09
1664942337
+9.724137E-01,+4.629884E-09
1664942338
+1.013367E+00,+3.797156E-09
1664942340
+1.054285E+00,+4.365228E-09
1664942342
+1.095466E+00,+4.835340E-09
1664942343
+1.133069E+00,+4.616546E-09
1664942345
+1.174044E+00,+4.960807E-09
1664942346
+1.215059E+00,+4.445659E-09
1664942348
+1.252636E+00,+3.410381E-09
1664942349
+1.293566E+00,+4.891204E-09
1664942351
+1.334601E+00,+5.756442E-09
1664942352
+1.375445E+00,+4.799507E-09
1664942354
+1.413081E+00,+3.665859E-09
1664942356
+1.453989E+00,+4.115547E-09
1664942357
+1.495089E+00,+4.745750E-09
1664942359
+1.536155E+00,+5.289647E-09
1664942360
+1.573805E+00,+2.799799E-09
1664942362
+1.614783E+00,+4.320632E-09
1664942363
+1.655630E+00,+4.963308E-09
1664942365
+1.693097E+00,+4.451501E-09
1664942367
+1.734056E+00,+5.326740E-09
1664942368
+1.775016E+00,+6.720872E-09
1664942370
+1.815972E+00,+1.807064E-08
1664942371
+1.853572E+00,+3.365158E-08
1664942373
+1.894473E+00,+8.571788E-08
1664942374
+1.935456E+00,+2.046850E-07
1664942376
+1.973075E+00,+4.286563E-07
1664942378
+2.014003E+00,+8.971403E-07
1664942379
+2.055141E+00,+1.576673E-06
1664942381
+2.096055E+00,+1.622708E-06
1664942382
+2.133600E+00,+1.658597E-06
1664942384
+2.174535E+00,+1.694459E-06
1664942385
+2.215468E+00,+1.732471E-06
1664942387
+2.252978E+00,+1.767473E-06
1664942389
+2.293958E+00,+1.804940E-06
1664942390
+2.334942E+00,+1.843807E-06
1664942392
+2.376080E+00,+1.882812E-06
1664942393
+2.413644E+00,+1.917915E-06
1664942395
+2.454655E+00,+1.956201E-06
1664942396
+2.495628E+00,+1.993579E-06
1664942398
+2.536578E+00,+2.029867E-06
1664942400
+2.574032E+00,+2.065814E-06
1664942401
+2.614964E+00,+2.103726E-06
