1668056658
-3.486513E-01,-8.261368E-09
1668056660
-3.281838E-01,-1.565694E-09
1668056661
-3.077162E-01,+5.987630E-10
1668056663
-2.871527E-01,+1.284315E-09
1668056665
-2.666051E-01,+1.282667E-09
1668056666
-2.494511E-01,+8.129685E-10
1668056668
-2.290135E-01,+1.175583E-09
1668056669
-2.084576E-01,+2.124982E-09
1668056671
-1.879667E-01,+2.763068E-09
1668056672
-1.675382E-01,+1.291023E-09
1668056674
-1.470699E-01,+2.569931E-10
1668056676
-1.265597E-01,+2.744748E-09
1668056677
-1.095042E-01,+2.841024E-09
1668056679
-8.906162E-02,+1.586511E-09
1668056680
-6.853651E-02,+4.428943E-09
1668056682
-4.798137E-02,+2.750582E-09
1668056683
-2.744792E-02,+2.077009E-09
1668056685
-6.902072E-03,+2.792254E-09
1668056687
+1.280794E-02,-1.623387E-10
1668056688
+3.326349E-02,-4.646574E-11
1668056690
+5.359727E-02,+1.390640E-09
1668056691
+7.399610E-02,-2.152915E-10
1668056693
+9.445503E-02,+4.916118E-10
1668056694
+1.114056E-01,+2.069571E-09
1668056696
+1.319837E-01,+5.866678E-10
1668056698
+1.523992E-01,-1.914868E-10
1668056699
+1.728964E-01,-4.737069E-10
1668056701
+1.934812E-01,+1.068445E-09
1668056702
+2.140794E-01,-9.033602E-10
1668056704
+2.346133E-01,+1.630264E-09
1668056705
+2.517531E-01,+1.404352E-09
1668056707
+2.722754E-01,-1.481407E-10
1668056709
+2.927743E-01,+9.125969E-10
1668056710
+3.133116E-01,+5.966453E-10
1668056712
+3.337730E-01,+7.075297E-10
1668056713
+3.542068E-01,+9.388359E-10
1668056715
+3.746706E-01,-5.807476E-10
1668056716
+3.951071E-01,+1.123702E-10
1668056718
+4.121793E-01,+1.173060E-09
1668056720
+4.327257E-01,+1.804883E-09
1668056721
+4.531863E-01,+8.875702E-10
1668056723
+4.736794E-01,+1.631932E-09
1668056724
+4.941032E-01,+8.871172E-10
1668056726
+5.145596E-01,+1.676125E-09
1668056727
+5.350409E-01,-8.650579E-10
1668056729
+5.520713E-01,-2.402492E-10
1668056730
+5.726229E-01,+1.566063E-09
1668056732
+5.931094E-01,+8.717004E-10
1668056734
+6.136391E-01,+1.396459E-09
1668056735
+6.342289E-01,+3.828366E-10
1668056737
+6.547555E-01,+1.348118E-09
1668056738
+6.751642E-01,+1.067619E-09
1668056740
+6.922349E-01,+1.003844E-09
1668056741
+7.126338E-01,+7.762896E-10
1668056743
+7.331910E-01,+3.828634E-10
1668056745
+7.537323E-01,+1.623604E-09
1668056746
+7.742119E-01,+1.536495E-09
1668056748
+7.946724E-01,-5.283030E-10
1668056749
+8.151380E-01,+2.757250E-09
1668056751
+8.322356E-01,+1.461897E-09
1668056752
+8.526776E-01,+1.239314E-09
1668056754
+8.731716E-01,+2.951885E-09
1668056756
+8.936204E-01,+2.645138E-09
1668056757
+9.141136E-01,+3.087756E-09
1668056759
+9.346274E-01,+2.520495E-09
1668056760
+9.551157E-01,+1.748234E-09
1668056762
+9.721989E-01,+4.169952E-10
1668056763
+9.926733E-01,+2.878529E-09
1668056765
+1.013050E+00,+2.259604E-09
1668056767
+1.033540E+00,+2.456340E-09
1668056768
+1.054062E+00,+4.719854E-09
1668056770
+1.074768E+00,+1.785716E-09
1668056771
+1.095284E+00,+8.796140E-10
1668056773
+1.112445E+00,+2.620533E-09
1668056774
+1.132888E+00,+7.112617E-10
1668056776
+1.153360E+00,+1.441856E-09
1668056778
+1.173936E+00,+1.431468E-09
1668056779
+1.194396E+00,+1.869487E-09
1668056781
+1.214903E+00,+1.756959E-09
1668056782
+1.235365E+00,+3.048529E-09
1668056784
+1.252436E+00,+2.810181E-09
1668056785
+1.272884E+00,+1.501065E-09
1668056787
+1.293394E+00,+9.905191E-10
1668056788
+1.313875E+00,+2.436749E-09
1668056790
+1.334334E+00,+2.517175E-09
1668056792
+1.354872E+00,+2.035390E-09
1668056793
+1.375306E+00,+2.035393E-09
1668056795
+1.395867E+00,+1.947863E-09
1668056796
+1.412977E+00,+2.437976E-09
1668056798
+1.433455E+00,+1.308873E-09
1668056799
+1.453936E+00,+1.397278E-09
1668056801
+1.474254E+00,+1.661960E-09
1668056803
+1.494820E+00,+1.283081E-09
1668056804
+1.515389E+00,-9.646232E-10
1668056806
+1.535892E+00,+2.026224E-09
1668056807
+1.552984E+00,+1.033454E-09
1668056809
+1.573509E+00,+3.196531E-09
1668056810
+1.593995E+00,+3.149422E-09
1668056812
+1.614565E+00,+2.755167E-09
1668056814
+1.635048E+00,+1.610266E-09
