1669301580
-4.013109E-01,+1.544258E-10
1669301590
-4.012859E-01,-9.980582E-11
1669301600
-4.012241E-01,-2.640076E-10
1669301610
-4.012726E-01,+7.358743E-10
1669301621
-4.012542E-01,+2.661386E-10
1669301631
-4.013309E-01,+4.145523E-10
1669301641
-4.012150E-01,+6.716491E-10
1669301652
-4.011574E-01,+8.709201E-10
1669301662
-4.012275E-01,-3.811207E-10
1669301672
-4.013592E-01,+2.173798E-09
1669301682
-4.013158E-01,+1.821169E-09
1669301693
-4.013126E-01,+7.100436E-10
1669301703
-4.013100E-01,+1.751182E-09
1669301713
-4.013558E-01,+1.516106E-09
1669301723
-4.012842E-01,+8.934030E-10
1669301734
-4.012985E-01,+1.600702E-09
1669301744
-4.012817E-01,+7.283879E-10
1669301754
-4.012117E-01,+1.276871E-09
1669301765
-4.013342E-01,+1.313510E-09
1669301775
-4.013067E-01,+2.191292E-09
1669301785
-4.013602E-01,+5.987558E-10
1669301795
-4.013526E-01,+9.130144E-10
1669301806
-4.012451E-01,+2.019718E-10
1669301816
-4.013409E-01,+1.719924E-09
1669301826
-4.013694E-01,+2.186492E-10
1669301837
-4.014144E-01,+1.118442E-09
1669301847
-4.013067E-01,+2.049591E-09
1669301857
-4.013218E-01,+1.394810E-09
1669301867
-4.013008E-01,+1.132243E-09
1669301878
-4.012501E-01,+7.967285E-10
1669301888
-4.012441E-01,+7.629684E-10
1669301898
-4.012942E-01,+6.275147E-10
1669301909
-4.012582E-01,-1.072924E-10
1669301919
-4.013076E-01,+1.318974E-09
1669301929
-4.013217E-01,+3.973945E-10
1669301939
-4.012223E-01,+1.774104E-09
1669301950
-4.012408E-01,+8.038166E-10
1669301960
-4.012867E-01,-6.632938E-10
1669301970
-4.012833E-01,-1.169036E-10
1669301981
-4.012166E-01,+1.118082E-09
1669301991
-4.012217E-01,+1.902050E-09
1669302001
-4.012383E-01,+1.897023E-09
1669302011
-4.013075E-01,+9.683930E-10
1669302022
-4.012976E-01,-1.430229E-09
1669302032
-4.012200E-01,+1.494021E-09
1669302042
-4.012276E-01,+1.277703E-09
1669302052
-4.013067E-01,+1.254379E-09
1669302063
-4.012257E-01,+1.373562E-09
1669302073
-4.012091E-01,+3.180725E-09
1669302083
-4.012099E-01,+1.302298E-09
1669302093
-4.012332E-01,+1.819869E-09
1669302104
-4.012416E-01,+9.951061E-10
1669302114
-4.012399E-01,+1.816197E-09
1669302124
-4.011466E-01,+2.608903E-09
1669302135
-4.012500E-01,+2.438872E-09
1669302145
-4.012767E-01,+6.646111E-10
1669302155
-4.012425E-01,+6.633656E-10
1669302165
-4.013200E-01,+1.287288E-09
1669302176
-4.012882E-01,+6.896080E-10
1669302186
-4.012966E-01,+1.407754E-09
1669302196
-4.012625E-01,+3.795105E-10
1669302207
-4.012591E-01,+7.509074E-10
1669302217
-4.012842E-01,+7.050506E-10
1669302227
-4.012466E-01,-3.644815E-10
1669302237
-4.012876E-01,+6.642072E-10
1669302248
-4.011974E-01,+2.440073E-11
1669302258
-4.012584E-01,+1.169349E-09
1669302268
-4.012568E-01,-8.438347E-11
1669302279
-4.011983E-01,+1.700716E-09
1669302289
-4.013192E-01,-5.815598E-11
1669302299
-4.013909E-01,+2.084994E-09
1669302309
-4.013335E-01,+1.667383E-09
1669302320
-4.012876E-01,+1.099302E-09
