1668398879
-3.487904E-01,-1.694648E-06
1668398881
-3.282613E-01,-1.675199E-06
1668398882
-3.077436E-01,-1.663656E-06
1668398884
-2.873361E-01,-1.649171E-06
1668398885
-2.667826E-01,-1.632649E-06
1668398887
-2.496411E-01,-1.619185E-06
1668398888
-2.291744E-01,-1.604880E-06
1668398890
-2.086509E-01,-1.586449E-06
1668398892
-1.881626E-01,-1.549921E-06
1668398893
-1.676491E-01,-1.518703E-06
1668398895
-1.472016E-01,-1.480823E-06
1668398896
-1.267207E-01,-1.445632E-06
1668398898
-1.096543E-01,-1.417099E-06
1668398899
-8.914750E-02,-1.387288E-06
1668398901
-6.856234E-02,-1.357257E-06
1668398903
-4.804141E-02,-1.318308E-06
1668398904
-2.749463E-02,-1.282783E-06
1668398906
-7.000476E-03,-1.250767E-06
1668398907
+1.289799E-02,-1.224611E-06
1668398909
+3.328433E-02,-1.191386E-06
1668398910
+5.368399E-02,-1.157085E-06
1668398912
+7.406280E-02,-1.123840E-06
1668398914
+9.445582E-02,-1.099999E-06
1668398915
+1.114689E-01,-1.063224E-06
1668398917
+1.320553E-01,-1.030803E-06
1668398918
+1.524783E-01,-9.991654E-07
1668398920
+1.729472E-01,-9.679882E-07
1668398921
+1.935187E-01,-9.433885E-07
1668398923
+2.141301E-01,-9.087051E-07
1668398925
+2.347024E-01,-8.765412E-07
1668398926
+2.517772E-01,-8.630157E-07
1668398928
+2.722052E-01,-8.352841E-07
1668398929
+2.926882E-01,-8.101094E-07
1668398931
+3.131863E-01,-7.857839E-07
1668398932
+3.336928E-01,-7.581536E-07
1668398934
+3.541725E-01,-7.328109E-07
1668398936
+3.746105E-01,-7.131895E-07
1668398937
+3.951461E-01,-6.892485E-07
1668398939
+4.122050E-01,-6.693036E-07
1668398940
+4.327163E-01,-6.490323E-07
1668398942
+4.532003E-01,-6.323306E-07
1668398943
+4.736900E-01,-6.050448E-07
1668398945
+4.941072E-01,-5.851292E-07
1668398947
+5.146227E-01,-5.663781E-07
1668398948
+5.351783E-01,-5.495512E-07
1668398950
+5.522407E-01,-5.366358E-07
1668398951
+5.726654E-01,-5.151042E-07
1668398953
+5.931468E-01,-4.987929E-07
1668398954
+6.136848E-01,-4.812164E-07
1668398956
+6.342552E-01,-4.635736E-07
1668398957
+6.546441E-01,-4.445192E-07
1668398959
+6.751524E-01,-4.274489E-07
1668398961
+6.922622E-01,-4.126369E-07
1668398962
+7.127427E-01,-3.999544E-07
1668398964
+7.332908E-01,-3.833691E-07
1668398965
+7.537230E-01,-3.711413E-07
1668398967
+7.742043E-01,-3.552968E-07
1668398968
+7.946633E-01,-3.401917E-07
1668398970
+8.151079E-01,-3.229484E-07
1668398972
+8.322034E-01,-3.133582E-07
1668398973
+8.526216E-01,-3.000709E-07
1668398975
+8.731555E-01,-2.855181E-07
1668398976
+8.936234E-01,-2.761450E-07
1668398978
+9.141706E-01,-2.645929E-07
1668398979
+9.346037E-01,-2.512940E-07
1668398981
+9.551769E-01,-2.407789E-07
1668398983
+9.722059E-01,-2.289246E-07
1668398984
+9.926764E-01,-2.167456E-07
1668398986
+1.013103E+00,-2.071775E-07
1668398987
+1.033575E+00,-1.965495E-07
1668398989
+1.054015E+00,-1.852187E-07
1668398990
+1.074722E+00,-1.743814E-07
1668398992
+1.095248E+00,-1.634103E-07
1668398994
+1.112364E+00,-1.551019E-07
1668398995
+1.132880E+00,-1.467972E-07
1668398997
+1.153320E+00,-1.354281E-07
1668398998
+1.173900E+00,-1.278936E-07
1668399000
+1.194348E+00,-1.210570E-07
1668399001
+1.214892E+00,-1.126669E-07
1668399003
+1.235393E+00,-1.044109E-07
1668399005
+1.252412E+00,-9.736962E-08
1668399006
+1.272849E+00,-9.006529E-08
1668399008
+1.293383E+00,-8.428945E-08
1668399009
+1.313872E+00,-7.441128E-08
1668399011
+1.334302E+00,-6.966287E-08
1668399012
+1.354780E+00,-6.374612E-08
1668399014
+1.375331E+00,-5.778022E-08
1668399016
+1.395821E+00,-5.231072E-08
1668399017
+1.412874E+00,-4.731599E-08
1668399019
+1.433343E+00,-4.206158E-08
1668399020
+1.453794E+00,-3.755285E-08
1668399022
+1.474270E+00,-3.355889E-08
1668399023
+1.494822E+00,-2.758340E-08
1668399025
+1.515429E+00,-2.424301E-08
1668399026
+1.535895E+00,-1.802783E-08
1668399028
+1.552981E+00,-1.566739E-08
1668399030
+1.573481E+00,-1.008035E-08
1668399031
+1.593965E+00,-7.644892E-09
1668399033
+1.614472E+00,-7.887450E-10
1668399034
+1.634966E+00,+4.988673E-09
