1669368271
+2.600755E+00,+1.111309E-07
1669368281
+2.600875E+00,+1.104187E-07
1669368292
+2.600804E+00,+1.099452E-07
1669368302
+2.600853E+00,+1.081589E-07
1669368312
+2.600842E+00,+1.077429E-07
1669368322
+2.600861E+00,+1.088290E-07
1669368333
+2.600827E+00,+1.106391E-07
1669368343
+2.600690E+00,+1.202602E-07
1669368353
+2.600848E+00,+1.137366E-07
1669368364
+2.600813E+00,+1.127685E-07
1669368374
+2.600844E+00,+1.102269E-07
1669368384
+2.600856E+00,+1.089695E-07
1669368394
+2.600848E+00,+1.088782E-07
1669368405
+2.600893E+00,+1.077671E-07
1669368415
+2.600817E+00,+1.072807E-07
1669368425
+2.600870E+00,+1.076212E-07
1669368436
+2.600751E+00,+1.070585E-07
1669368446
+2.600757E+00,+1.081659E-07
1669368456
+2.600752E+00,+1.071856E-07
1669368466
+2.600756E+00,+1.075466E-07
1669368477
+2.600794E+00,+1.080500E-07
1669368487
+2.600790E+00,+1.075374E-07
1669368497
+2.600772E+00,+1.073024E-07
1669368508
+2.600802E+00,+1.095526E-07
1669368518
+2.600797E+00,+1.093100E-07
1669368528
+2.600782E+00,+1.086490E-07
1669368538
+2.600796E+00,+1.103645E-07
1669368549
+2.600789E+00,+1.081264E-07
1669368559
+2.600782E+00,+1.075833E-07
1669368569
+2.600805E+00,+1.070969E-07
1669368579
+2.600827E+00,+1.063354E-07
1669368590
+2.600740E+00,+1.080251E-07
1669368600
+2.600772E+00,+1.078479E-07
1669368610
+2.600783E+00,+1.078033E-07
1669368620
+2.600728E+00,+1.071606E-07
1669368631
+2.600767E+00,+1.076616E-07
1669368641
+2.600794E+00,+1.085886E-07
1669368651
+2.600827E+00,+1.077441E-07
1669368662
+2.600790E+00,+1.076254E-07
1669368672
+2.600885E+00,+1.072978E-07
1669368682
+2.600817E+00,+1.065338E-07
1669368692
+2.600794E+00,+1.213500E-07
1669368703
+2.600805E+00,+1.143456E-07
1669368713
+2.600755E+00,+1.272221E-07
1669368723
+2.600894E+00,+1.166183E-07
1669368734
+2.600899E+00,+1.124680E-07
1669368744
+2.600838E+00,+1.112947E-07
1669368754
+2.600821E+00,+1.250502E-07
1669368764
+2.600817E+00,+1.152771E-07
1669368775
+2.600848E+00,+1.118257E-07
1669368785
+2.600868E+00,+1.102303E-07
1669368795
+2.600866E+00,+1.065596E-07
1669368806
+2.600836E+00,+8.815410E-08
1669368816
+2.600860E+00,+8.566588E-08
1669368826
+2.600804E+00,+8.914229E-08
1669368836
+2.600809E+00,+8.810824E-08
1669368847
+2.600879E+00,+8.893013E-08
1669368857
+2.600897E+00,+8.947902E-08
1669368867
+2.600855E+00,+8.936649E-08
1669368878
+2.600839E+00,+8.893181E-08
1669368888
+2.600821E+00,+8.969953E-08
1669368898
+2.600806E+00,+8.910687E-08
1669368908
+2.600907E+00,+8.913187E-08
1669368919
+2.600841E+00,+8.909350E-08
1669368929
+2.600854E+00,+6.812473E-08
1669368939
+2.600856E+00,+6.856485E-08
1669368950
+2.600844E+00,+6.901833E-08
1669368960
+2.600812E+00,+7.589232E-08
1669368970
+2.600825E+00,+7.606404E-08
1669368981
+2.600779E+00,+7.898235E-08
1669368991
+2.600807E+00,+7.978884E-08
1669369001
+2.600746E+00,+8.184444E-08
1669369011
+2.600871E+00,+8.014394E-08
1669369022
+2.600842E+00,+7.733983E-08
1669369032
+2.600780E+00,+7.825759E-08
1669369042
+2.600739E+00,+7.869811E-08
1669369053
+2.600793E+00,+7.946873E-08
1669369063
+2.600783E+00,+7.928618E-08
1669369073
+2.600798E+00,+7.975633E-08
1669369084
+2.600735E+00,+7.867892E-08
1669369094
+2.600733E+00,+7.843844E-08
1669369104
+2.600770E+00,+7.850429E-08
1669369114
+2.600770E+00,+7.687468E-08
1669369125
+2.600920E+00,+7.944165E-08
1669369135
+2.600848E+00,+7.787912E-08
1669369145
+2.600873E+00,+8.074910E-08
1669369156
+2.600862E+00,+8.467855E-08
1669369166
+2.600890E+00,+8.528956E-08
1669369176
+2.600883E+00,+8.512450E-08
1669369186
+2.600819E+00,+8.379748E-08
1669369196
+2.600826E+00,+8.285096E-08
1669369207
+2.600792E+00,+7.513422E-08
1669369217
+2.600741E+00,+7.964589E-08
1669369227
+2.600684E+00,+9.456380E-08
1669369238
+2.600742E+00,+9.339011E-08
1669369248
+2.600770E+00,+9.368689E-08
1669369258
+2.600707E+00,+9.264620E-08
1669369269
+2.600690E+00,+9.269287E-08
1669369279
+2.600799E+00,+9.347890E-08
1669369289
+2.600872E+00,+9.363232E-08
1669369299
+2.600859E+00,+9.364524E-08
1669369310
+2.600869E+00,+9.028843E-08
1669369320
+2.600785E+00,+8.719675E-08
1669369330
+2.600780E+00,+6.966935E-08
1669369341
+2.600925E+00,+8.117962E-08
1669369351
+2.600732E+00,+8.392830E-08
1669369361
+2.600786E+00,+8.406960E-08
1669369372
+2.600705E+00,+8.091078E-08
1669369382
+2.600746E+00,+8.122715E-08
1669369392
+2.600633E+00,+7.853303E-08
1669369402
+2.600785E+00,+8.217699E-08
1669369412
+2.600744E+00,+8.894970E-08
1669369423
+2.600724E+00,+8.648524E-08
1669369433
+2.600692E+00,+8.913807E-08
1669369443
+2.600699E+00,+8.483480E-08
1669369454
+2.600697E+00,+8.760055E-08
1669369464
+2.600703E+00,+8.646943E-08
