1669025521
-4.000254E-01,-1.956876E-08
1669025531
-3.999486E-01,-2.226515E-08
1669025541
-4.000718E-01,-2.481605E-08
1669025551
-3.999544E-01,-2.908386E-08
1669025561
-3.999892E-01,-3.182024E-08
1669025571
-4.000628E-01,-3.413817E-08
1669025582
-3.999918E-01,-3.695877E-08
1669025592
-4.001151E-01,-3.829966E-08
1669025602
-4.000608E-01,-3.991106E-08
1669025612
-4.000257E-01,-4.333104E-08
1669025622
-3.999666E-01,-4.536053E-08
1669025633
-3.999907E-01,-5.003720E-08
1669025643
-4.000049E-01,-4.999386E-08
1669025653
-4.000040E-01,-5.598892E-08
1669025664
-4.000516E-01,-5.676254E-08
1669025674
-3.999664E-01,-5.876158E-08
1669025684
-4.001090E-01,-6.026335E-08
1669025694
-4.001140E-01,-6.274884E-08
1669025705
-4.000237E-01,-6.609625E-08
1669025715
-3.999888E-01,-6.771811E-08
1669025725
-3.999787E-01,-7.142109E-08
1669025735
-3.999963E-01,-7.552008E-08
1669025745
-4.000488E-01,-7.831440E-08
1669025756
-4.000455E-01,-8.194154E-08
1669025766
-4.000555E-01,-8.472004E-08
1669025776
-4.000247E-01,-8.710008E-08
1669025786
-4.000030E-01,-9.016159E-08
1669025797
-4.000562E-01,-9.297965E-08
1669025807
-3.999970E-01,-9.186342E-08
1669025817
-3.999453E-01,-9.767592E-08
1669025827
-3.999952E-01,-9.964368E-08
1669025837
-4.001195E-01,-1.042057E-07
1669025848
-4.001228E-01,-1.091471E-07
1669025858
-4.001345E-01,-1.089483E-07
1669025868
-4.000870E-01,-1.126138E-07
1669025879
-4.000970E-01,-1.145074E-07
1669025889
-4.000795E-01,-1.177202E-07
1669025899
-4.001145E-01,-1.194483E-07
1669025909
-3.999927E-01,-1.237657E-07
1669025920
-3.999784E-01,-1.258360E-07
1669025930
-4.000252E-01,-1.289300E-07
1669025940
-4.001278E-01,-1.321566E-07
1669025951
-4.000769E-01,-1.337051E-07
1669025961
-4.000601E-01,-1.359208E-07
1669025971
-4.000417E-01,-1.399547E-07
1669025981
-4.001428E-01,-1.432414E-07
1669025992
-4.000768E-01,-1.412377E-07
1669026002
-4.001019E-01,-1.481923E-07
1669026012
-4.001211E-01,-1.495795E-07
1669026023
-4.001611E-01,-1.480785E-07
1669026033
-4.001269E-01,-1.539731E-07
1669026043
-4.001853E-01,-1.575994E-07
1669026053
-4.001694E-01,-1.624954E-07
1669026064
-4.001427E-01,-1.620623E-07
1669026074
-4.000517E-01,-1.639737E-07
1669026084
-4.000150E-01,-1.696883E-07
1669026094
-4.001384E-01,-1.724097E-07
1669026105
-4.001718E-01,-1.747472E-07
1669026115
-4.001059E-01,-1.769588E-07
1669026125
-4.001000E-01,-1.796164E-07
1669026136
-4.001452E-01,-1.786040E-07
1669026146
-4.000911E-01,-1.814822E-07
1669026156
-4.001093E-01,-1.842660E-07
1669026166
-4.001762E-01,-1.856670E-07
1669026177
-4.001694E-01,-1.900681E-07
1669026187
1669026197
1669026208
