1668404137
-3.491199E-01,-3.199593E-06
1668404138
-3.286132E-01,-3.171418E-06
1668404140
-3.082017E-01,-3.151683E-06
1668404141
-2.877294E-01,-3.134879E-06
1668404143
-2.671093E-01,-3.115383E-06
1668404144
-2.499655E-01,-3.100354E-06
1668404146
-2.295189E-01,-3.082035E-06
1668404148
-2.090281E-01,-3.063545E-06
1668404149
-1.885608E-01,-3.043929E-06
1668404151
-1.680542E-01,-3.026044E-06
1668404152
-1.475801E-01,-3.005256E-06
1668404154
-1.270760E-01,-2.986526E-06
1668404155
-1.099896E-01,-2.972960E-06
1668404157
-8.957141E-02,-2.952736E-06
1668404158
-6.908400E-02,-2.936022E-06
1668404160
-4.852817E-02,-2.916432E-06
1668404162
-2.794234E-02,-2.897508E-06
1668404163
-7.442464E-03,-2.879940E-06
1668404165
+1.305295E-02,-2.865516E-06
1668404166
+3.352751E-02,-2.845946E-06
1668404168
+5.388534E-02,-2.828506E-06
1668404169
+7.426232E-02,-2.809176E-06
1668404171
+9.471353E-02,-2.793006E-06
1668404173
+1.116856E-01,-2.777022E-06
1668404174
+1.322969E-01,-2.757797E-06
1668404176
+1.527673E-01,-2.739672E-06
1668404177
+1.732111E-01,-2.723136E-06
1668404179
+1.937732E-01,-2.703326E-06
1668404180
+2.143645E-01,-2.683862E-06
1668404182
+2.348991E-01,-2.666581E-06
1668404184
+2.519221E-01,-2.648900E-06
1668404185
+2.724251E-01,-2.629750E-06
1668404187
+2.928920E-01,-2.612071E-06
1668404188
+3.133850E-01,-2.595997E-06
1668404190
+3.339271E-01,-2.575955E-06
1668404191
+3.544300E-01,-2.557293E-06
1668404193
+3.748328E-01,-2.538549E-06
1668404195
+3.953117E-01,-2.520027E-06
1668404196
+4.123496E-01,-2.505235E-06
1668404198
+4.328542E-01,-2.489099E-06
1668404199
+4.533329E-01,-2.468841E-06
1668404201
+4.738243E-01,-2.450710E-06
1668404202
+4.942922E-01,-2.428219E-06
1668404204
+5.148391E-01,-2.412207E-06
1668404206
+5.352588E-01,-2.395308E-06
1668404207
+5.523817E-01,-2.379649E-06
1668404209
+5.728622E-01,-2.361074E-06
1668404210
+5.932942E-01,-2.342910E-06
1668404212
+6.137795E-01,-2.325357E-06
1668404213
+6.343651E-01,-2.306315E-06
1668404215
+6.548539E-01,-2.287714E-06
1668404216
+6.753077E-01,-2.271099E-06
1668404218
+6.923866E-01,-2.254635E-06
1668404220
+7.129129E-01,-2.235471E-06
1668404221
+7.335027E-01,-2.217337E-06
1668404223
+7.540122E-01,-2.200124E-06
1668404224
+7.744658E-01,-2.182301E-06
1668404226
+7.949152E-01,-2.165079E-06
1668404227
+8.153476E-01,-2.145979E-06
1668404229
+8.323566E-01,-2.130223E-06
1668404231
+8.528749E-01,-2.113226E-06
1668404232
+8.733329E-01,-2.092634E-06
1668404234
+8.938002E-01,-2.074590E-06
1668404235
+9.143192E-01,-2.056599E-06
1668404237
+9.347746E-01,-2.040130E-06
1668404238
+9.553032E-01,-2.022983E-06
1668404240
+9.724186E-01,-2.005548E-06
1668404242
+9.928830E-01,-1.986571E-06
1668404243
+1.013301E+00,-1.968202E-06
1668404245
+1.033738E+00,-1.951554E-06
1668404246
+1.054209E+00,-1.931145E-06
1668404248
+1.074948E+00,-1.916442E-06
1668404249
+1.095457E+00,-1.898329E-06
1668404251
+1.112478E+00,-1.883108E-06
1668404253
+1.132996E+00,-1.864318E-06
1668404254
+1.153481E+00,-1.845942E-06
1668404256
+1.174005E+00,-1.827930E-06
1668404257
+1.194464E+00,-1.810408E-06
1668404259
+1.215029E+00,-1.788686E-06
1668404260
+1.235471E+00,-1.770899E-06
1668404262
+1.252573E+00,-1.757525E-06
1668404264
+1.273002E+00,-1.739173E-06
1668404265
+1.293478E+00,-1.720346E-06
1668404267
+1.313969E+00,-1.702713E-06
1668404268
+1.334491E+00,-1.683562E-06
1668404270
+1.354916E+00,-1.666152E-06
1668404271
+1.375418E+00,-1.649019E-06
1668404273
+1.395967E+00,-1.630395E-06
1668404275
+1.413004E+00,-1.615718E-06
1668404276
+1.433566E+00,-1.597051E-06
1668404278
+1.453976E+00,-1.529262E-06
1668404279
+1.474375E+00,-1.414245E-06
1668404281
+1.494950E+00,-1.263070E-06
1668404282
+1.515497E+00,-1.071208E-06
1668404284
+1.536034E+00,-8.776658E-07
1668404285
+1.553134E+00,-7.180208E-07
1668404287
+1.573644E+00,-5.255539E-07
1668404289
+1.594085E+00,-3.339952E-07
1668404290
+1.614704E+00,-1.423700E-07
1668404292
+1.635147E+00,+4.795134E-08
