1666233782
-5.977719E-01,-6.081888E-08
1666233783
-5.978022E-01,-6.036207E-08
1666233784
-5.977826E-01,-5.892692E-08
1666233785
-5.977968E-01,-5.902738E-08
1666233786
-5.978218E-01,-5.812246E-08
1666233788
-5.977935E-01,-5.828711E-08
1666233789
-5.977750E-01,-6.025365E-08
1666233790
-5.977635E-01,-5.646562E-08
1666233792
-5.977710E-01,-5.918745E-08
1666233793
-5.977443E-01,-5.607590E-08
1666233794
-5.977651E-01,-5.894359E-08
1666233795
-5.977992E-01,-6.012402E-08
1666233797
-5.977668E-01,-6.036703E-08
1666233798
-5.978062E-01,-5.912493E-08
1666233799
-5.978052E-01,-6.019531E-08
1666233800
-5.977510E-01,-6.021907E-08
1666233802
-5.977343E-01,-6.360573E-08
1666233803
-5.977693E-01,-6.413174E-08
1666233804
-5.977583E-01,-6.368198E-08
1666233806
-5.977351E-01,-6.329769E-08
1666233807
-5.977650E-01,-6.059711E-08
1666233808
-5.977812E-01,-6.115943E-08
1666233809
-5.977786E-01,-6.421887E-08
1666233811
-5.977634E-01,-6.442643E-08
1666233812
-5.977757E-01,-6.375074E-08
1666233813
-5.977583E-01,-6.366239E-08
1666233814
-5.977618E-01,-6.336604E-08
1666233816
-5.977958E-01,-6.425635E-08
1666233817
-5.978392E-01,-6.304508E-08
1666233818
-5.978007E-01,-6.479986E-08
1666233819
-5.978258E-01,-6.285542E-08
1666233821
-5.978267E-01,-6.432054E-08
1666233822
-5.977942E-01,-6.485115E-08
1666233823
-5.978516E-01,-6.573396E-08
1666233825
-5.978317E-01,-6.410296E-08
1666233826
-5.978283E-01,-6.455271E-08
1666233827
-5.978611E-01,-6.582153E-08
1666233828
-5.978059E-01,-6.529257E-08
1666233830
-5.977985E-01,-6.512502E-08
1666233831
-5.978284E-01,-6.391290E-08
1666233832
-5.977941E-01,-6.576273E-08
1666233833
-5.978533E-01,-6.618831E-08
1666233835
-5.977867E-01,-6.776888E-08
1666233836
-5.978181E-01,-6.642044E-08
1666233837
-5.978643E-01,-6.715201E-08
1666233839
-5.978675E-01,-6.501037E-08
1666233840
-5.978293E-01,-6.670809E-08
1666233841
-5.978202E-01,-6.693777E-08
1666233842
-5.977835E-01,-6.743169E-08
1666233844
-5.977951E-01,-6.754548E-08
1666233845
-5.977868E-01,-6.589363E-08
1666233846
-5.977826E-01,-6.898058E-08
1666233848
-5.978051E-01,-6.816570E-08
1666233849
-5.977628E-01,-7.089589E-08
1666233850
-5.978230E-01,-6.890101E-08
1666233851
-5.977978E-01,-7.113723E-08
1666233853
-5.977769E-01,-6.823617E-08
1666233854
-5.978055E-01,-6.653224E-08
1666233855
-5.977913E-01,-6.520217E-08
1666233857
-5.977604E-01,-6.587241E-08
1666233858
-5.977938E-01,-6.657391E-08
1666233859
-5.977278E-01,-6.720581E-08
1666233860
-5.977078E-01,-6.346485E-08
1666233862
-5.976704E-01,-6.683693E-08
1666233863
-5.977512E-01,-6.838124E-08
1666233864
-5.977781E-01,-6.902692E-08
1666233865
-5.978239E-01,-6.768892E-08
1666233867
-5.977905E-01,-6.823827E-08
1666233868
-5.977881E-01,-6.753804E-08
1666233869
-5.978182E-01,-6.782857E-08
1666233870
-5.978374E-01,-6.718708E-08
1666233872
-5.978240E-01,-6.984971E-08
1666233873
-5.977866E-01,-6.761391E-08
1666233874
-5.977805E-01,-7.153533E-08
1666233875
-5.978048E-01,-7.235354E-08
1666233877
-5.978297E-01,-7.023110E-08
1666233878
-5.977798E-01,-6.978511E-08
1666233879
-5.978148E-01,-7.083341E-08
1666233881
-5.978348E-01,-7.249777E-08
1666233882
-5.977948E-01,-7.067001E-08
1666233883
-5.977706E-01,-7.112852E-08
1666233884
-5.977988E-01,-7.301502E-08
1666233886
-5.978171E-01,-7.229642E-08
1666233887
-5.977746E-01,-7.086339E-08
1666233888
-5.978296E-01,-7.303461E-08
1666233890
-5.978212E-01,-7.103928E-08
1666233891
-5.977938E-01,-7.166535E-08
1666233892
-5.977637E-01,-7.293998E-08
1666233893
-5.978220E-01,-7.319755E-08
1666233894
-5.978101E-01,-7.420708E-08
1666233896
-5.977735E-01,-7.388072E-08
1666233897
-5.977751E-01,-7.230597E-08
1666233898
-5.977843E-01,-7.112471E-08
1666233900
-5.977883E-01,-7.076331E-08
1666233901
-5.978243E-01,-6.916066E-08
1666233902
-5.978210E-01,-6.974712E-08
1666233903
-5.978118E-01,-7.095797E-08
1666233905
-5.977902E-01,-7.088004E-08
1666233906
-5.977861E-01,-7.387406E-08
1666233907
-5.978029E-01,-7.508869E-08
1666233908
-5.977635E-01,-7.671675E-08
1666233910
-5.977846E-01,-7.617950E-08
1666233911
-5.977404E-01,-7.610323E-08
1666233912
-5.977762E-01,-7.734243E-08
1666233914
-5.977780E-01,-7.646795E-08
1666233915
-5.977438E-01,-7.581188E-08
1666233916
-5.977104E-01,-7.971914E-08
1666233917
-5.977855E-01,-7.976582E-08
1666233919
-5.977696E-01,-7.737368E-08
1666233920
-5.977812E-01,-7.919643E-08
1666233921
-5.977996E-01,-8.044314E-08
1666233923
-5.977763E-01,-7.801476E-08
1666233924
-5.977537E-01,-7.454182E-08
1666233925
-5.978029E-01,-7.574642E-08
1666233926
-5.977955E-01,-7.884090E-08
1666233928
-5.977665E-01,-7.796685E-08
1666233929
-5.977941E-01,-8.020685E-08
1666233930
-5.977614E-01,-8.114342E-08
1666233932
-5.977231E-01,-7.974126E-08
1666233933
-5.977179E-01,-7.963743E-08
1666233934
-5.977563E-01,-8.058570E-08
1666233935
-5.977496E-01,-8.097084E-08
1666233936
-5.978055E-01,-8.195829E-08
1666233938
-5.978447E-01,-8.176488E-08
1666233939
-5.978372E-01,-8.089831E-08
1666233940
-5.977507E-01,-8.241516E-08
1666233941
-5.977547E-01,-8.321084E-08
1666233943
-5.977407E-01,-8.361725E-08
1666233944
-5.978147E-01,-8.148479E-08
1666233945
-5.978004E-01,-8.567296E-08
1666233947
-5.977873E-01,-8.014680E-08
1666233948
-5.977505E-01,-8.023850E-08
1666233949
-5.977680E-01,-8.090291E-08
1666233950
-5.977371E-01,-7.761045E-08
1666233952
-5.977754E-01,-7.940360E-08
1666233953
-5.977521E-01,-8.089957E-08
1666233954
-5.977679E-01,-8.245721E-08
1666233956
-5.977846E-01,-8.092540E-08
1666233957
-5.977395E-01,-8.107920E-08
1666233958
-5.977721E-01,-8.102628E-08
1666233959
-5.977538E-01,-7.947239E-08
1666233961
-5.978338E-01,-8.161815E-08
1666233962
-5.978597E-01,-8.120718E-08
1666233963
-5.978171E-01,-8.165649E-08
1666233964
-5.977929E-01,-8.213875E-08
1666233966
-5.977788E-01,-8.213127E-08
1666233967
-5.978206E-01,-7.952324E-08
1666233968
-5.977971E-01,-8.143726E-08
1666233969
-5.978047E-01,-8.283361E-08
1666233971
-5.978048E-01,-8.172488E-08
1666233972
-5.977588E-01,-8.259686E-08
1666233973
-5.978397E-01,-8.653830E-08
1666233975
-5.978222E-01,-8.078703E-08
1666233976
-5.978056E-01,-7.964953E-08
1666233977
-5.977930E-01,-7.990671E-08
1666233978
-5.978519E-01,-8.060192E-08
1666233980
-5.978678E-01,-7.997670E-08
1666233981
-5.978140E-01,-8.016307E-08
1666233982
-5.978047E-01,-7.993713E-08
1666233983
-5.977864E-01,-7.982919E-08
1666233985
-5.977463E-01,-8.002008E-08
1666233986
-5.977663E-01,-8.335547E-08
1666233987
-5.978230E-01,-8.043523E-08
1666233989
-5.978571E-01,-8.259476E-08
1666233990
-5.978205E-01,-8.269313E-08
1666233991
-5.978681E-01,-8.365558E-08
1666233992
-5.978869E-01,-8.499435E-08
1666233994
-5.978589E-01,-8.594600E-08
1666233995
-5.978163E-01,-8.638948E-08
1666233996
-5.978037E-01,-8.768328E-08
1666233998
-5.977902E-01,-8.792210E-08
1666233999
-5.978045E-01,-8.954438E-08
1666234000
-5.978004E-01,-8.940641E-08
1666234001
-5.978422E-01,-8.894458E-08
1666234002
-5.978405E-01,-8.911466E-08
1666234004
-5.978504E-01,-8.812719E-08
1666234005
-5.978420E-01,-8.959396E-08
1666234006
-5.978288E-01,-8.782918E-08
1666234008
-5.978070E-01,-8.823599E-08
1666234009
-5.978430E-01,-8.744779E-08
1666234010
-5.977820E-01,-8.883995E-08
1666234011
-5.977655E-01,-8.442002E-08
1666234013
-5.977622E-01,-8.616024E-08
1666234014
-5.977921E-01,-8.530658E-08
1666234015
-5.978029E-01,-8.713683E-08
1666234016
-5.977989E-01,-8.742904E-08
1666234018
-5.977904E-01,-8.675878E-08
1666234019
-5.978221E-01,-8.857861E-08
1666234020
-5.977653E-01,-8.637487E-08
1666234021
-5.977369E-01,-8.810800E-08
1666234023
-5.977652E-01,-8.546661E-08
1666234024
-5.978020E-01,-8.555667E-08
1666234025
-5.977271E-01,-8.383606E-08
1666234026
-5.977462E-01,-8.528699E-08
1666234028
-5.977504E-01,-8.484058E-08
1666234029
-5.978088E-01,-8.764412E-08
1666234030
-5.978572E-01,-8.759243E-08
1666234032
-5.978096E-01,-8.752281E-08
1666234033
-5.978228E-01,-8.605601E-08
1666234034
-5.977929E-01,-8.983907E-08
1666234035
-5.977369E-01,-8.891205E-08
1666234036
-5.977263E-01,-8.777877E-08
1666234038
-5.977663E-01,-8.400070E-08
1666234039
-5.978004E-01,-8.296197E-08
1666234040
-5.978162E-01,-8.483057E-08
1666234042
-5.978053E-01,-8.578632E-08
1666234043
-5.978329E-01,-8.497980E-08
1666234044
-5.977803E-01,-8.626317E-08
1666234045
-5.978145E-01,-8.781665E-08
1666234047
-5.978320E-01,-8.713932E-08
1666234048
-5.978502E-01,-8.620938E-08
1666234049
-5.978237E-01,-8.757490E-08
1666234051
-5.978237E-01,-8.822805E-08
1666234052
-5.978231E-01,-8.681715E-08
1666234053
-5.978504E-01,-8.640698E-08
1666234054
-5.978739E-01,-8.627111E-08
1666234056
-5.977662E-01,-8.683756E-08
1666234057
-5.978054E-01,-8.709974E-08
1666234058
-5.977979E-01,-8.824557E-08
1666234060
-5.977930E-01,-8.799550E-08
1666234061
-5.978113E-01,-8.451547E-08
1666234062
-5.978248E-01,-8.860573E-08
1666234063
-5.978413E-01,-8.597392E-08
1666234065
-5.978121E-01,-8.878911E-08
1666234066
-5.978397E-01,-8.678423E-08
1666234067
-5.978246E-01,-8.535827E-08
1666234068
-5.977713E-01,-8.629862E-08
1666234070
-5.977973E-01,-8.505735E-08
1666234071
-5.978280E-01,-8.759201E-08
1666234072
-5.978659E-01,-8.929727E-08
1666234074
-5.979184E-01,-8.960738E-08
1666234075
-5.978508E-01,-8.683219E-08
1666234076
-5.979009E-01,-8.735113E-08
1666234077
-5.978375E-01,-8.802555E-08
1666234079
-5.978825E-01,-8.789716E-08
1666234080
-5.978741E-01,-8.901423E-08
1666234081
-5.978579E-01,-8.594598E-08
1666234083
-5.978698E-01,-8.983243E-08
1666234084
-5.978647E-01,-8.946353E-08
1666234085
-5.978358E-01,-8.999918E-08
1666234086
-5.978132E-01,-8.814057E-08
1666234088
-5.978256E-01,-8.820600E-08
1666234089
-5.978457E-01,-8.940561E-08
1666234090
-5.978939E-01,-9.134297E-08
1666234091
-5.978541E-01,-8.972741E-08
1666234093
-5.978706E-01,-8.796049E-08
1666234094
-5.978239E-01,-8.797091E-08
1666234095
-5.977989E-01,-8.833688E-08
1666234096
-5.978464E-01,-8.856030E-08
1666234098
-5.978222E-01,-8.657582E-08
1666234099
-5.978304E-01,-9.174185E-08
1666234100
-5.978798E-01,-8.819182E-08
1666234101
-5.978515E-01,-9.079861E-08
1666234103
-5.978040E-01,-9.056645E-08
1666234104
-5.978180E-01,-9.165516E-08
1666234105
-5.978673E-01,-9.199071E-08
1666234107
-5.978214E-01,-9.156889E-08
1666234108
-5.978380E-01,-9.134713E-08
1666234109
-5.978732E-01,-9.108080E-08
1666234110
-5.978074E-01,-9.408942E-08
1666234112
-5.977772E-01,-9.064314E-08
1666234113
-5.977416E-01,-9.029096E-08
1666234114
-5.977665E-01,-9.136800E-08
1666234116
-5.977782E-01,-9.383599E-08
1666234117
-5.977222E-01,-9.233001E-08
1666234118
-5.977423E-01,-9.511686E-08
1666234119
-5.977846E-01,-9.824882E-08
1666234121
-5.978038E-01,-9.853851E-08
1666234122
-5.977781E-01,-9.484634E-08
1666234123
-5.977515E-01,-9.353005E-08
1666234124
-5.977272E-01,-9.605053E-08
1666234126
-5.977404E-01,-9.294855E-08
1666234127
-5.977238E-01,-9.403313E-08
1666234128
-5.977330E-01,-9.665783E-08
1666234129
-5.977157E-01,-9.660410E-08
1666234131
-5.976747E-01,-9.489303E-08
1666234132
-5.976897E-01,-9.516187E-08
1666234133
-5.977421E-01,-9.694877E-08
1666234135
-5.977371E-01,-9.619057E-08
1666234136
-5.977080E-01,-9.212076E-08
1666234137
-5.976756E-01,-8.872037E-08
1666234138
-5.977145E-01,-8.571382E-08
1666234140
-5.977482E-01,-8.906925E-08
1666234141
-5.977373E-01,-9.093285E-08
1666234142
-5.977564E-01,-9.207157E-08
1666234143
-5.977938E-01,-9.213324E-08
1666234145
-5.977931E-01,-9.268472E-08
1666234146
-5.977396E-01,-9.172060E-08
1666234147
-5.977654E-01,-9.249421E-08
1666234148
-5.977312E-01,-9.270595E-08
1666234150
-5.977404E-01,-9.166308E-08
1666234151
-5.977488E-01,-8.938600E-08
1666234152
-5.977430E-01,-9.081695E-08
1666234153
-5.977340E-01,-9.190945E-08
1666234155
-5.977222E-01,-9.269347E-08
1666234156
-5.976947E-01,-9.206575E-08
1666234157
-5.977080E-01,-9.576418E-08
1666234159
-5.976738E-01,-9.137339E-08
1666234160
-5.977037E-01,-9.275556E-08
1666234161
-5.976730E-01,-9.416068E-08
1666234162
-5.976571E-01,-9.429905E-08
1666234164
-5.976605E-01,-9.363049E-08
1666234165
-5.976930E-01,-9.280685E-08
1666234166
-5.977097E-01,-9.356962E-08
1666234167
-5.977282E-01,-9.392311E-08
1666234169
-5.976772E-01,-9.179481E-08
1666234170
-5.977131E-01,-9.659907E-08
1666234171
-5.977731E-01,-9.470171E-08
1666234172
-5.978121E-01,-9.819004E-08
1666234174
-5.978081E-01,-9.829052E-08
1666234175
-5.977973E-01,-9.702464E-08
1666234176
-5.977737E-01,-9.599090E-08
1666234178
-5.977696E-01,-9.635980E-08
1666234179
-5.977682E-01,-9.564749E-08
1666234180
-5.977598E-01,-9.798918E-08
1666234181
-5.977548E-01,-9.932381E-08
1666234183
-5.976847E-01,-9.709926E-08
1666234184
-5.977263E-01,-9.687207E-08
1666234185
-5.976930E-01,-9.702462E-08
1666234186
-5.977096E-01,-9.618682E-08
1666234188
-5.977204E-01,-9.563078E-08
1666234189
-5.977046E-01,-9.720594E-08
1666234190
-5.977222E-01,-9.607221E-08
1666234191
-5.977907E-01,-9.668162E-08
1666234193
-5.977387E-01,-9.650526E-08
1666234194
-5.977815E-01,-9.411941E-08
1666234195
-5.977681E-01,-9.784412E-08
1666234196
-5.977347E-01,-9.484092E-08
1666234198
-5.977197E-01,-9.658365E-08
1666234199
-5.977964E-01,-9.368674E-08
1666234200
-5.977722E-01,-9.536903E-08
1666234201
-5.977331E-01,-9.375470E-08
1666234203
-5.977489E-01,-9.116709E-08
1666234204
-5.977463E-01,-9.260552E-08
1666234205
-5.977663E-01,-9.418151E-08
1666234206
-5.977630E-01,-9.598217E-08
1666234208
-5.977380E-01,-9.300817E-08
1666234209
-5.977189E-01,-9.477257E-08
1666234210
-5.977404E-01,-9.445118E-08
1666234212
-5.977305E-01,-9.291688E-08
1666234213
-5.977237E-01,-9.480839E-08
1666234214
-5.977053E-01,-9.288059E-08
1666234215
-5.977313E-01,-9.273472E-08
1666234217
-5.977055E-01,-9.485677E-08
1666234218
-5.977004E-01,-9.773488E-08
1666234219
-5.977640E-01,-9.679582E-08
1666234221
-5.977421E-01,-9.815712E-08
1666234222
-5.978080E-01,-9.820089E-08
1666234223
-5.977523E-01,-9.754400E-08
1666234224
-5.977739E-01,-9.679831E-08
1666234226
-5.977966E-01,-9.708093E-08
1666234227
-5.977573E-01,-9.963060E-08
1666234228
-5.978032E-01,-9.662243E-08
1666234229
-5.978122E-01,-9.827426E-08
1666234231
-5.978181E-01,-9.464003E-08
1666234232
-5.977998E-01,-9.402230E-08
1666234233
-5.977865E-01,-9.514397E-08
1666234235
-5.978415E-01,-9.534362E-08
1666234236
-5.978040E-01,-9.896494E-08
1666234237
-5.977781E-01,-9.580504E-08
1666234238
-5.978114E-01,-9.843890E-08
1666234240
-5.978281E-01,-9.953013E-08
1666234241
-5.977764E-01,-9.946469E-08
1666234242
-5.977691E-01,-9.796084E-08
1666234244
-5.977899E-01,-9.800169E-08
1666234245
-5.977739E-01,-9.553951E-08
1666234246
-5.978391E-01,-9.968605E-08
1666234247
-5.977805E-01,-1.006864E-07
1666234248
-5.977989E-01,-9.682166E-08
1666234250
-5.977640E-01,-9.891743E-08
1666234251
-5.977847E-01,-9.923502E-08
1666234252
-5.977405E-01,-9.940384E-08
1666234254
-5.977921E-01,-9.771654E-08
1666234255
-5.977688E-01,-9.870358E-08
1666234256
-5.977188E-01,-9.975105E-08
1666234257
-5.977246E-01,-9.886988E-08
1666234259
-5.977497E-01,-9.726681E-08
1666234260
-5.977863E-01,-1.000199E-07
1666234261
-5.977287E-01,-9.998987E-08
1666234263
-5.977231E-01,-9.922337E-08
1666234264
-5.977139E-01,-9.841390E-08
1666234265
-5.977672E-01,-1.004034E-07
1666234266
-5.977480E-01,-1.010840E-07
1666234268
-5.977222E-01,-9.962600E-08
1666234269
-5.976422E-01,-1.000753E-07
1666234270
-5.976088E-01,-1.033540E-07
1666234271
-5.976505E-01,-1.018472E-07
1666234272
-5.976330E-01,-1.014575E-07
1666234274
-5.976646E-01,-9.787119E-08
1666234275
-5.976714E-01,-1.024175E-07
1666234276
-5.976830E-01,-1.006876E-07
1666234277
-5.976781E-01,-9.968771E-08
1666234279
-5.976806E-01,-1.019381E-07
1666234280
-5.976714E-01,-1.017697E-07
1666234281
-5.976830E-01,-1.020652E-07
1666234282
-5.976888E-01,-1.013987E-07
1666234284
-5.977556E-01,-1.000816E-07
1666234285
-5.977373E-01,-9.792539E-08
1666234286
-5.977312E-01,-9.912038E-08
1666234288
-5.976772E-01,-9.505768E-08
1666234289
-5.977081E-01,-9.888242E-08
1666234290
-5.976546E-01,-9.888699E-08
1666234291
-5.976155E-01,-1.024441E-07
1666234293
-5.976195E-01,-1.026900E-07
1666234294
-5.976612E-01,-1.007793E-07
1666234295
-5.976962E-01,-9.903994E-08
1666234297
-5.976030E-01,-9.909790E-08
1666234298
-5.976204E-01,-1.009698E-07
1666234299
-5.976320E-01,-1.001341E-07
1666234300
-5.976779E-01,-1.011353E-07
1666234302
-5.976863E-01,-1.017393E-07
1666234303
-5.977640E-01,-1.009653E-07
1666234304
-5.977680E-01,-1.029422E-07
1666234306
-5.977730E-01,-1.025925E-07
1666234307
-5.977121E-01,-1.013512E-07
1666234308
-5.977279E-01,-1.030760E-07
1666234309
-5.977313E-01,-1.013254E-07
1666234311
-5.977486E-01,-1.027888E-07
1666234312
-5.977622E-01,-1.013966E-07
1666234313
-5.977371E-01,-1.006501E-07
1666234314
-5.977764E-01,-1.015317E-07
1666234316
-5.977480E-01,-1.016809E-07
1666234317
-5.977748E-01,-1.008210E-07
1666234318
-5.977796E-01,-1.032223E-07
1666234320
-5.977562E-01,-1.020439E-07
1666234321
-5.977688E-01,-1.014717E-07
1666234322
-5.977538E-01,-1.031906E-07
1666234323
-5.977304E-01,-1.005430E-07
1666234324
-5.977597E-01,-1.026879E-07
1666234326
-5.977345E-01,-1.017597E-07
1666234327
-5.977921E-01,-1.031394E-07
1666234328
-5.978057E-01,-1.001746E-07
1666234330
-5.977297E-01,-1.039993E-07
1666234331
-5.977489E-01,-1.042556E-07
1666234332
-5.977279E-01,-1.056982E-07
1666234333
-5.977221E-01,-1.051180E-07
1666234335
-5.977646E-01,-1.053831E-07
1666234336
-5.977371E-01,-1.090799E-07
1666234337
-5.976954E-01,-1.057657E-07
1666234339
-5.977255E-01,-1.049575E-07
1666234340
-5.976939E-01,-1.074409E-07
1666234341
-5.976614E-01,-1.058758E-07
1666234342
-5.976962E-01,-1.064226E-07
1666234344
-5.977407E-01,-1.066403E-07
1666234345
-5.977513E-01,-1.073334E-07
1666234346
-5.977665E-01,-1.027905E-07
1666234348
-5.977871E-01,-1.030747E-07
1666234349
-5.977628E-01,-1.039842E-07
1666234350
-5.977172E-01,-1.041902E-07
1666234351
-5.977088E-01,-1.058562E-07
1666234353
-5.977388E-01,-1.018914E-07
1666234354
-5.977263E-01,-1.046624E-07
1666234355
-5.977905E-01,-1.025345E-07
1666234356
-5.977698E-01,-1.022390E-07
1666234358
-5.977297E-01,-1.039718E-07
1666234359
-5.977172E-01,-1.044844E-07
1666234360
-5.977288E-01,-1.042610E-07
1666234362
-5.977030E-01,-1.035449E-07
1666234363
-5.976913E-01,-1.059904E-07
1666234364
-5.977147E-01,-1.060775E-07
1666234365
-5.977421E-01,-1.048917E-07
1666234367
-5.978180E-01,-1.034974E-07
1666234368
-5.977837E-01,-1.038788E-07
1666234369
-5.977370E-01,-1.020189E-07
1666234371
-5.977505E-01,-1.047504E-07
1666234372
-5.977196E-01,-1.053806E-07
1666234373
-5.977045E-01,-1.064631E-07
1666234374
-5.976797E-01,-1.033474E-07
1666234376
-5.976812E-01,-1.042027E-07
1666234377
-5.977254E-01,-1.039255E-07
1666234378
-5.977554E-01,-1.050588E-07
1666234380
-5.977172E-01,-1.071063E-07
1666234381
-5.976995E-01,-1.074063E-07
1666234382
-5.977413E-01,-1.056903E-07
1666234383
-5.977804E-01,-1.084146E-07
1666234385
-5.977154E-01,-1.099010E-07
1666234386
-5.977504E-01,-1.071867E-07
1666234387
-5.977163E-01,-1.074443E-07
1666234388
-5.977169E-01,-1.062905E-07
1666234390
-5.977395E-01,-1.084917E-07
1666234391
-5.977087E-01,-1.058249E-07
1666234392
-5.977322E-01,-1.060759E-07
1666234394
-5.977387E-01,-1.011815E-07
1666234395
-5.977330E-01,-1.025454E-07
1666234396
-5.977004E-01,-1.022357E-07
1666234397
-5.977163E-01,-1.044778E-07
1666234399
-5.976903E-01,-1.033065E-07
1666234400
-5.977362E-01,-1.012503E-07
1666234401
-5.977454E-01,-1.002483E-07
1666234403
-5.977372E-01,-1.028705E-07
1666234404
-5.977796E-01,-1.005588E-07
1666234405
-5.978163E-01,-1.027346E-07
1666234406
-5.978222E-01,-1.011290E-07
1666234408
-5.977646E-01,-1.001974E-07
1666234409
-5.977163E-01,-1.019502E-07
1666234410
-5.977762E-01,-1.046111E-07
1666234412
-5.977705E-01,-1.044311E-07
1666234413
-5.977563E-01,-1.025887E-07
1666234414
-5.977830E-01,-1.034741E-07
1666234415
-5.977304E-01,-1.033728E-07
1666234417
-5.977587E-01,-1.012332E-07
1666234418
-5.977471E-01,-1.048441E-07
1666234419
-5.977913E-01,-1.033407E-07
1666234420
-5.977563E-01,-1.060563E-07
1666234421
-5.977628E-01,-1.043398E-07
1666234423
-5.978031E-01,-1.020998E-07
1666234424
-5.978197E-01,-1.009502E-07
1666234425
-5.978189E-01,-1.016209E-07
1666234426
-5.978047E-01,-1.008669E-07
1666234427
-5.977938E-01,-1.021215E-07
1666234429
-5.977871E-01,-1.015046E-07
1666234430
-5.977721E-01,-1.023736E-07
1666234431
-5.977796E-01,-1.039230E-07
1666234432
-5.977303E-01,-1.033344E-07
1666234434
-5.977103E-01,-1.014041E-07
1666234435
-5.977513E-01,-1.001237E-07
1666234436
-5.977588E-01,-9.970727E-08
1666234438
-5.977422E-01,-9.866606E-08
1666234439
-5.976829E-01,-1.013012E-07
1666234440
-5.976847E-01,-1.017485E-07
1666234441
-5.976520E-01,-1.022165E-07
1666234443
-5.976512E-01,-1.024420E-07
1666234444
-5.976319E-01,-1.012228E-07
1666234445
-5.976611E-01,-1.030168E-07
1666234447
-5.976304E-01,-1.021069E-07
1666234448
-5.976579E-01,-1.022640E-07
1666234449
-5.977178E-01,-9.927167E-08
1666234450
-5.977453E-01,-1.006922E-07
1666234452
-5.977194E-01,-1.015946E-07
1666234453
-5.976836E-01,-1.029901E-07
1666234454
-5.976770E-01,-1.015146E-07
1666234455
-5.977026E-01,-1.024449E-07
1666234457
-5.976954E-01,-1.034269E-07
1666234458
-5.977512E-01,-1.048929E-07
1666234459
-5.978255E-01,-1.064243E-07
1666234460
-5.977762E-01,-1.082387E-07
1666234462
-5.977595E-01,-1.058295E-07
1666234463
-5.977637E-01,-1.037387E-07
1666234464
-5.977428E-01,-1.051351E-07
1666234466
-5.977320E-01,-1.087322E-07
1666234467
-5.976611E-01,-1.051013E-07
1666234468
-5.976678E-01,-1.067069E-07
1666234469
-5.976905E-01,-1.078682E-07
1666234471
-5.976711E-01,-1.070766E-07
1666234472
-5.977119E-01,-1.064618E-07
1666234473
-5.977229E-01,-1.072392E-07
1666234474
-5.977128E-01,-1.092536E-07
1666234475
-5.977428E-01,-1.094337E-07
1666234477
-5.977195E-01,-1.096688E-07
1666234478
-5.977328E-01,-1.076843E-07
1666234479
-5.976977E-01,-1.059737E-07
1666234481
-5.976820E-01,-1.068574E-07
1666234482
-5.977494E-01,-1.077397E-07
1666234483
-5.977327E-01,-1.066698E-07
1666234484
-5.977269E-01,-1.073021E-07
1666234486
-5.977362E-01,-1.087451E-07
1666234487
-5.977396E-01,-1.083550E-07
1666234488
-5.977354E-01,-1.075601E-07
1666234490
-5.977679E-01,-1.084371E-07
1666234491
-5.977662E-01,-1.087201E-07
1666234492
-5.977880E-01,-1.094846E-07
1666234493
-5.977429E-01,-1.091474E-07
1666234495
-5.977754E-01,-1.101644E-07
1666234496
-5.977611E-01,-1.091094E-07
1666234497
-5.977511E-01,-1.091790E-07
1666234499
-5.977170E-01,-1.107700E-07
1666234500
-5.977770E-01,-1.114599E-07
1666234501
-5.977519E-01,-1.102590E-07
1666234502
-5.977238E-01,-1.104012E-07
1666234504
-5.977361E-01,-1.105616E-07
1666234505
-5.977346E-01,-1.117867E-07
1666234506
-5.977554E-01,-1.124773E-07
1666234507
-5.977546E-01,-1.106704E-07
1666234508
-5.977654E-01,-1.099981E-07
1666234510
-5.977788E-01,-1.096342E-07
1666234511
-5.977737E-01,-1.093478E-07
1666234512
-5.978163E-01,-1.062609E-07
1666234514
-5.978262E-01,-1.079386E-07
1666234515
-5.978405E-01,-1.088702E-07
1666234516
-5.978230E-01,-1.081816E-07
1666234517
-5.977511E-01,-1.061554E-07
1666234519
-5.977821E-01,-1.084976E-07
1666234520
-5.977570E-01,-1.110931E-07
1666234521
-5.977897E-01,-1.094112E-07
1666234523
-5.978045E-01,-1.117679E-07
1666234524
-5.978262E-01,-1.112006E-07
1666234525
-5.978362E-01,-1.083037E-07
1666234526
-5.978027E-01,-1.099109E-07
1666234528
-5.978304E-01,-1.078911E-07
1666234529
-5.978204E-01,-1.074338E-07
1666234530
-5.978363E-01,-1.076406E-07
1666234532
-5.978346E-01,-1.072946E-07
1666234533
