1669304382
+1.501297E+00,+1.857452E-09
1669304392
+1.501400E+00,-2.554342E-09
1669304402
+1.501385E+00,+4.820639E-10
1669304413
+1.501442E+00,+1.153935E-09
1669304423
+1.501404E+00,-1.219712E-09
1669304433
+1.501366E+00,-3.402694E-10
1669304444
+1.501403E+00,-1.621969E-09
1669304454
+1.501355E+00,-1.241835E-09
1669304464
+1.501396E+00,+1.886611E-10
1669304474
+1.501328E+00,-1.935664E-10
1669304485
+1.501382E+00,-3.107028E-10
1669304495
+1.501283E+00,-1.259778E-09
1669304505
+1.501301E+00,-1.512730E-09
1669304515
+1.501336E+00,-1.736976E-09
1669304526
+1.501384E+00,-1.827421E-09
1669304536
+1.501312E+00,-5.565821E-10
1669304546
+1.501407E+00,-3.515175E-10
1669304557
+1.501335E+00,-1.352377E-10
1669304567
+1.501384E+00,-1.381035E-09
1669304577
+1.501385E+00,-3.198714E-10
1669304587
+1.501405E+00,-1.304339E-09
1669304598
+1.501362E+00,-1.008825E-09
1669304608
+1.501354E+00,-2.389269E-09
1669304618
+1.501364E+00,-2.766930E-09
1669304629
+1.501330E+00,-7.796032E-10
1669304639
+1.501376E+00,+4.695661E-10
1669304649
+1.501397E+00,-2.510951E-10
1669304659
+1.501375E+00,-1.066747E-09
