1669305245
-4.012275E-01,+1.476931E-09
1669305255
-4.012602E-01,+2.105864E-09
1669305266
-4.011659E-01,+1.319765E-09
1669305276
-4.012751E-01,+1.667400E-09
1669305286
-4.011901E-01,+1.164355E-09
1669305296
-4.011959E-01,+5.637362E-10
1669305307
-4.011634E-01,+9.826386E-10
1669305317
-4.011215E-01,+7.754802E-10
1669305327
-4.012341E-01,+2.068341E-09
1669305338
-4.012241E-01,+1.579051E-09
1669305348
-4.011659E-01,+4.987309E-10
1669305358
-4.011700E-01,+1.268134E-09
1669305368
-4.011075E-01,+9.759311E-10
1669305378
-4.011300E-01,+2.823899E-10
1669305389
-4.011935E-01,+2.298784E-09
1669305399
-4.011692E-01,+1.942010E-09
1669305409
-4.012626E-01,+2.348424E-09
1669305420
-4.011717E-01,+1.839114E-09
1669305430
-4.013435E-01,+1.937901E-09
1669305440
-4.012117E-01,+2.130027E-09
1669305450
-4.012117E-01,+1.062653E-09
1669305461
-4.012367E-01,+3.362042E-09
1669305471
-4.012360E-01,+9.075425E-10
1669305481
-4.012592E-01,+1.284385E-09
1669305492
-4.011999E-01,+1.783660E-09
1669305502
-4.012342E-01,+3.265710E-10
1669305512
-4.013093E-01,-7.029119E-08
1669305523
-4.012244E-01,-2.138753E-07
1669305533
-4.012018E-01,-1.477535E-07
1669305543
-4.012034E-01,+1.214348E-09
1669305553
-4.011709E-01,-2.177890E-10
1669305564
-4.011759E-01,-4.461275E-10
1669305574
-4.011892E-01,+6.232791E-10
1669305584
-4.012033E-01,+4.749635E-10
1669305595
-4.012142E-01,-3.694277E-08
1669305605
-4.012550E-01,-2.469626E-07
1669305615
-4.011875E-01,-3.020000E-07
1669305625
-4.011867E-01,-6.970500E-08
1669305636
-4.012343E-01,-7.837337E-10
1669305646
-4.012417E-01,-1.248121E-09
1669305656
-4.012026E-01,-1.404779E-09
1669305667
-4.012769E-01,+1.160780E-10
1669305677
-4.012860E-01,-1.163049E-09
1669305687
-4.013386E-01,-5.894099E-08
1669305697
-4.012827E-01,-5.107900E-07
1669305708
-4.011425E-01,-2.560673E-07
1669305718
-4.012761E-01,-4.212465E-08
1669305728
-4.011793E-01,-2.774427E-09
1669305739
-4.012643E-01,-2.221343E-09
1669305749
-4.011692E-01,-2.518969E-09
1669305759
-4.013052E-01,-1.585249E-09
