1668402572
-3.488725E-01,-1.239702E-08
1668402574
-3.283983E-01,-1.684034E-09
1668402575
-3.079274E-01,-2.387631E-09
1668402577
-2.874148E-01,-9.767538E-10
1668402578
-2.668980E-01,-5.007556E-10
1668402580
-2.497549E-01,-1.004665E-09
1668402582
-2.292315E-01,+6.966744E-10
1668402583
-2.087298E-01,-3.019235E-10
1668402585
-1.882298E-01,+7.683446E-10
1668402586
-1.677439E-01,+4.841071E-10
1668402588
-1.472740E-01,+2.150412E-09
1668402589
-1.268506E-01,+1.586892E-09
1668402591
-1.097983E-01,+5.858213E-10
1668402593
-8.927996E-02,+1.843637E-09
1668402594
-6.876155E-02,+1.551509E-09
1668402596
-4.818478E-02,+2.699728E-09
1668402597
-2.761385E-02,+2.950624E-09
1668402599
-7.102217E-03,+1.748197E-09
1668402600
+1.287544E-02,-2.561424E-09
1668402602
+3.327591E-02,-1.119715E-09
1668402604
+5.364300E-02,-1.556500E-09
1668402605
+7.408933E-02,-2.815473E-11
1668402607
+9.446896E-02,+1.398339E-10
1668402608
+1.115062E-01,-3.394871E-10
1668402610
+1.321051E-01,-4.666412E-10
1668402611
+1.525481E-01,+2.394212E-11
1668402613
+1.729444E-01,+4.053315E-10
1668402614
+1.935741E-01,-6.782787E-10
1668402616
+2.141664E-01,+1.948535E-10
1668402618
+2.347221E-01,-5.836597E-10
1668402619
+2.518075E-01,-1.420614E-09
1668402621
+2.722931E-01,-1.069753E-09
1668402622
+2.928237E-01,-2.248537E-10
1668402624
+3.132600E-01,+9.096446E-10
1668402625
+3.338348E-01,-1.406653E-10
1668402627
+3.542977E-01,-3.961373E-10
1668402629
+3.747098E-01,+3.436327E-10
1668402630
+3.951679E-01,-5.916163E-10
1668402632
+4.122107E-01,-5.166021E-10
1668402633
+4.327056E-01,+1.286403E-09
1668402635
+4.532111E-01,+1.286106E-10
1668402636
+4.736941E-01,+1.549787E-09
1668402638
+4.940912E-01,-9.492139E-10
1668402640
+5.146701E-01,+5.328732E-10
1668402641
+5.350981E-01,-5.774767E-10
1668402643
+5.521553E-01,+9.826099E-10
1668402644
+5.726585E-01,+9.450769E-10
1668402646
+5.931281E-01,-6.037102E-10
1668402647
+6.136001E-01,-7.062094E-11
1668402649
+6.342766E-01,+1.483982E-09
1668402651
+6.548156E-01,-9.675888E-10
1668402652
+6.752726E-01,+1.469803E-09
1668402654
+6.923608E-01,-9.442845E-10
1668402655
+7.128236E-01,-3.561532E-11
1668402657
+7.334026E-01,+3.407241E-10
1668402658
+7.538881E-01,+2.489668E-09
1668402660
+7.743738E-01,+3.961722E-10
1668402662
+7.948241E-01,-3.448611E-10
1668402663
+8.152121E-01,+1.437718E-09
1668402665
+8.322325E-01,-8.741849E-10
1668402666
+8.526765E-01,+5.791435E-10
1668402668
+8.732480E-01,+1.751547E-09
1668402669
+8.936490E-01,+6.875134E-10
1668402671
+9.142440E-01,-5.666173E-10
1668402672
+9.346476E-01,+2.407967E-09
1668402674
+9.551657E-01,+1.278932E-09
1668402676
+9.722689E-01,+6.537587E-10
1668402677
+9.926560E-01,+1.651519E-09
1668402679
+1.013073E+00,+1.129298E-09
1668402680
+1.033537E+00,+1.046339E-09
1668402682
+1.054064E+00,+1.607334E-09
1668402683
+1.074811E+00,+1.624855E-09
1668402685
+1.095311E+00,-1.317675E-09
1668402687
+1.112429E+00,+7.029179E-10
1668402688
+1.132935E+00,+1.278504E-09
1668402690
+1.153343E+00,+8.308597E-10
1668402691
+1.173960E+00,+1.264705E-09
1668402693
+1.194387E+00,+2.850175E-09
1668402694
+1.214935E+00,+8.917231E-10
1668402696
+1.235330E+00,+2.108715E-09
1668402698
+1.252453E+00,+3.101498E-09
1668402699
+1.272938E+00,+1.118833E-09
1668402701
+1.293413E+00,+2.265850E-09
1668402702
+1.313921E+00,+2.413374E-09
1668402704
+1.334452E+00,+1.695655E-09
1668402705
+1.354925E+00,+1.833248E-09
1668402707
+1.375446E+00,+2.558016E-09
1668402709
+1.395957E+00,+3.257372E-09
1668402710
+1.413031E+00,+1.274769E-09
1668402712
+1.433456E+00,+8.746127E-10
1668402713
+1.453868E+00,+1.917427E-09
1668402715
+1.474281E+00,+2.190843E-09
1668402716
+1.494834E+00,+2.542184E-09
1668402718
+1.515428E+00,+2.734720E-09
1668402720
+1.535945E+00,+2.825577E-09
1668402721
+1.553002E+00,+1.895736E-09
1668402723
+1.573454E+00,+5.870462E-10
1668402724
+1.593940E+00,+6.645610E-10
1668402726
+1.614461E+00,+1.837402E-09
1668402727
+1.634976E+00,+1.453116E-09
