1669374846
+1.299880E+00,-8.713551E-09
1669374856
+1.299869E+00,-1.162253E-08
1669374866
+1.299807E+00,-1.038920E-08
1669374877
+1.299867E+00,-9.178269E-09
1669374887
+1.299891E+00,-8.080394E-09
1669374897
+1.299876E+00,-6.713386E-09
1669374907
+1.299833E+00,-9.292280E-09
1669374918
+1.299826E+00,-9.375191E-09
1669374928
+1.299759E+00,-1.021845E-08
1669374938
+1.299902E+00,-8.379899E-09
1669374949
+1.299778E+00,-7.623615E-09
1669374959
+1.299774E+00,-6.183303E-09
1669374969
+1.299729E+00,-1.035807E-08
1669374979
+1.299864E+00,-7.500167E-09
1669374990
+1.299744E+00,-6.180169E-09
1669375000
+1.299732E+00,-7.929767E-09
1669375010
+1.299735E+00,-7.018023E-09
1669375021
+1.299858E+00,-7.332599E-09
1669375031
+1.299772E+00,-6.592386E-09
1669375041
+1.299811E+00,-9.085172E-09
1669375051
+1.299923E+00,-9.009154E-09
