1666276642
-7.685536E-01,-1.564742E-08
1666276652
-7.685394E-01,-1.497551E-08
1666276663
-7.685724E-01,-1.616844E-08
1666276673
-7.684801E-01,-1.512973E-08
1666276683
-7.684519E-01,-1.635893E-08
1666276694
-7.685435E-01,-1.557698E-08
1666276704
-7.685267E-01,-1.494216E-08
1666276714
-7.684778E-01,-1.582749E-08
1666276724
-7.686244E-01,-1.517683E-08
1666276735
-7.685169E-01,-1.229911E-08
1666276745
-7.684376E-01,-1.489006E-08
1666276755
-7.684275E-01,-1.654149E-08
1666276766
-7.684026E-01,-1.498009E-08
1666276776
-7.684492E-01,-1.632850E-08
1666276786
-7.684041E-01,-1.522309E-08
1666276797
-7.684460E-01,-1.532772E-08
1666276807
-7.684902E-01,-1.485588E-08
1666276817
-7.684958E-01,-1.532021E-08
1666276827
-7.684717E-01,-1.639519E-08
1666276838
-7.685236E-01,-1.615594E-08
1666276848
-7.684519E-01,-1.469666E-08
1666276858
-7.684843E-01,-1.511472E-08
1666276869
-7.685008E-01,-1.339534E-08
1666276879
-7.684566E-01,-1.566492E-08
1666276889
-7.684400E-01,-1.593669E-08
1666276899
-7.685214E-01,-1.649897E-08
1666276910
-7.684241E-01,-1.452409E-08
1666276920
-7.683991E-01,-1.616969E-08
1666276930
-7.684090E-01,-1.581414E-08
1666276941
-7.684241E-01,-1.501552E-08
1666276951
-7.684733E-01,-1.525436E-08
1666276961
-7.684801E-01,-1.571411E-08
1666276972
-7.684482E-01,-1.550111E-08
1666276982
-7.685610E-01,-1.621429E-08
1666276992
-7.684667E-01,-1.493549E-08
1666277002
-7.684649E-01,-1.703334E-08
1666277013
-7.685266E-01,-1.691538E-08
1666277023
-7.684657E-01,-1.507012E-08
1666277033
-7.684332E-01,-1.705126E-08
1666277044
-7.684957E-01,-1.624930E-08
1666277054
-7.684998E-01,-1.614384E-08
1666277064
-7.685100E-01,-1.611800E-08
1666277074
-7.685542E-01,-1.569243E-08
1666277085
-7.684591E-01,-1.544109E-08
1666277095
-7.685050E-01,-1.624055E-08
1666277105
-7.685058E-01,-1.462204E-08
1666277116
-7.686318E-01,-1.511389E-08
