1669299584
+5.503349E+00,+4.745540E-07
1669299594
+5.503346E+00,+4.839686E-07
1669299605
+5.503342E+00,+5.047846E-07
1669299615
+5.503491E+00,+4.930534E-07
1669299625
+5.503442E+00,+4.878923E-07
1669299635
+5.503374E+00,+5.049852E-07
1669299645
+5.503442E+00,+5.133484E-07
1669299656
+5.503379E+00,+5.126986E-07
1669299666
+5.503334E+00,+5.111826E-07
1669299676
+5.503329E+00,+5.216831E-07
1669299686
+5.503322E+00,+4.925324E-07
1669299696
+5.503353E+00,+4.944729E-07
1669299707
+5.503398E+00,+4.933431E-07
1669299717
+5.503383E+00,+5.120299E-07
1669299727
+5.503424E+00,+5.162674E-07
1669299737
+5.503484E+00,+5.297099E-07
1669299747
+5.503437E+00,+5.267769E-07
1669299758
+5.503448E+00,+5.283393E-07
1669299768
+5.503325E+00,+5.269642E-07
1669299778
+5.503312E+00,+5.258764E-07
1669299789
+5.503389E+00,+5.338658E-07
1669299799
+5.503422E+00,+5.305101E-07
1669299809
+5.503361E+00,+5.253889E-07
1669299819
+5.503396E+00,+5.510346E-07
1669299830
+5.503379E+00,+5.006783E-07
1669299840
+5.503370E+00,+4.978093E-07
1669299850
+5.503294E+00,+5.056944E-07
1669299861
+5.503369E+00,+5.043945E-07
1669299871
+5.503415E+00,+5.097764E-07
1669299881
+5.503434E+00,+5.098156E-07
1669299891
+5.503413E+00,+5.088194E-07
1669299902
+5.503421E+00,+4.982473E-07
1669299912
+5.503376E+00,+5.117392E-07
1669299922
+5.503414E+00,+5.120650E-07
1669299932
+5.503329E+00,+5.132317E-07
1669299943
+5.503403E+00,+5.151321E-07
1669299953
+5.503353E+00,+5.361381E-07
1669299963
+5.503304E+00,+5.184957E-07
1669299974
+5.503312E+00,+5.083420E-07
1669299984
+5.503280E+00,+4.948950E-07
1669299994
+5.503414E+00,+5.057623E-07
1669300004
+5.503398E+00,+5.064890E-07
1669300014
+5.503475E+00,+5.115645E-07
1669300025
+5.503345E+00,+5.328393E-07
1669300035
+5.503378E+00,+5.272373E-07
1669300045
+5.503436E+00,+5.877792E-07
1669300055
+5.503400E+00,+5.499697E-07
1669300066
+5.503272E+00,+5.479329E-07
1669300076
+5.503235E+00,+5.330234E-07
1669300086
+5.503272E+00,+5.445944E-07
1669300096
+5.503266E+00,+5.358112E-07
1669300107
+5.503279E+00,+5.284504E-07
1669300117
+5.503385E+00,+5.268203E-07
1669300127
+5.503240E+00,+5.214761E-07
1669300138
+5.503232E+00,+5.128007E-07
1669300148
+5.503220E+00,+5.493463E-07
1669300158
+5.503297E+00,+5.249054E-07
