1669288052
1669288053
1669288054
1669288055
1669288056
1669288057
1669288058
1669288059
1669288060
1669288061
1669288062
1669288063
1669288064
1669288065
1669288066
1669288067
1669288068
1669288069
1669288070
1669288071
1669288072
1669288073
1669288074
1669288075
1669288076
1669288077
1669288078
1669288079
1669288080
1669288081
1669288082
1669288083
1669288084
1669288085
1669288086
1669288087
1669288088
1669288089
1669288090
1669288091
1669288092
1669288093
1669288094
1669288095
1669288096
1669288097
1669288098
1669288099
1669288100
1669288101
1669288102
1669288103
1669288104
1669288105
1669288106
1669288107
1669288108
1669288109
1669288110
1669288111
1669288112
1669288113
1669288114
1669288115
1669288116
1669288117
1669288118
1669288119
1669288120
1669288121
1669288122
1669288123
1669288124
1669288125
1669288126
1669288127
1669288128
1669288129
1669288130
1669288131
1669288132
1669288133
1669288134
1669288135
1669288136
1669288137
1669288138
1669288139
1669288141
1669288142
1669288143
1669288144
1669288145
1669288146
1669288147
1669288148
1669288149
1669288150
1669288151
1669288152
