1667974910
-3.490241E-01,-2.900757E-06
1667974911
-3.285749E-01,-2.878934E-06
1667974913
-3.045613E-01,-2.856499E-06
1667974914
-2.841129E-01,-2.839908E-06
1667974916
-2.600468E-01,-2.818917E-06
1667974917
-2.396027E-01,-2.802414E-06
1667974919
-2.191135E-01,-2.787268E-06
1667974920
-1.952291E-01,-2.760265E-06
1667974922
-1.747192E-01,-2.744851E-06
1667974924
-1.473445E-01,-2.720817E-06
1667974925
-1.269662E-01,-2.703713E-06
1667974927
-1.098907E-01,-2.690925E-06
1667974928
-8.261186E-02,-2.665239E-06
1667974930
-6.206846E-02,-2.645469E-06
1667974931
-3.807480E-02,-2.627337E-06
1667974933
-1.754229E-02,-2.605963E-06
1667974935
+2.954967E-03,-2.589714E-06
1667974936
+2.999596E-02,-2.570327E-06
1667974938
+4.695892E-02,-2.555707E-06
1667974939
+7.419173E-02,-2.528528E-06
1667974941
+9.465466E-02,-2.512067E-06
1667974942
+1.117002E-01,-2.493395E-06
1667974944
+1.391181E-01,-2.472197E-06
1667974946
+1.594434E-01,-2.452961E-06
1667974947
+1.833280E-01,-2.432921E-06
1667974949
+2.039336E-01,-2.415754E-06
1667974950
+2.245242E-01,-2.399242E-06
1667974952
+2.484454E-01,-2.375308E-06
1667974953
+2.689701E-01,-2.359131E-06
1667974955
+2.928589E-01,-2.336589E-06
1667974957
+3.133085E-01,-2.316898E-06
1667974958
+3.338099E-01,-2.300335E-06
1667974960
+3.577211E-01,-2.279451E-06
1667974961
+3.781606E-01,-2.262528E-06
1667974963
+4.020610E-01,-2.242165E-06
1667974964
+4.226399E-01,-2.222404E-06
1667974966
+4.431588E-01,-2.208177E-06
1667974968
+4.670793E-01,-2.182968E-06
1667974969
+4.875891E-01,-2.167689E-06
1667974971
+5.148938E-01,-2.142944E-06
1667974972
+5.353391E-01,-2.124989E-06
1667974974
+5.524423E-01,-2.109537E-06
1667974975
+5.797173E-01,-2.083425E-06
1667974977
+6.001554E-01,-2.067974E-06
1667974979
+6.241793E-01,-2.046962E-06
1667974980
+6.446890E-01,-2.030621E-06
1667974982
+6.651244E-01,-2.011770E-06
1667974983
+6.889855E-01,-1.989475E-06
1667974985
+7.094059E-01,-1.973356E-06
1667974986
+7.334810E-01,-1.953322E-06
1667974988
+7.539954E-01,-1.935804E-06
1667974989
+7.744944E-01,-1.919303E-06
1667974991
+7.983363E-01,-1.899439E-06
1667974993
+8.188143E-01,-1.879462E-06
1667974994
+8.426183E-01,-1.857298E-06
1667974996
+8.631760E-01,-1.841449E-06
1667974997
+8.836565E-01,-1.825413E-06
1667974999
+9.075342E-01,-1.803137E-06
1667975000
+9.278982E-01,-1.781478E-06
1667975002
+9.552543E-01,-1.760891E-06
1667975004
+9.723479E-01,-1.744274E-06
1667975005
+9.928499E-01,-1.727649E-06
1667975007
+1.020152E+00,-1.705462E-06
1667975008
+1.040556E+00,-1.685932E-06
1667975010
+1.064609E+00,-1.667263E-06
1667975011
+1.085125E+00,-1.649516E-06
1667975013
+1.105653E+00,-1.629842E-06
1667975015
+1.129610E+00,-1.610068E-06
1667975016
+1.150114E+00,-1.588054E-06
1667975018
+1.174048E+00,-1.506135E-06
1667975019
+1.194502E+00,-1.410267E-06
1667975021
+1.214929E+00,-1.313211E-06
1667975022
+1.238832E+00,-1.185173E-06
1667975024
+1.259315E+00,-1.091224E-06
1667975026
+1.283143E+00,-9.652661E-07
1667975027
+1.303548E+00,-8.517672E-07
1667975029
+1.324155E+00,-7.583668E-07
1667975030
+1.348063E+00,-6.686834E-07
1667975032
+1.368499E+00,-5.746995E-07
1667975033
+1.395907E+00,-4.789224E-07
1667975035
+1.412987E+00,-4.186452E-07
1667975037
+1.433531E+00,-3.630009E-07
1667975038
+1.460796E+00,-2.876396E-07
1667975040
+1.477880E+00,-2.423008E-07
1667975041
+1.505370E+00,-1.882033E-07
1667975043
+1.525848E+00,-1.562751E-07
1667975044
+1.542928E+00,-1.306555E-07
1667975046
+1.570212E+00,-8.819264E-08
1667975048
+1.590676E+00,-6.193902E-08
1667975049
+1.614697E+00,-2.229306E-08
1667975051
+1.635195E+00,+1.546347E-08
1667975052
+1.655641E+00,+5.177710E-08
1667975054
+1.679533E+00,+1.072641E-07
1667975055
+1.699988E+00,+1.591047E-07
1667975057
+1.723861E+00,+2.194908E-07
1667975058
+1.744292E+00,+2.805122E-07
1667975060
+1.764753E+00,+3.469187E-07
1667975062
+1.788665E+00,+4.285065E-07
1667975063
+1.809111E+00,+5.009968E-07
1667975065
+1.832985E+00,+5.977270E-07
