1666161449
+3.342795E-03,+3.345741E-09
1666161451
+3.335290E-03,+4.983674E-09
1666161452
+3.347796E-03,+1.700678E-09
1666161453
+3.347798E-03,+2.237113E-09
1666161455
+3.346963E-03,+2.841024E-09
1666161456
+3.325281E-03,+3.919641E-09
1666161457
+3.422019E-03,+1.674008E-09
1666161458
+3.418682E-03,+9.121705E-10
1666161460
+3.351134E-03,+1.048455E-09
1666161461
+3.413675E-03,+2.260020E-09
1666161462
+3.431193E-03,+2.800596E-09
1666161464
+3.413676E-03,+2.493013E-09
1666161465
+3.393662E-03,+7.692066E-10
1666161466
+3.395334E-03,+1.237653E-09
1666161467
+3.418678E-03,+3.038574E-09
1666161469
+3.423686E-03,+1.639871E-09
1666161470
+3.379486E-03,+2.459671E-09
1666161471
+3.371145E-03,+2.981055E-09
1666161473
+3.366145E-03,+2.696376E-09
1666161474
+3.342794E-03,+2.185007E-09
1666161475
+3.313608E-03,+2.929380E-09
1666161476
+3.361972E-03,+2.813083E-09
1666161478
+3.300263E-03,+2.318782E-09
1666161479
+3.309436E-03,+1.522742E-09
1666161480
+3.315270E-03,+4.353421E-10
1666161481
+3.348629E-03,+3.641650E-09
1666161483
+3.312774E-03,+1.899104E-09
1666161484
+3.354465E-03,+4.695163E-10
1666161485
+3.376150E-03,+1.827421E-09
1666161487
+3.402836E-03,+2.614286E-09
1666161488
+3.386158E-03,+2.136234E-09
1666161489
+3.358638E-03,+1.633188E-09
1666161490
+3.395333E-03,+2.242108E-09
1666161492
+3.373648E-03,+1.912411E-09
1666161493
+3.372814E-03,+2.109574E-09
1666161494
+3.356967E-03,+1.739041E-09
1666161496
+3.344459E-03,+1.703631E-09
1666161497
+3.313606E-03,+2.054963E-09
1666161498
+3.288584E-03,+1.980787E-09
1666161499
+3.284416E-03,+1.998300E-09
1666161501
+3.303595E-03,+3.051069E-09
1666161502
+3.307764E-03,+4.020916E-09
1666161503
+3.328615E-03,+7.021200E-10
1666161505
+3.358635E-03,+2.175824E-09
1666161506
+3.418683E-03,+2.137083E-09
1666161507
+3.447034E-03,+3.666240E-09
1666161508
+3.432856E-03,+7.091587E-10
1666161510
+3.441196E-03,+2.337554E-09
1666161511
+3.491234E-03,+1.963701E-09
1666161512
+3.479556E-03,+2.000373E-09
1666161513
+3.523755E-03,+1.373967E-09
1666161515
+3.471215E-03,+2.663058E-09
1666161516
