1664343659
-1.349291E+00,-8.337039E-08
1664343671
-1.277586E+00,-6.930685E-08
1664343684
-1.209267E+00,-6.262627E-08
1664343697
-1.134124E+00,-5.338535E-08
1664343709
-1.062462E+00,-5.021138E-08
1664343722
-9.939649E-01,-4.625981E-08
1664343734
-9.223245E-01,-3.909377E-08
1664343747
-8.540376E-01,-3.608859E-08
1664343760
-7.789627E-01,-3.212439E-08
1664343772
-7.073045E-01,-2.911471E-08
1664343785
-6.389436E-01,-2.691507E-08
1664343797
-5.671030E-01,-2.309047E-08
1664343810
-4.988775E-01,-1.949107E-08
1664343822
-4.236606E-01,-1.764527E-08
1664343835
-3.520122E-01,-1.563808E-08
1664343848
-2.837799E-01,-1.354161E-08
1664343860
-2.119093E-01,-9.957250E-09
1664343873
-1.436702E-01,-8.733388E-09
1664343885
-6.863120E-02,-7.183317E-09
1664343898
+3.256505E-03,-5.749378E-09
