1666268706
-3.385675E-01,-7.755319E-09
1666268717
-3.385707E-01,-9.417998E-09
1666268727
-3.384531E-01,-7.702798E-09
1666268737
-3.385099E-01,-8.670231E-09
1666268747
-3.384548E-01,-9.959446E-09
1666268758
-3.384356E-01,-8.726499E-09
1666268768
-3.385706E-01,-9.546376E-09
1666268778
-3.385054E-01,-8.196722E-09
1666268788
-3.384582E-01,-7.902038E-09
1666268799
-3.384765E-01,-8.226739E-09
1666268809
-3.384932E-01,-9.917346E-09
1666268819
-3.384756E-01,-9.727694E-09
1666268830
-3.384624E-01,-9.064540E-09
1666268840
-3.384181E-01,-1.125116E-08
1666268850
-3.384148E-01,-9.139566E-09
1666268860
-3.383364E-01,-9.582642E-09
1666268871
-3.383330E-01,-8.288009E-09
1666268881
-3.383439E-01,-7.065904E-09
1666268891
-3.385284E-01,-8.007495E-09
1666268902
-3.385234E-01,-8.182560E-09
1666268912
-3.384900E-01,-7.775744E-09
1666268922
-3.384860E-01,-7.185534E-09
1666268932
-3.384250E-01,-7.761157E-09
1666268943
-3.384209E-01,-7.904544E-09
1666268953
-3.384301E-01,-7.134683E-09
1666268963
-3.383585E-01,-6.363574E-09
1666268974
-3.383751E-01,-8.280931E-09
1666268984
-3.384970E-01,-8.304695E-09
1666268994
-3.383109E-01,-7.890374E-09
1666269005
-3.383993E-01,-8.272178E-09
1666269015
-3.383426E-01,-6.956288E-09
1666269025
-3.383943E-01,-8.352624E-09
1666269035
-3.383644E-01,-7.055492E-09
1666269046
-3.383792E-01,-6.136823E-09
1666269056
-3.382775E-01,-6.648258E-09
1666269066
-3.383359E-01,-9.191677E-09
1666269077
-3.384951E-01,-6.849997E-09
1666269087
-3.384260E-01,-9.242114E-09
1666269097
-3.384686E-01,-6.817489E-09
1666269107
-3.383211E-01,-7.938729E-09
1666269118
-3.383519E-01,-6.751632E-09
1666269128
-3.383086E-01,-7.714480E-09
1666269138
-3.384712E-01,-7.846613E-09
1666269149
-3.384428E-01,-9.356324E-09
1666269159
-3.383254E-01,-8.804878E-09
1666269169
-3.384097E-01,-8.995783E-09
1666269180
-3.383245E-01,-7.994168E-09
1666269190
-3.383879E-01,-6.385669E-09
1666269200
-3.383147E-01,-8.758614E-09
1666269210
-3.383480E-01,-8.160904E-09
1666269221
-3.384492E-01,-1.022040E-08
1666269231
-3.383716E-01,-9.062897E-09
1666269241
-3.384418E-01,-9.563080E-09
1666269252
-3.383841E-01,-8.285114E-09
1666269262
-3.384092E-01,-8.817390E-09
1666269272
-3.383249E-01,-8.182577E-09
1666269282
-3.383801E-01,-8.320963E-09
1666269293
-3.383234E-01,-9.191281E-09
1666269303
-3.382810E-01,-7.987928E-09
1666269313
-3.382726E-01,-8.855743E-09
1666269324
-3.382626E-01,-8.510618E-09
1666269334
-3.382635E-01,-6.796246E-09
1666269344
-3.382768E-01,-9.254641E-09
1666269354
-3.383428E-01,-8.105891E-09
1666269365
-3.382719E-01,-9.233384E-09
1666269375
-3.382652E-01,-8.878254E-09
1666269385
-3.382302E-01,-9.058739E-09
1666269396
-3.381930E-01,-9.941984E-09
1666269406
-3.382479E-01,-7.454824E-09
1666269416
-3.382386E-01,-9.833604E-09
1666269426
-3.382812E-01,-8.504788E-09
1666269437
-3.383155E-01,-1.042299E-08
1666269447
-3.383822E-01,-9.278823E-09
1666269457
-3.383498E-01,-1.091442E-08
1666269468
-3.383315E-01,-1.073227E-08
1666269478
-3.382463E-01,-9.257983E-09
1666269488
-3.382980E-01,-9.545172E-09
1666269498
-3.382730E-01,-1.070268E-08
1666269509
-3.382940E-01,-8.562732E-09
1666269519
-3.383123E-01,-1.072685E-08
1666269529
-3.382449E-01,-9.323428E-09
1666269540
-3.382766E-01,-9.666888E-09
1666269550
-3.382272E-01,-1.118827E-08
1666269560
-3.383182E-01,-1.122245E-08
1666269571
-3.383025E-01,-9.380535E-09
1666269581
-3.382599E-01,-1.049386E-08
1666269591
-3.381925E-01,-9.022072E-09
1666269601
-3.382443E-01,-9.616875E-09
1666269612
-3.382726E-01,-1.003911E-08
1666269622
-3.382592E-01,-8.758225E-09
1666269632
-3.381775E-01,-7.144302E-09
1666269643
-3.382994E-01,-1.027962E-08
1666269653
-3.382327E-01,-9.063341E-09
1666269663
-3.381542E-01,-7.933342E-09
1666269673
-3.381941E-01,-8.143834E-09
1666269684
-3.381666E-01,-9.377200E-09
1666269694
-3.381849E-01,-7.909997E-09
1666269704
-3.382483E-01,-8.462283E-09
1666269715
-3.382032E-01,-9.537675E-09
1666269725
-3.382157E-01,-8.429352E-09
1666269735
-3.382041E-01,-1.070185E-08
1666269746
-3.382183E-01,-9.533509E-09
1666269756
-3.381533E-01,-8.301392E-09
1666269766
-3.382893E-01,-1.067476E-08
1666269776
-3.382608E-01,-9.313427E-09
1666269787
-3.382902E-01,-7.986696E-09
1666269797
-3.381966E-01,-8.125077E-09
1666269807
-3.381966E-01,-7.020506E-09
1666269818
-3.381718E-01,-8.303061E-09
1666269828
-3.381825E-01,-7.118043E-09
1666269838
-3.381492E-01,-7.599896E-09
1666269848
-3.381942E-01,-8.841174E-09
1666269858
-3.382300E-01,-9.556016E-09
1666269869
-3.381842E-01,-9.219229E-09
1666269879
-3.382843E-01,-8.280969E-09
1666269889
-3.381166E-01,-7.992945E-09
1666269900
-3.382183E-01,-8.175513E-09
1666269910
-3.382801E-01,-7.463168E-09
1666269920
-3.383051E-01,-9.112939E-09
1666269931
-3.381907E-01,-9.915730E-09
1666269941
-3.382031E-01,-9.186295E-09
1666269951
-3.381932E-01,-8.334736E-09
1666269961
-3.382882E-01,-9.004980E-09
1666269972
-3.382674E-01,-7.641566E-09
1666269982
-3.381983E-01,-8.812830E-09
1666269992
-3.381482E-01,-1.001827E-08
1666270003
-3.382409E-01,-8.473538E-09
1666270013
-3.382033E-01,-8.713625E-09
1666270023
-3.381908E-01,-7.657822E-09
1666270034
-3.381626E-01,-8.052972E-09
1666270044
-3.381642E-01,-8.969139E-09
1666270054
-3.381659E-01,-7.425240E-09
1666270064
-3.381217E-01,-8.182184E-09
1666270075
-3.381883E-01,-7.947513E-09
1666270085
-3.382075E-01,-8.110492E-09
1666270095
-3.382317E-01,-8.145919E-09
1666270106
-3.382492E-01,-8.416017E-09
1666270116
-3.382108E-01,-6.465720E-09
1666270126
-3.382392E-01,-8.027959E-09
1666270136
-3.382083E-01,-7.686999E-09
1666270147
-3.382500E-01,-6.307328E-09
1666270157
-3.381566E-01,-6.781252E-09
1666270167
-3.381991E-01,-8.137998E-09
1666270178
-3.381802E-01,-6.579936E-09
1666270188
-3.381842E-01,-8.243039E-09
1666270198
-3.382367E-01,-7.558621E-09
1666270208
-3.381250E-01,-7.107219E-09
1666270219
-3.380898E-01,-7.170977E-09
1666270229
-3.382067E-01,-7.664910E-09
1666270239
-3.382033E-01,-8.592330E-09
1666270250
-3.381774E-01,-9.285085E-09
1666270260
-3.381507E-01,-7.981691E-09
1666270270
-3.381732E-01,-8.536058E-09
1666270281
-3.382491E-01,-7.621141E-09
1666270291
-3.381717E-01,-7.410233E-09
1666270301
-3.381540E-01,-9.520170E-09
1666270311
-3.381874E-01,-8.598582E-09
1666270321
-3.382016E-01,-8.064220E-09
1666270332
-3.382158E-01,-7.909998E-09
1666270342
-3.382540E-01,-8.365578E-09
1666270352
-3.381815E-01,-7.042596E-09
1666270363
-3.381232E-01,-1.008746E-08
1666270373
-3.381181E-01,-9.995759E-09
1666270383
-3.381324E-01,-9.698568E-09
1666270394
-3.381340E-01,-9.640211E-09
1666270404
-3.381490E-01,-9.089177E-09
1666270414
-3.381257E-01,-8.259708E-09
1666270424
-3.382007E-01,-8.796154E-09
1666270434
-3.382309E-01,-8.224282E-09
1666270445
-3.382584E-01,-8.751557E-09
1666270455
-3.382401E-01,-8.160925E-09
1666270465
-3.381257E-01,-7.952096E-09
1666270476
-3.381266E-01,-6.107672E-09
1666270486
-3.381074E-01,-8.540228E-09
1666270496
-3.381782E-01,-8.834919E-09
1666270506
-3.382208E-01,-8.771146E-09
1666270517
-3.382066E-01,-8.577740E-09
1666270527
-3.383192E-01,-7.540696E-09
1666270537
-3.382924E-01,-8.636511E-09
1666270548
-3.382366E-01,-7.436907E-09
1666270558
-3.382190E-01,-7.804956E-09
1666270568
-3.381665E-01,-8.626091E-09
1666270579
-3.381999E-01,-6.614105E-09
1666270589
-3.381815E-01,-6.416116E-09
1666270599
-3.381706E-01,-5.578310E-09
1666270609
-3.381005E-01,-6.061820E-09
1666270620
-3.380848E-01,-5.976372E-09
1666270630
-3.382256E-01,-6.753738E-09
1666270640
-3.381723E-01,-6.321921E-09
1666270651
-3.381355E-01,-6.720809E-09
1666270661
-3.381097E-01,-5.588315E-09
1666270671
-3.382173E-01,-8.209269E-09
1666270681
-3.382464E-01,-5.550799E-09
1666270692
-3.381747E-01,-7.829547E-09
1666270702
-3.381189E-01,-7.873731E-09
1666270712
-3.381588E-01,-6.474469E-09
1666270723
-3.381796E-01,-7.509846E-09
1666270733
-3.381579E-01,-6.733729E-09
1666270743
-3.382855E-01,-6.819594E-09
1666270754
-3.382013E-01,-9.209216E-09
1666270764
-3.381737E-01,-1.018374E-08
1666270774
-3.382321E-01,-8.250948E-09
1666270784
-3.381688E-01,-8.079220E-09
1666270795
-3.382621E-01,-7.622802E-09
1666270805
-3.381705E-01,-9.500157E-09
1666270815
-3.382556E-01,-9.130021E-09
1666270826
-3.382055E-01,-7.816206E-09
1666270836
-3.382371E-01,-8.080887E-09
1666270846
-3.382672E-01,-9.022064E-09
1666270857
-3.383029E-01,-8.902434E-09
1666270867
-3.382397E-01,-6.780830E-09
1666270877
-3.382680E-01,-5.951776E-09
1666270887
-3.382071E-01,-9.047072E-09
1666270898
-3.382263E-01,-8.616082E-09
1666270908
-3.382271E-01,-8.059629E-09
1666270918
-3.381921E-01,-8.378080E-09
1666270928
-3.382012E-01,-7.103445E-09
1666270939
-3.382770E-01,-7.573616E-09
1666270949
-3.381678E-01,-8.862420E-09
1666270959
-3.382354E-01,-9.117930E-09
1666270970
-3.382646E-01,-7.444404E-09
1666270980
-3.381744E-01,-9.029145E-09
1666270990
-3.382328E-01,-7.587371E-09
1666271000
-3.383060E-01,-8.576894E-09
1666271011
-3.382620E-01,-7.262252E-09
1666271021
-3.382177E-01,-6.845015E-09
1666271031
-3.382745E-01,-7.566529E-09
1666271042
-3.381852E-01,-6.759568E-09
1666271052
-3.382377E-01,-5.707518E-09
1666271062
-3.382510E-01,-7.704493E-09
1666271072
-3.382486E-01,-7.433979E-09
1666271083
-3.382093E-01,-9.096249E-09
1666271093
-3.383093E-01,-7.631132E-09
1666271103
-3.382501E-01,-9.511400E-09
1666271114
-3.382352E-01,-7.665729E-09
1666271124
-3.382860E-01,-7.224318E-09
1666271134
-3.383093E-01,-8.024609E-09
1666271145
-3.382987E-01,-8.775302E-09
1666271155
-3.383244E-01,-4.966416E-09
1666271165
-3.382260E-01,-6.258968E-09
1666271175
-3.382435E-01,-5.376563E-09
1666271186
-3.382744E-01,-8.049619E-09
1666271196
-3.382834E-01,-5.889664E-09
1666271206
-3.381891E-01,-5.989700E-09
1666271217
-3.382276E-01,-7.177635E-09
1666271227
-3.381650E-01,-6.559909E-09
1666271237
-3.382184E-01,-6.691207E-09
1666271248
-3.382276E-01,-6.999236E-09
1666271258
-3.382667E-01,-7.909566E-09
1666271268
-3.382232E-01,-6.299395E-09
1666271278
-3.382367E-01,-7.830786E-09
1666271289
-3.382517E-01,-9.285064E-09
1666271299
-3.383001E-01,-7.430225E-09
1666271309
-3.382410E-01,-6.233560E-09
1666271320
-3.383501E-01,-8.223013E-09
1666271330
-3.383560E-01,-6.322739E-09
1666271340
-3.382908E-01,-6.305647E-09
1666271350
-3.382976E-01,-6.607842E-09
1666271361
-3.382983E-01,-6.699540E-09
1666271371
-3.382816E-01,-7.541095E-09
1666271381
-3.382441E-01,-5.687922E-09
1666271392
-3.382699E-01,-7.552352E-09
1666271402
-3.383767E-01,-6.322319E-09
1666271412
-3.383449E-01,-6.848760E-09
1666271423
-3.383140E-01,-6.828335E-09
1666271433
-3.383490E-01,-6.251458E-09
1666271443
-3.382740E-01,-5.810466E-09
1666271453
-3.381831E-01,-6.147255E-09
1666271464
-3.383223E-01,-6.233534E-09
1666271474
-3.383256E-01,-5.591636E-09
1666271484
-3.383825E-01,-7.017571E-09
1666271495
-3.383523E-01,-6.153088E-09
1666271505
-3.383315E-01,-6.159363E-09
1666271515
-3.383239E-01,-6.604501E-09
1666271526
-3.383215E-01,-7.234731E-09
1666271536
-3.382564E-01,-5.872987E-09
1666271546
-3.383223E-01,-7.982503E-09
1666271556
-3.382689E-01,-7.349772E-09
1666271567
-3.383256E-01,-6.590331E-09
1666271577
-3.383373E-01,-6.599084E-09
1666271587
-3.383640E-01,-4.680472E-09
1666271598
-3.383080E-01,-6.188100E-09
1666271608
-3.383022E-01,-7.320594E-09
1666271618
-3.383439E-01,-7.324762E-09
1666271629
-3.383463E-01,-7.006729E-09
1666271639
-3.382862E-01,-7.432299E-09
1666271649
-3.383198E-01,-6.749138E-09
1666271659
-3.384723E-01,-7.546926E-09
1666271670
-3.383798E-01,-6.235618E-09
1666271680
-3.383639E-01,-8.073367E-09
1666271690
-3.383064E-01,-7.401875E-09
1666271701
-3.382047E-01,-6.887521E-09
1666271711
-3.382732E-01,-9.197529E-09
1666271721
-3.383214E-01,-8.001257E-09
1666271731
-3.382981E-01,-8.122552E-09
1666271742
-3.383573E-01,-8.190910E-09
1666271752
-3.384164E-01,-5.355723E-09
1666271762
-3.384007E-01,-8.042941E-09
1666271773
-3.383198E-01,-7.129693E-09
1666271783
-3.384023E-01,-8.946599E-09
1666271793
-3.383355E-01,-6.230198E-09
1666271804
-3.383997E-01,-7.892051E-09
1666271814
-3.383313E-01,-6.706204E-09
1666271824
-3.384613E-01,-6.576571E-09
1666271834
-3.383562E-01,-8.067527E-09
1666271845
-3.382904E-01,-5.648320E-09
1666271855
-3.383813E-01,-7.218055E-09
1666271865
-3.384295E-01,-6.719125E-09
1666271876
-3.382945E-01,-5.935088E-09
1666271886
-3.383561E-01,-6.864175E-09
1666271896
-3.383929E-01,-7.306835E-09
1666271907
-3.383386E-01,-7.069665E-09
1666271917
-3.383645E-01,-6.239365E-09
1666271927
-3.383378E-01,-8.150056E-09
1666271937
-3.383394E-01,-7.341846E-09
1666271948
-3.383870E-01,-6.541975E-09
1666271958
-3.382935E-01,-5.531607E-09
1666271968
-3.383277E-01,-6.275626E-09
1666271979
-3.382853E-01,-4.655465E-09
1666271989
-3.383377E-01,-6.019312E-09
1666271999
-3.383468E-01,-7.947480E-09
1666272010
-3.383752E-01,-6.291886E-09
1666272020
-3.383451E-01,-7.170531E-09
1666272030
-3.383793E-01,-7.991662E-09
1666272040
-3.382901E-01,-7.388528E-09
1666272051
-3.383085E-01,-9.049961E-09
1666272061
-3.383277E-01,-8.363464E-09
1666272071
-3.383076E-01,-9.089974E-09
1666272082
-3.382926E-01,-9.230858E-09
1666272092
-3.382877E-01,-8.789869E-09
1666272102
-3.383377E-01,-7.390195E-09
1666272113
-3.383660E-01,-6.952960E-09
1666272123
-3.383359E-01,-7.833270E-09
1666272133
-3.384036E-01,-8.719008E-09
1666272143
-3.383870E-01,-7.951650E-09
1666272154
-3.383819E-01,-6.940871E-09
1666272164
-3.383838E-01,-8.684418E-09
1666272174
-3.383623E-01,-7.541090E-09
1666272185
-3.383706E-01,-7.608198E-09
1666272195
-3.383596E-01,-6.474035E-09
1666272205
-3.382837E-01,-8.226754E-09
1666272216
-3.383145E-01,-8.054606E-09
1666272226
-3.383871E-01,-8.655239E-09
1666272236
-3.383579E-01,-7.883711E-09
1666272247
-3.383522E-01,-7.491488E-09
1666272257
-3.383738E-01,-8.727351E-09
1666272267
-3.382487E-01,-7.338931E-09
1666272277
-3.383395E-01,-7.846614E-09
1666272287
-3.382997E-01,-7.763671E-09
1666272298
-3.383030E-01,-6.654519E-09
1666272308
-3.383248E-01,-7.508164E-09
1666272318
-3.382639E-01,-6.916281E-09
1666272329
-3.382340E-01,-7.942073E-09
1666272339
-3.383941E-01,-7.849955E-09
1666272349
-3.382448E-01,-7.503163E-09
1666272360
-3.383032E-01,-6.980890E-09
1666272370
-3.383385E-01,-6.406103E-09
1666272380
-3.382843E-01,-4.624227E-09
1666272390
-3.383376E-01,-7.581112E-09
1666272401
-3.383093E-01,-6.546570E-09
1666272411
-3.382658E-01,-6.455702E-09
1666272421
-3.381899E-01,-8.157571E-09
1666272431
-3.382260E-01,-7.266009E-09
1666272442
-3.383419E-01,-7.522761E-09
1666272452
-3.383413E-01,-8.782806E-09
1666272462
-3.383303E-01,-8.597318E-09
1666272473
-3.382442E-01,-7.834955E-09
1666272483
-3.382262E-01,-8.020446E-09
1666272493
-3.382970E-01,-8.919104E-09
1666272503
-3.382685E-01,-8.099637E-09
1666272514
-3.382628E-01,-8.287206E-09
1666272524
-3.382259E-01,-7.254328E-09
1666272534
-3.382684E-01,-7.887057E-09
1666272545
-3.383384E-01,-9.003712E-09
1666272555
-3.382393E-01,-7.032165E-09
1666272565
-3.382759E-01,-8.461432E-09
1666272576
-3.382327E-01,-7.225569E-09
1666272586
-3.382979E-01,-7.204731E-09
1666272596
-3.382320E-01,-7.979180E-09
1666272606
-3.382644E-01,-7.527763E-09
1666272617
-3.383369E-01,-6.793328E-09
1666272627
-3.382412E-01,-6.940886E-09
1666272637
-3.382204E-01,-8.477696E-09
1666272648
-3.382028E-01,-7.634471E-09
1666272658
-3.382219E-01,-8.410586E-09
1666272668
-3.381853E-01,-8.103808E-09
1666272679
-3.381836E-01,-7.592377E-09
1666272689
-3.382419E-01,-8.224688E-09
1666272699
-3.381495E-01,-6.900871E-09
1666272710
-3.382713E-01,-6.594092E-09
1666272720
-3.382339E-01,-7.135959E-09
1666272730
-3.381890E-01,-6.705390E-09
1666272740
-3.381140E-01,-6.890874E-09
1666272751
-3.381982E-01,-8.172177E-09
1666272761
-3.382599E-01,-7.230997E-09
1666272771
-3.383105E-01,-8.553975E-09
1666272782
-3.382532E-01,-6.063903E-09
1666272792
-3.381655E-01,-5.868419E-09
1666272802
-3.382347E-01,-6.727478E-09
1666272812
-3.382789E-01,-7.213905E-09
1666272823
-3.381848E-01,-6.669541E-09
1666272833
-3.381689E-01,-7.590295E-09
1666272843
-3.381965E-01,-7.529439E-09
1666272854
-3.381216E-01,-6.614108E-09
1666272864
-3.381342E-01,-8.288056E-09
1666272874
-3.381550E-01,-7.340625E-09
1666272885
-3.380866E-01,-7.211411E-09
1666272895
-3.381324E-01,-7.957933E-09
1666272905
-3.381832E-01,-7.629061E-09
1666272915
-3.382275E-01,-7.636147E-09
1666272926
-3.381550E-01,-6.907548E-09
1666272936
-3.381241E-01,-7.697005E-09
1666272946
-3.380882E-01,-6.395694E-09
1666272957
-3.381416E-01,-7.659906E-09
1666272967
-3.382058E-01,-6.190202E-09
1666272977
-3.382350E-01,-5.594164E-09
1666272988
-3.382417E-01,-7.143885E-09
1666272998
-3.382018E-01,-6.307748E-09
1666273008
-3.382394E-01,-7.516942E-09
1666273018
-3.381677E-01,-6.553256E-09
1666273029
-3.383045E-01,-7.652827E-09
1666273039
-3.381543E-01,-7.718683E-09
1666273049
-3.381412E-01,-7.699930E-09
1666273060
-3.381070E-01,-8.649028E-09
1666273070
-3.381671E-01,-6.779179E-09
1666273080
-3.381828E-01,-6.368616E-09
1666273091
-3.381404E-01,-7.927930E-09
1666273101
-3.382079E-01,-6.541172E-09
1666273111
-3.381788E-01,-7.992121E-09
1666273121
-3.381605E-01,-7.810389E-09
1666273132
-3.380996E-01,-6.426967E-09
1666273142
-3.382223E-01,-6.227309E-09
1666273152
-3.381230E-01,-6.451141E-09
1666273162
-3.380763E-01,-5.474949E-09
1666273173
-3.381539E-01,-6.538674E-09
1666273183
-3.381848E-01,-7.694516E-09
1666273193
-3.380916E-01,-6.807944E-09
1666273204
-3.381048E-01,-6.544517E-09
1666273214
-3.381681E-01,-6.283581E-09
1666273224
-3.381154E-01,-8.333081E-09
1666273234
-3.381471E-01,-8.187611E-09
1666273245
-3.381814E-01,-8.033390E-09
1666273255
-3.382114E-01,-8.088410E-09
1666273265
-3.381372E-01,-7.401918E-09
1666273276
-3.380663E-01,-7.987955E-09
1666273286
-3.381037E-01,-8.686128E-09
1666273296
-3.381322E-01,-7.972116E-09
1666273307
-3.380939E-01,-8.484390E-09
1666273317
-3.381656E-01,-6.152281E-09
1666273327
-3.381239E-01,-6.380283E-09
1666273337
-3.382649E-01,-9.891993E-09
1666273348
-3.382274E-01,-6.749169E-09
1666273358
-3.381324E-01,-5.585408E-09
1666273368
-3.381456E-01,-8.250144E-09
1666273379
-3.381673E-01,-8.047563E-09
1666273389
-3.381589E-01,-8.170525E-09
1666273399
-3.381806E-01,-7.265608E-09
1666273410
-3.381272E-01,-7.464441E-09
1666273420
-3.380863E-01,-8.871198E-09
1666273430
-3.380780E-01,-7.660336E-09
1666273440
-3.380863E-01,-7.925439E-09
1666273451
-3.381472E-01,-6.371945E-09
1666273461
-3.380922E-01,-8.140514E-09
1666273471
-3.381630E-01,-8.029221E-09
1666273482
-3.381279E-01,-7.157234E-09
1666273492
-3.382463E-01,-8.109665E-09
1666273502
-3.381772E-01,-7.846652E-09
1666273513
-3.380995E-01,-6.755833E-09
1666273523
-3.381846E-01,-6.622451E-09
1666273533
-3.381237E-01,-7.629906E-09
1666273543
-3.380829E-01,-7.166819E-09
1666273554
-3.382030E-01,-6.914642E-09
1666273564
-3.381495E-01,-6.035985E-09
1666273574
-3.381412E-01,-6.029317E-09
1666273585
-3.381113E-01,-7.520281E-09
1666273595
-3.382054E-01,-7.302700E-09
1666273605
-3.381595E-01,-6.954239E-09
1666273616
-3.381712E-01,-6.495321E-09
1666273626
-3.381554E-01,-6.526581E-09
1666273636
-3.381528E-01,-4.984404E-09
1666273646
-3.381136E-01,-5.417841E-09
1666273657
-3.380561E-01,-6.996755E-09
1666273667
-3.380478E-01,-5.886775E-09
1666273677
-3.380301E-01,-7.968776E-09
1666273688
-3.380044E-01,-6.267737E-09
1666273698
-3.381119E-01,-6.917976E-09
1666273708
-3.381894E-01,-6.717900E-09
1666273719
-3.381143E-01,-6.883377E-09
1666273729
-3.381076E-01,-6.340261E-09
1666273739
-3.381927E-01,-6.747078E-09
1666273749
-3.382168E-01,-6.472809E-09
1666273760
-3.381952E-01,-6.694973E-09
1666273770
-3.381869E-01,-8.135504E-09
1666273780
-3.381518E-01,-6.394864E-09
1666273791
-3.381943E-01,-5.651675E-09
1666273801
-3.382635E-01,-7.950851E-09
1666273811
-3.382561E-01,-7.298111E-09
1666273822
-3.381802E-01,-7.115128E-09
1666273832
-3.381451E-01,-5.254862E-09
1666273842
-3.381909E-01,-6.034313E-09
1666273852
-3.381643E-01,-8.230120E-09
1666273863
-3.382085E-01,-6.802929E-09
1666273873
-3.382109E-01,-5.545802E-09
1666273883
-3.381718E-01,-7.238924E-09
1666273894
-3.381594E-01,-7.990033E-09
1666273904
-3.381092E-01,-5.550387E-09
1666273914
-3.382059E-01,-4.339543E-09
1666273925
-3.381835E-01,-4.942267E-09
1666273935
-3.381576E-01,-7.291442E-09
1666273945
-3.381801E-01,-6.912969E-09
1666273955
-3.381909E-01,-6.907549E-09
1666273966
-3.380608E-01,-6.040148E-09
1666273976
-3.381109E-01,-5.090635E-09
1666273986
-3.380683E-01,-7.258511E-09
1666273996
-3.382042E-01,-7.115125E-09
1666274007
-3.381709E-01,-4.971014E-09
1666274017
-3.381600E-01,-6.124346E-09
1666274027
-3.381876E-01,-6.047652E-09
1666274038
-3.382717E-01,-6.688301E-09
1666274048
-3.381541E-01,-7.975022E-09
1666274058
-3.381999E-01,-5.776726E-09
1666274069
-3.381850E-01,-6.454466E-09
1666274079
-3.382024E-01,-6.049317E-09
1666274089
-3.381532E-01,-7.589046E-09
1666274099
-3.381075E-01,-5.369907E-09
1666274110
-3.381625E-01,-6.146020E-09
1666274120
-3.381449E-01,-5.774217E-09
1666274130
-3.381624E-01,-5.874671E-09
1666274141
-3.382150E-01,-7.067190E-09
1666274151
-3.381774E-01,-5.655854E-09
1666274161
-3.381907E-01,-6.009718E-09
1666274171
-3.381923E-01,-7.122624E-09
1666274182
-3.380930E-01,-5.948861E-09
1666274192
-3.381381E-01,-5.466186E-09
1666274202
-3.381499E-01,-5.984293E-09
1666274213
-3.381916E-01,-7.581961E-09
1666274223
-3.382048E-01,-7.061352E-09
1666274233
-3.381975E-01,-7.930422E-09
1666274244
-3.381880E-01,-5.624614E-09
1666274254
-3.381364E-01,-7.066353E-09
1666274264
-3.381447E-01,-6.528240E-09
1666274275
-3.380823E-01,-6.409865E-09
1666274285
-3.382105E-01,-6.930468E-09
1666274295
-3.381622E-01,-6.316495E-09
1666274305
-3.381180E-01,-5.768378E-09
1666274316
-3.381213E-01,-5.215676E-09
1666274326
-3.380955E-01,-6.128104E-09
1666274336
-3.381505E-01,-5.742542E-09
1666274347
-3.381313E-01,-6.383186E-09
1666274357
-3.381813E-01,-5.372816E-09
1666274367
-3.381347E-01,-7.817460E-09
1666274378
-3.382406E-01,-6.030557E-09
1666274388
-3.382347E-01,-5.679178E-09
1666274398
-3.381905E-01,-7.429400E-09
1666274408
-3.382813E-01,-8.338480E-09
1666274419
-3.382730E-01,-6.683293E-09
1666274429
-3.382663E-01,-4.278669E-09
1666274439
-3.382488E-01,-6.077239E-09
1666274450
-3.382446E-01,-6.711637E-09
1666274460
-3.382496E-01,-6.060150E-09
1666274470
-3.381912E-01,-6.168937E-09
1666274481
-3.381720E-01,-6.327745E-09
1666274491
-3.381644E-01,-6.714136E-09
1666274501
-3.382713E-01,-7.132622E-09
1666274511
-3.382337E-01,-6.258554E-09
1666274521
-3.383179E-01,-6.632856E-09
1666274532
-3.382086E-01,-5.619153E-09
1666274542
-3.382320E-01,-5.242352E-09
1666274552
-3.382604E-01,-5.018935E-09
1666274563
-3.382245E-01,-5.515365E-09
1666274573
-3.382011E-01,-5.336972E-09
1666274583
-3.382987E-01,-5.785884E-09
1666274594
-3.382645E-01,-6.915041E-09
1666274604
-3.382461E-01,-7.649057E-09
1666274614
-3.381635E-01,-5.060615E-09
1666274624
-3.382044E-01,-6.208128E-09
1666274635
-3.382227E-01,-6.226887E-09
1666274645
-3.382311E-01,-6.085989E-09
1666274655
-3.382527E-01,-6.279392E-09
1666274666
-3.381810E-01,-6.896701E-09
1666274676
-3.382060E-01,-6.526986E-09
1666274686
-3.382661E-01,-7.504839E-09
1666274697
-3.382252E-01,-6.157680E-09
1666274707
-3.382544E-01,-7.478579E-09
1666274717
-3.382285E-01,-6.519063E-09
1666274727
-3.381960E-01,-6.966309E-09
1666274738
-3.381784E-01,-8.644418E-09
1666274748
-3.382534E-01,-7.674481E-09
1666274758
-3.382643E-01,-7.460238E-09
1666274769
-3.382759E-01,-6.098496E-09
1666274779
-3.382492E-01,-6.942548E-09
1666274789
-3.382333E-01,-6.697457E-09
1666274800
-3.382959E-01,-6.415689E-09
1666274810
-3.382550E-01,-7.121778E-09
1666274820
-3.382683E-01,-9.152931E-09
1666274830
-3.382384E-01,-8.251357E-09
1666274841
-3.382690E-01,-6.963414E-09
1666274851
-3.383008E-01,-6.359000E-09
1666274861
-3.382449E-01,-7.603618E-09
1666274872
-3.382574E-01,-8.312208E-09
1666274882
-3.382573E-01,-5.636252E-09
1666274892
-3.383158E-01,-5.685839E-09
1666274902
-3.383049E-01,-7.490243E-09
1666274913
-3.384133E-01,-8.591893E-09
1666274923
-3.384058E-01,-7.976252E-09
1666274933
-3.383099E-01,-8.220507E-09
1666274943
-3.384100E-01,-7.467735E-09
1666274954
-3.383566E-01,-6.919201E-09
1666274964
-3.383540E-01,-6.273549E-09
1666274974
-3.383107E-01,-9.069147E-09
1666274985
-3.383172E-01,-6.442776E-09
1666274995
-3.383140E-01,-7.431469E-09
1666275005
-3.383706E-01,-6.819996E-09
1666275016
-3.382905E-01,-7.175542E-09
1666275026
-3.383872E-01,-7.533171E-09
1666275036
-3.382872E-01,-8.589804E-09
1666275046
-3.383322E-01,-8.757782E-09
1666275057
-3.383338E-01,-6.790818E-09
1666275067
-3.382879E-01,-6.281466E-09
1666275077
-3.383712E-01,-7.272240E-09
1666275088
-3.383655E-01,-8.456420E-09
1666275098
-3.383571E-01,-7.397285E-09
1666275108
-3.383121E-01,-8.208829E-09
1666275119
-3.383204E-01,-6.589076E-09
1666275129
-3.383621E-01,-8.840725E-09
1666275139
-3.382652E-01,-6.640760E-09
1666275149
-3.383528E-01,-7.237642E-09
1666275160
-3.383195E-01,-8.247592E-09
1666275170
-3.383578E-01,-7.428545E-09
1666275180
-3.383870E-01,-6.098064E-09
1666275191
-3.383227E-01,-9.706866E-09
1666275201
-3.383027E-01,-7.457721E-09
1666275211
-3.383544E-01,-7.569012E-09
1666275222
-3.383904E-01,-7.936229E-09
1666275232
-3.383836E-01,-5.864647E-09
1666275242
-3.383970E-01,-6.976298E-09
1666275253
-3.383995E-01,-7.407711E-09
1666275263
-3.383394E-01,-5.236537E-09
1666275273
-3.383661E-01,-7.049658E-09
1666275283
-3.384086E-01,-6.809991E-09
1666275294
-3.384136E-01,-6.661611E-09
1666275304
-3.383752E-01,-6.840413E-09
1666275314
-3.383985E-01,-5.762537E-09
1666275325
-3.384444E-01,-7.967904E-09
1666275335
-3.384461E-01,-8.155054E-09
1666275345
-3.383268E-01,-8.521436E-09
1666275356
-3.383193E-01,-7.502736E-09
1666275366
-3.383184E-01,-7.326420E-09
1666275376
-3.383301E-01,-8.447659E-09
1666275386
-3.382916E-01,-7.764494E-09
1666275397
-3.383358E-01,-8.459328E-09
1666275407
-3.384243E-01,-6.430680E-09
1666275417
-3.384819E-01,-7.967903E-09
1666275428
-3.384210E-01,-7.105506E-09
1666275438
-3.384017E-01,-6.463190E-09
1666275448
-3.383783E-01,-8.097113E-09
1666275458
-3.384893E-01,-8.200483E-09
1666275469
-3.384976E-01,-8.271760E-09
1666275479
-3.384426E-01,-7.863280E-09
1666275489
-3.384960E-01,-8.332615E-09
1666275500
-3.383650E-01,-8.763603E-09
1666275510
-3.383383E-01,-6.666598E-09
1666275520
-3.384342E-01,-7.589846E-09
1666275531
-3.383349E-01,-7.773247E-09
1666275541
-3.384533E-01,-6.862916E-09
1666275551
-3.383941E-01,-4.772165E-09
1666275561
-3.384284E-01,-7.749072E-09
1666275572
-3.383351E-01,-7.538164E-09
1666275582
-3.384259E-01,-7.020892E-09
1666275592
-3.385152E-01,-6.038872E-09
1666275603
-3.384911E-01,-7.950397E-09
1666275613
-3.383960E-01,-8.222578E-09
1666275623
-3.383317E-01,-5.360719E-09
1666275633
-3.383960E-01,-7.893291E-09
1666275644
-3.384618E-01,-6.841661E-09
1666275654
-3.383259E-01,-5.724613E-09
1666275664
-3.383509E-01,-6.822489E-09
1666275675
-3.384161E-01,-6.779557E-09
1666275685
-3.382826E-01,-8.331785E-09
1666275695
-3.383034E-01,-7.004643E-09
1666275706
-3.383719E-01,-5.876322E-09
1666275716
-3.384112E-01,-7.200128E-09
1666275726
-3.384303E-01,-5.953025E-09
1666275736
-3.383936E-01,-6.634090E-09
1666275746
-3.384471E-01,-4.925140E-09
1666275756
-3.384012E-01,-7.531500E-09
1666275767
-3.383928E-01,-5.599966E-09
1666275777
-3.383969E-01,-6.190596E-09
1666275787
-3.383711E-01,-6.286887E-09
1666275798
-3.384545E-01,-5.692924E-09
1666275808
-3.383529E-01,-6.336069E-09
1666275818
-3.384188E-01,-6.345669E-09
1666275828
-3.383806E-01,-7.372280E-09
1666275839
-3.383546E-01,-6.361495E-09
1666275849
-3.384514E-01,-5.817549E-09
1666275859
-3.383072E-01,-6.013871E-09
1666275870
-3.384531E-01,-7.030078E-09
1666275880
-3.384424E-01,-6.003452E-09
1666275890
-3.383790E-01,-5.975524E-09
1666275901
-3.383856E-01,-6.610337E-09
1666275911
-3.383979E-01,-5.942592E-09
1666275921
-3.383297E-01,-6.791652E-09
1666275931
-3.382931E-01,-5.995948E-09
1666275941
-3.383180E-01,-4.923479E-09
1666275952
-3.382880E-01,-7.283497E-09
1666275962
-3.382655E-01,-7.554430E-09
1666275972
-3.383014E-01,-5.297778E-09
1666275983
-3.383572E-01,-6.050966E-09
1666275993
-3.383998E-01,-6.644515E-09
1666276003
-3.383865E-01,-5.230265E-09
1666276014
-3.383823E-01,-5.715013E-09
1666276024
-3.382955E-01,-7.221392E-09
1666276034
-3.382998E-01,-5.960937E-09
1666276044
-3.383674E-01,-6.826669E-09
1666276055
-3.383766E-01,-5.877157E-09
1666276065
-3.382557E-01,-8.048779E-09
1666276075
-3.382858E-01,-7.554852E-09
1666276086
-3.382342E-01,-7.083431E-09
1666276096
-3.382535E-01,-6.814585E-09
1666276106
-3.382635E-01,-7.085102E-09
1666276117
-3.382559E-01,-7.248492E-09
1666276127
-3.382401E-01,-7.144704E-09
1666276137
-3.383335E-01,-5.836336E-09
1666276147
-3.382935E-01,-7.212648E-09
1666276158
-3.382918E-01,-5.103144E-09
1666276168
-3.381961E-01,-6.376511E-09
1666276178
-3.382836E-01,-4.051095E-09
1666276189
-3.383028E-01,-7.739091E-09
1666276199
-3.383027E-01,-6.572415E-09
1666276209
-3.382879E-01,-6.180608E-09
