1668404411
-3.489501E-01,-2.258491E-07
1668404412
-3.285311E-01,-2.201004E-07
1668404414
-3.080878E-01,-2.140966E-07
1668404416
-2.876312E-01,-2.119975E-07
1668404417
-2.671337E-01,-2.098100E-07
1668404419
-2.499857E-01,-2.102506E-07
1668404420
-2.294324E-01,-2.105216E-07
1668404422
-2.088799E-01,-2.070291E-07
1668404423
-1.884883E-01,-2.057310E-07
1668404425
-1.679575E-01,-2.029572E-07
1668404427
-1.474909E-01,-1.981571E-07
1668404428
-1.270185E-01,-1.973172E-07
1668404430
-1.099822E-01,-1.992050E-07
1668404431
-8.954478E-02,-1.995576E-07
1668404433
-6.899479E-02,-1.908616E-07
1668404434
-4.848732E-02,-1.863736E-07
1668404436
-2.791900E-02,-1.825223E-07
1668404438
-7.435792E-03,-1.823356E-07
1668404439
+1.303296E-02,-1.882307E-07
1668404441
+3.349754E-02,-1.812707E-07
1668404442
+5.384621E-02,-1.789274E-07
1668404444
+7.431412E-02,-1.699608E-07
1668404445
+9.469612E-02,-1.708415E-07
1668404447
+1.116649E-01,-1.693610E-07
1668404449
+1.322278E-01,-1.644571E-07
1668404450
+1.527391E-01,-1.630312E-07
1668404452
+1.731795E-01,-1.619529E-07
1668404453
+1.937767E-01,-1.564447E-07
1668404455
+2.143105E-01,-1.515213E-07
1668404456
+2.348985E-01,-1.489600E-07
1668404458
+2.519657E-01,-1.434376E-07
1668404460
+2.724537E-01,-1.462507E-07
1668404461
+2.930116E-01,-1.408070E-07
1668404463
+3.133936E-01,-1.380394E-07
1668404464
+3.339208E-01,-1.354910E-07
1668404466
+3.544187E-01,-1.300670E-07
1668404467
+3.748516E-01,-1.279675E-07
1668404469
+3.952879E-01,-1.246359E-07
1668404471
+4.123526E-01,-1.212563E-07
1668404472
+4.329072E-01,-1.157269E-07
1668404474
+4.533751E-01,-1.128913E-07
1668404475
+4.738388E-01,-1.138904E-07
1668404477
+4.943076E-01,-1.114762E-07
1668404478
+5.148307E-01,-1.078912E-07
1668404480
+5.352417E-01,-1.004243E-07
1668404481
+5.523058E-01,-9.952691E-08
1668404483
+5.728312E-01,-9.709437E-08
1668404485
+5.932682E-01,-9.223638E-08
1668404486
+6.137419E-01,-9.227890E-08
1668404488
+6.343951E-01,-8.838794E-08
1668404489
+6.548839E-01,-8.641514E-08
1668404491
+6.754286E-01,-8.301643E-08
1668404492
+6.925000E-01,-8.216905E-08
1668404494
+7.129362E-01,-7.617440E-08
1668404496
+7.334590E-01,-7.612437E-08
1668404497
+7.539043E-01,-7.141476E-08
1668404499
+7.743815E-01,-6.604992E-08
1668404500
+7.949110E-01,-6.471652E-08
1668404502
+8.153749E-01,-6.204515E-08
1668404503
+8.324153E-01,-6.062965E-08
1668404505
+8.529142E-01,-5.834926E-08
1668404507
+8.734279E-01,-5.482924E-08
1668404508
+8.938656E-01,-5.399768E-08
1668404510
+9.143414E-01,-5.124005E-08
1668404511
+9.348043E-01,-5.143136E-08
1668404513
+9.553431E-01,-4.729988E-08
1668404514
+9.724433E-01,-4.511826E-08
1668404516
+9.929315E-01,-4.411333E-08
1668404518
+1.013381E+00,-3.835251E-08
1668404519
+1.033883E+00,-3.819204E-08
1668404521
+1.054329E+00,-3.730088E-08
1668404522
+1.074969E+00,-3.382255E-08
1668404524
+1.095487E+00,-3.124997E-08
1668404525
+1.112596E+00,-3.010415E-08
1668404527
+1.133043E+00,-2.810593E-08
1668404529
+1.153521E+00,-2.791085E-08
1668404530
+1.174132E+00,-2.642532E-08
1668404532
+1.194651E+00,-2.446296E-08
1668404533
+1.215181E+00,-2.199749E-08
1668404535
+1.235584E+00,-2.029521E-08
1668404536
+1.252621E+00,-1.921858E-08
1668404538
+1.273143E+00,-1.846331E-08
1668404540
+1.293614E+00,-1.659097E-08
1668404541
+1.314110E+00,-1.430182E-08
1668404543
+1.334556E+00,-1.381748E-08
1668404544
+1.354960E+00,-1.313807E-08
1668404546
+1.375413E+00,-9.769778E-09
1668404547
+1.396007E+00,-9.101623E-09
1668404549
+1.413040E+00,-9.287103E-09
1668404550
+1.433542E+00,-8.483068E-09
1668404552
+1.453997E+00,-6.816637E-09
1668404554
+1.474478E+00,-4.501658E-09
1668404555
+1.495058E+00,-4.767172E-09
1668404557
+1.515619E+00,-1.252654E-09
1668404558
+1.536053E+00,-1.734096E-09
1668404560
+1.553205E+00,-1.119295E-09
1668404561
+1.573631E+00,+4.145114E-10
1668404563
+1.594132E+00,-2.915064E-10
1668404565
+1.614708E+00,+3.565768E-09
1668404566
+1.635164E+00,+1.112185E-09
