1664781643
-1.348296E+00,-2.354460E-06
1664781656
-1.334526E+00,-2.421646E-06
1664781668
-1.324365E+00,-2.468471E-06
1664781681
-1.307283E+00,-2.489007E-06
1664781693
-1.297021E+00,-2.496603E-06
1664781706
-1.283393E+00,-2.495655E-06
1664781718
-1.266311E+00,-2.487913E-06
1664781731
-1.259506E+00,-2.492536E-06
1664781743
-1.242484E+00,-2.487103E-06
1664781756
-1.232154E+00,-2.483871E-06
1664781769
-1.218500E+00,-2.479866E-06
1664781781
-1.201550E+00,-2.469956E-06
1664781794
-1.191231E+00,-2.464765E-06
1664781806
-1.177556E+00,-2.460875E-06
1664781819
-1.167314E+00,-2.449693E-06
1664781831
-1.153712E+00,-2.441581E-06
1664781844
-1.136633E+00,-2.431281E-06
1664781857
-1.126372E+00,-2.425869E-06
1664781869
-1.112723E+00,-2.416629E-06
1664781882
-1.102476E+00,-2.411834E-06
1664781894
-1.088807E+00,-2.404983E-06
1664781907
-1.071741E+00,-2.393926E-06
1664781919
-1.061457E+00,-2.392021E-06
1664781932
-1.047762E+00,-2.397646E-06
1664781944
-1.037506E+00,-2.385024E-06
1664781957
-1.023618E+00,-2.373829E-06
1664781970
-1.006569E+00,-2.360022E-06
1664781982
-9.963545E-01,-2.353426E-06
1664781995
-9.827313E-01,-2.327542E-06
1664782007
-9.725724E-01,-2.321461E-06
1664782020
-9.588780E-01,-2.303683E-06
1664782032
-9.417815E-01,-2.293556E-06
1664782045
-9.315099E-01,-2.286525E-06
1664782058
-9.179279E-01,-2.276094E-06
1664782070
-9.076357E-01,-2.264033E-06
1664782083
-8.939564E-01,-2.257327E-06
1664782095
-8.768396E-01,-2.244527E-06
1664782108
-8.667721E-01,-2.237959E-06
1664782120
-8.530455E-01,-2.230334E-06
1664782133
-8.428033E-01,-2.221058E-06
1664782145
-8.291929E-01,-2.214710E-06
1664782158
-8.120834E-01,-2.197592E-06
1664782170
-8.018069E-01,-2.189738E-06
1664782183
-7.881218E-01,-2.180865E-06
1664782195
-7.779768E-01,-2.176788E-06
1664782208
-7.643102E-01,-2.167063E-06
1664782220
-7.473326E-01,-2.151068E-06
1664782233
-7.371053E-01,-2.143139E-06
1664782246
-7.234250E-01,-2.132114E-06
1664782258
-7.131126E-01,-2.126650E-06
1664782271
-6.959512E-01,-2.114484E-06
1664782283
-6.823446E-01,-2.102058E-06
1664782296
-6.721170E-01,-2.093784E-06
1664782308
-6.584551E-01,-2.084633E-06
1664782321
-6.483327E-01,-2.074576E-06
1664782334
-6.311204E-01,-2.060666E-06
1664782346
-6.174202E-01,-2.049818E-06
1664782359
-6.071808E-01,-2.042901E-06
1664782371
-5.936706E-01,-2.038254E-06
1664782384
-5.831755E-01,-2.027601E-06
1664782396
-5.660806E-01,-2.013508E-06
1664782409
-5.524609E-01,-2.005819E-06
1664782421
-5.423644E-01,-1.999783E-06
1664782434
-5.286707E-01,-1.991830E-06
1664782446
-5.184805E-01,-1.984469E-06
1664782459
-5.014114E-01,-1.973161E-06
1664782472
-4.877316E-01,-1.960741E-06
1664782484
-4.774829E-01,-1.955811E-06
1664782497
-4.637881E-01,-1.945741E-06
1664782509
-4.535576E-01,-1.937283E-06
1664782522
-4.364457E-01,-1.927553E-06
1664782534
-4.227032E-01,-1.916739E-06
1664782547
-4.125231E-01,-1.909633E-06
1664782560
-3.988796E-01,-1.897757E-06
1664782572
-3.886460E-01,-1.892403E-06
1664782585
-3.715489E-01,-1.880463E-06
1664782597
-3.579252E-01,-1.874672E-06
1664782610
-3.476859E-01,-1.866240E-06
1664782622
-3.339814E-01,-1.857125E-06
1664782635
-3.238144E-01,-1.850165E-06
1664782648
-3.067772E-01,-1.836421E-06
1664782660
-2.931565E-01,-1.826568E-06
1664782673
-2.828695E-01,-1.816957E-06
1664782685
-2.657659E-01,-1.806340E-06
1664782698
-2.589275E-01,-1.799561E-06
1664782710
-2.418443E-01,-1.787569E-06
1664782723
-2.281969E-01,-1.778757E-06
1664782735
-2.179092E-01,-1.770128E-06
1664782748
-2.008206E-01,-1.762381E-06
1664782761
-1.939676E-01,-1.758687E-06
1664782773
-1.769283E-01,-1.749198E-06
1664782786
-1.633205E-01,-1.746981E-06
1664782798
-1.530104E-01,-1.740244E-06
1664782811
-1.360568E-01,-1.727371E-06
1664782823
-1.258198E-01,-1.719336E-06
1664782836
-1.121420E-01,-1.710368E-06
1664782849
-9.853630E-02,-1.701406E-06
-1.348576E+00,-2.860048E-06
-1.348553E+00,-2.557910E-06
-1.266654E+00,-2.506025E-06
-1.229159E+00,-2.486476E-06
-1.188173E+00,-2.457327E-06
-1.147128E+00,-2.435401E-06
-1.109487E+00,-2.407738E-06
-1.068588E+00,-2.388872E-06
-1.027491E+00,-2.359215E-06
-9.863798E-01,-2.330411E-06
-9.488668E-01,-2.303385E-06
-9.079144E-01,-2.277030E-06
-8.669839E-01,-2.246913E-06
-8.293423E-01,-2.217813E-06
-7.884544E-01,-2.194204E-06
-7.475762E-01,-2.162618E-06
-7.066227E-01,-2.136190E-06
-6.690295E-01,-2.108608E-06
-6.280434E-01,-2.079774E-06
-5.868542E-01,-2.052242E-06
-5.493489E-01,-2.024800E-06
