1667545414
-3.997202E-01,+6.161436E-10
1667545425
-3.996977E-01,+3.065249E-09
1667545435
-3.996977E-01,+5.866847E-10
1667545445
-3.998202E-01,-5.656526E-11
1667545456
-3.997702E-01,+1.214030E-09
1667545466
-3.996776E-01,+6.122548E-10
1667545476
-3.996442E-01,+1.364712E-09
1667545486
-3.997384E-01,+1.585489E-09
1667545497
-3.996709E-01,+1.091365E-09
1667545507
-3.996735E-01,+4.395558E-10
1667545517
-3.996701E-01,-6.483105E-10
1667545528
-3.997076E-01,+2.464186E-09
1667545538
-3.997486E-01,+8.631620E-10
1667545548
-3.997459E-01,+1.838990E-10
1667545559
-3.996735E-01,+1.885420E-09
1667545569
-3.996860E-01,+1.896820E-09
1667545579
-3.996401E-01,+7.076501E-10
1667545589
-3.996734E-01,+8.092697E-10
1667545600
-3.997267E-01,+1.694003E-09
1667545610
-3.996775E-01,+2.720938E-09
1667545620
-3.997042E-01,+2.105359E-09
1667545631
-3.997209E-01,+1.312935E-09
1667545641
-3.997651E-01,+1.735905E-09
1667545651
-3.996709E-01,+8.829198E-10
1667545662
-3.997759E-01,+1.233629E-09
1667545672
-3.996516E-01,+1.530641E-09
1667545682
-3.996125E-01,+1.457798E-09
1667545692
-3.996901E-01,+1.431331E-09
1667545703
-3.997742E-01,+1.196804E-10
1667545713
-3.997867E-01,-3.219795E-10
1667545723
-3.998110E-01,+4.100418E-10
1667545734
-3.997976E-01,+1.705737E-09
1667545744
-3.997835E-01,+1.829951E-10
1667545754
-3.997751E-01,+1.134720E-09
1667545764
-3.998352E-01,+1.396226E-09
1667545775
-3.997484E-01,+2.168492E-09
1667545785
-3.997885E-01,-3.692313E-10
1667545795
-3.997242E-01,+6.746462E-10
1667545806
-3.997994E-01,-2.933672E-10
1667545816
-3.998126E-01,+2.761614E-09
1667545826
-3.998467E-01,+2.391214E-09
1667545837
-3.997333E-01,+3.463289E-10
1667545847
-3.997759E-01,+1.143394E-09
1667545857
-3.996966E-01,+6.491396E-10
1667545867
-3.998467E-01,+2.565568E-09
1667545878
-3.998075E-01,+1.900996E-09
1667545888
-3.997098E-01,+4.056999E-10
1667545898
-3.997683E-01,+1.228961E-09
1667545909
-3.996925E-01,+1.211063E-09
1667545919
-3.998408E-01,+4.012798E-09
1667545929
-3.996840E-01,+1.068303E-09
1667545940
-3.997840E-01,+1.967662E-10
1667545950
-3.997824E-01,+2.098125E-09
1667545960
-3.997782E-01,+1.474898E-09
1667545970
-3.998365E-01,+1.219012E-09
1667545981
-3.998090E-01,+1.484493E-09
1667545991
-3.997765E-01,+6.801165E-10
1667546001
-3.997966E-01,+2.299494E-09
1667546012
-3.998015E-01,+1.216288E-09
1667546022
-3.997505E-01,+2.315824E-10
1667546032
-3.998066E-01,+1.934689E-09
1667546043
-3.997072E-01,-9.933415E-10
1667546053
-3.997306E-01,+6.971232E-10
1667546063
-3.997397E-01,-2.986703E-10
1667546073
-3.997590E-01,+1.029442E-10
1667546084
-3.998089E-01,+1.713997E-09
1667546094
-3.998173E-01,-1.041005E-09
1667546104
-3.997381E-01,+2.665492E-09
1667546115
-3.998606E-01,+1.226360E-09
1667546125
-3.997323E-01,+2.103799E-09
1667546135
-3.997947E-01,+4.071762E-10
1667546146
-3.997597E-01,+8.982947E-10
1667546156
-3.997355E-01,+2.391634E-09
1667546166
-3.997463E-01,+1.539145E-09
1667546176
-3.998355E-01,+1.341675E-09
1667546187
-3.997339E-01,+1.622984E-09
1667546197
-3.997613E-01,+1.298951E-09
1667546207
-3.997463E-01,+2.210452E-09
1667546218
-3.998264E-01,+9.580070E-10
1667546228
-3.998972E-01,+2.720640E-09
1667546238
-3.996887E-01,+5.420224E-10
1667546248
-3.997454E-01,+1.153621E-09
1667546259
-3.998063E-01,+6.473545E-10
1667546269
-3.999107E-01,+3.179869E-09
1667546279
-3.997862E-01,+9.781506E-10
1667546290
-3.997004E-01,+1.669147E-09
1667546300
-3.998222E-01,+1.406281E-09
1667546310
-3.998388E-01,-7.704413E-11
1667546321
-3.998512E-01,+1.041652E-09
1667546331
-3.997471E-01,-9.784603E-10
1667546341
-3.998579E-01,+1.676021E-09
1667546351
-3.997546E-01,+1.571368E-10
1667546362
-3.998471E-01,+1.970199E-09
1667546372
-3.998437E-01,+2.213066E-09
1667546382
-3.997486E-01,-6.729391E-11
1667546393
-3.998595E-01,+9.833875E-10
1667546403
-3.998085E-01,+2.798444E-09
1667546413
-3.998495E-01,+1.266756E-09
1667546424
-3.998862E-01,+6.362933E-10
1667546434
-3.998551E-01,-1.455753E-09
1667546444
-3.999062E-01,+1.425976E-09
1667546454
-3.998177E-01,+2.062499E-09
1667546465
-3.998686E-01,-7.271302E-10
1667546475
-3.998802E-01,+3.967440E-10
1667546485
-3.998502E-01,+6.574005E-10
1667546496
-3.998518E-01,+2.739707E-09
1667546506
-3.998694E-01,+8.267234E-10
1667546516
-3.998785E-01,+5.828227E-10
1667546526
-3.998209E-01,+1.213806E-09
1667546537
-3.998792E-01,+1.927711E-09
1667546547
-3.998217E-01,+9.225709E-10
1667546557
-3.997825E-01,+1.265859E-09
1667546568
-3.999709E-01,+8.058570E-11
1667546578
-3.997958E-01,+4.680673E-10
1667546588
-3.999033E-01,+3.175892E-09
1667546599
-3.998350E-01,+1.205119E-09
1667546609
-3.999574E-01,+3.992391E-09
1667546619
-3.999626E-01,+1.767128E-09
1667546629
-3.998958E-01,-1.321473E-10
1667546640
-3.998841E-01,+1.063689E-09
1667546650
-3.999065E-01,+1.066501E-09
1667546660
-3.999908E-01,-7.954466E-10
1667546671
-3.998924E-01,+1.657901E-09
1667546681
-3.998690E-01,+7.099904E-10
1667546691
-3.998948E-01,+9.278980E-10
1667546702
-3.999975E-01,+1.263282E-09
1667546712
-3.999891E-01,+2.277488E-09
1667546722
-3.998940E-01,+1.284914E-09
1667546732
-3.999223E-01,+1.537664E-09
1667546743
-3.998673E-01,+1.370151E-09
1667546753
-3.999156E-01,+1.268715E-09
1667546763
-3.999639E-01,+1.581607E-09
1667546774
-3.998698E-01,+1.531060E-09
1667546784
-3.999856E-01,+2.349904E-09
1667546794
-3.999673E-01,+1.805207E-09
1667546805
-3.999313E-01,+8.690623E-10
1667546815
-3.998746E-01,+1.619586E-09
1667546825
-3.999481E-01,+1.001023E-10
1667546835
-4.000032E-01,+2.025665E-09
1667546846
-4.000131E-01,+2.588722E-09
1667546856
-3.999746E-01,+1.551556E-09
1667546866
-3.999547E-01,-3.090612E-10
1667546877
-3.999171E-01,+6.866673E-10
1667546887
-3.999296E-01,+2.111473E-09
1667546897
-3.999354E-01,+1.113725E-09
1667546908
-4.000304E-01,+3.277756E-09
1667546918
-4.000145E-01,+1.510290E-09
1667546928
-4.000438E-01,+1.089074E-09
1667546938
-3.999971E-01,+2.261255E-09
1667546949
-3.999062E-01,+1.967124E-09
1667546959
-4.000537E-01,+1.953087E-09
1667546969
-3.999970E-01,+1.083373E-09
1667546980
-3.999586E-01,-2.184531E-10
1667546990
-4.000794E-01,+1.864457E-09
1667547000
-3.999936E-01,+2.183219E-09
1667547010
-3.999419E-01,+3.173931E-09
1667547021
-4.000303E-01,+8.539649E-10
1667547031
-3.999711E-01,+2.330011E-09
1667547041
-3.999335E-01,-2.719267E-10
1667547052
-3.999494E-01,+1.810613E-09
1667547062
-4.000184E-01,+4.926320E-10
1667547072
-3.999293E-01,-8.484521E-11
1667547083
-3.999476E-01,-3.400686E-10
1667547093
-4.000427E-01,+3.665738E-11
1667547103
-3.999875E-01,+1.023796E-09
1667547113
-4.000376E-01,+2.015574E-09
1667547124
-4.000275E-01,+1.175741E-09
1667547134
-4.001177E-01,+5.427819E-10
1667547144
-4.000693E-01,+2.085408E-09
1667547154
-4.000533E-01,-2.649765E-10
1667547165
-4.000260E-01,+2.504340E-09
1667547175
-4.000001E-01,+2.536227E-09
1667547185
-3.999983E-01,+2.884627E-09
1667547196
-3.999267E-01,+1.369221E-09
1667547206
-3.999850E-01,+9.719550E-10
1667547216
-4.000283E-01,+2.718504E-09
1667547226
-4.000951E-01,-7.488960E-10
1667547237
-4.001018E-01,+1.463362E-09
1667547247
-4.001143E-01,+1.400023E-09
1667547257
-4.000517E-01,+1.173455E-09
1667547268
-4.001651E-01,-1.232243E-09
1667547278
-4.000474E-01,-5.020230E-10
1667547288
-3.999632E-01,-6.190459E-10
1667547298
-3.999042E-01,-3.377350E-11
1667547309
-3.999224E-01,+3.665075E-10
1667547319
-3.999550E-01,+9.459870E-10
1667547329
-4.000010E-01,+1.776093E-09
1667547340
-4.000503E-01,+2.564273E-09
1667547350
-4.000494E-01,+5.193542E-11
1667547360
-4.000402E-01,+3.192714E-09
1667547370
-4.000769E-01,+2.253350E-09
1667547381
-4.000146E-01,-4.284648E-10
1667547391
-4.000247E-01,+4.314787E-10
1667547401
-4.000678E-01,+3.762536E-09
1667547412
-3.999994E-01,-8.286803E-10
1667547422
-3.999487E-01,+1.145752E-09
1667547432
-3.999355E-01,+2.406352E-09
1667547443
-3.999305E-01,+1.262501E-09
1667547453
-4.000307E-01,+1.778800E-11
1667547463
-3.999031E-01,+1.703027E-09
1667547473
-4.000666E-01,+1.760009E-09
1667547484
-3.998796E-01,+2.220055E-09
1667547494
-3.999371E-01,+1.541013E-09
1667547504
-3.999521E-01,-1.643770E-10
1667547515
-3.999212E-01,+4.963232E-10
1667547525
-3.998889E-01,+9.158256E-10
1667547535
-3.998954E-01,+9.671897E-10
1667547546
-3.999312E-01,+3.372411E-11
1667547556
-3.999690E-01,-3.682780E-10
1667547566
-3.999565E-01,+8.170516E-10
1667547576
-3.999022E-01,+2.049036E-09
1667547587
-3.999775E-01,+1.098440E-09
1667547597
-4.000508E-01,-5.203254E-10
1667547607
-4.000059E-01,+3.793676E-09
1667547618
-4.000399E-01,-2.535851E-10
1667547628
-3.999714E-01,+1.070701E-09
1667547638
-3.999691E-01,+1.500140E-09
1667547648
-3.998691E-01,+1.964130E-09
1667547659
-3.999609E-01,+8.110159E-10
1667547669
-4.000083E-01,+9.487031E-10
1667547679
-3.999692E-01,+1.127674E-09
1667547690
-3.998943E-01,+1.451695E-09
1667547700
-3.999870E-01,+2.163217E-09
1667547710
-3.999052E-01,+7.235452E-10
1667547721
-3.998843E-01,+9.809564E-10
1667547731
-3.998871E-01,+2.625839E-09
1667547741
-3.999386E-01,-1.911818E-10
1667547751
-3.999155E-01,+2.320411E-10
1667547762
-3.998670E-01,-1.596317E-10
1667547772
-3.999021E-01,+5.149157E-10
1667547782
-3.998697E-01,+1.583320E-09
1667547793
-3.999055E-01,+2.682889E-09
1667547803
-3.999233E-01,-1.541849E-09
1667547813
-3.998155E-01,+1.319658E-09
1667547824
-3.998196E-01,+9.741751E-10
1667547834
-3.997946E-01,+2.797889E-09
1667547844
-3.997830E-01,+1.892221E-09
1667547854
-3.998478E-01,+1.590784E-09
1667547865
-3.999206E-01,+6.476241E-10
1667547875
-3.998872E-01,+3.803848E-10
1667547885
-3.998381E-01,+2.618107E-09
1667547896
-3.999215E-01,+1.506968E-09
1667547906
-3.998431E-01,+1.019545E-09
1667547916
-3.998424E-01,+1.134917E-09
1667547927
-3.998581E-01,-3.345118E-10
1667547937
-3.998466E-01,+6.775345E-10
1667547947
-3.997858E-01,+1.321063E-09
1667547957
-3.998624E-01,+2.060952E-09
1667547968
-3.998474E-01,+9.773014E-10
1667547978
-3.997983E-01,+1.091840E-09
1667547988
-3.997934E-01,+2.029737E-09
1667547999
-3.997859E-01,+3.132071E-09
1667548009
-3.997401E-01,+7.269433E-10
1667548019
-3.997769E-01,+1.813173E-09
1667548030
-3.998003E-01,+2.887549E-09
1667548040
-3.997268E-01,+6.475496E-10
1667548050
-3.997526E-01,+3.336325E-10
1667548060
-3.997404E-01,+7.423742E-10
1667548071
-3.996385E-01,+2.243285E-09
1667548081
-3.996738E-01,+1.486056E-09
1667548091
-3.998221E-01,-4.756464E-10
1667548102
-3.996853E-01,+2.461809E-09
1667548112
-3.997454E-01,+2.071818E-09
1667548122
-3.997889E-01,+3.479822E-09
1667548133
-3.998389E-01,+1.274124E-09
1667548143
-3.997521E-01,+1.388008E-10
1667548153
-3.997478E-01,+2.184844E-10
1667548163
-3.997520E-01,+2.094562E-10
1667548174
-3.997670E-01,+2.433238E-09
1667548184
-3.997769E-01,+2.970151E-09
1667548194
-3.997510E-01,+9.734335E-11
1667548205
-3.998145E-01,+7.790000E-10
1667548215
-3.998203E-01,+1.288250E-09
1667548225
-3.997635E-01,+2.747483E-09
1667548236
-3.997203E-01,+1.863973E-09
1667548246
-3.997811E-01,+1.200835E-09
1667548256
-3.998169E-01,+8.247281E-10
1667548266
-3.997876E-01,+4.814854E-10
1667548276
-3.998295E-01,+6.744018E-10
1667548287
-3.998336E-01,+1.083302E-09
1667548297
-3.996601E-01,+1.433909E-09
1667548307
-3.998277E-01,+3.016231E-09
1667548318
-3.997309E-01,-5.437264E-10
1667548328
-3.996711E-01,+1.171801E-09
1667548338
-3.996361E-01,-3.141261E-10
1667548349
-3.996651E-01,+1.142242E-09
1667548359
-3.996775E-01,+1.959799E-09
1667548369
-3.996943E-01,+2.158429E-09
1667548379
-3.996934E-01,+4.076001E-10
1667548390
-3.996903E-01,+2.842764E-09
1667548400
-3.996310E-01,+1.521125E-09
1667548410
-3.996951E-01,+2.784406E-09
1667548421
-3.997501E-01,+4.616938E-10
1667548431
-3.996184E-01,-9.705352E-10
1667548441
-3.996301E-01,-1.868534E-09
1667548452
-3.996534E-01,+6.427163E-10
1667548462
-3.996469E-01,-8.337652E-10
1667548472
-3.996502E-01,+1.415802E-08
1667548482
-3.997652E-01,+1.620667E-10
1667548493
-3.997460E-01,-1.360921E-09
1667548503
-3.996968E-01,+1.672327E-09
1667548513
-3.997385E-01,+2.508826E-10
1667548524
-3.996710E-01,+7.490963E-10
1667548534
-3.998560E-01,+2.455438E-09
1667548544
-3.997684E-01,+3.229811E-09
1667548554
-3.997143E-01,+1.198335E-09
1667548565
-3.996533E-01,+1.145702E-10
1667548575
-3.996500E-01,+4.133758E-10
1667548585
-3.997167E-01,-1.086281E-09
1667548596
-3.996667E-01,+1.159802E-09
1667548606
-3.996759E-01,+1.982306E-09
1667548616
-3.996750E-01,+3.891721E-09
1667548627
-3.996885E-01,+1.691628E-09
1667548637
-3.996960E-01,+5.734143E-10
1667548647
-3.998069E-01,+1.236617E-09
1667548658
-3.997135E-01,+1.537440E-10
1667548668
-3.997493E-01,-8.958150E-10
1667548678
-3.997242E-01,-1.772423E-10
1667548688
-3.997493E-01,+5.182848E-10
1667548699
-3.996783E-01,+6.101403E-10
