1664783137
-1.348637E+00,-2.562571E-06
1664783150
-1.307712E+00,-2.551463E-06
1664783162
-1.266669E+00,-2.528653E-06
1664783175
-1.229117E+00,-2.506270E-06
1664783187
-1.188206E+00,-2.475502E-06
1664783200
-1.147266E+00,-2.444710E-06
1664783213
-1.109611E+00,-2.418722E-06
1664783225
-1.068615E+00,-2.390396E-06
1664783238
-1.027563E+00,-2.360543E-06
1664783250
-9.863908E-01,-2.330989E-06
1664783263
-9.489679E-01,-2.302969E-06
1664783275
-9.080570E-01,-2.273762E-06
1664783288
-8.670943E-01,-2.246515E-06
1664783300
-8.293967E-01,-2.220254E-06
1664783313
-7.884613E-01,-2.187541E-06
1664783326
-7.476536E-01,-2.158867E-06
1664783338
-7.066341E-01,-2.131660E-06
1664783351
-6.690834E-01,-2.106093E-06
1664783363
-6.281342E-01,-2.074667E-06
1664783376
-5.869147E-01,-2.047704E-06
1664783388
-5.494136E-01,-2.024552E-06
1664783401
-5.084315E-01,-1.993255E-06
1664783413
-4.673914E-01,-1.961638E-06
1664783426
-4.263560E-01,-1.935085E-06
1664783439
-3.888633E-01,-1.909900E-06
1664783451
-3.478620E-01,-1.882025E-06
1664783464
-3.069293E-01,-1.855963E-06
1664783476
-2.658891E-01,-1.825305E-06
1664783489
-2.283357E-01,-1.803062E-06
1664783501
-1.873242E-01,-1.775242E-06
1664783514
-1.462736E-01,-1.748320E-06
1664783526
-1.088532E-01,-1.724566E-06
1664783539
-6.779611E-02,-1.698073E-06
1664783552
-2.662997E-02,-1.667905E-06
1664783564
+1.331257E-02,-1.645892E-06
1664783577
+5.415412E-02,-1.618598E-06
1664783589
+9.501223E-02,-1.594536E-06
1664783602
+1.325060E-01,-1.538162E-06
1664783614
+1.734234E-01,-1.478036E-06
1664783627
+2.145702E-01,-1.410753E-06
1664783640
+2.522154E-01,-1.355602E-06
1664783652
+2.931534E-01,-1.288338E-06
1664783665
+3.341308E-01,-1.220610E-06
1664783677
+3.750785E-01,-1.155258E-06
1664783690
+4.126506E-01,-1.099825E-06
1664783702
+4.537032E-01,-1.039911E-06
1664783715
+4.945717E-01,-9.785432E-07
1664783728
+5.354760E-01,-9.240650E-07
1664783740
+5.730022E-01,-8.739987E-07
1664783752
+6.140000E-01,-8.223411E-07
1664783765
+6.550784E-01,-7.768639E-07
1664783777
+6.926628E-01,-7.243707E-07
1664783790
+7.336432E-01,-6.767486E-07
1664783803
+7.746273E-01,-6.330544E-07
1664783815
+8.155136E-01,-5.885018E-07
1664783828
+8.529999E-01,-5.504821E-07
1664783840
+8.939687E-01,-5.082341E-07
1664783853
+9.348996E-01,-4.683514E-07
1664783865
+9.725142E-01,-4.350946E-07
1664783878
+1.013470E+00,-4.006394E-07
1664783891
+1.054438E+00,-3.651639E-07
1664783903
+1.095603E+00,-3.317106E-07
1664783916
+1.133205E+00,-3.032683E-07
1664783928
+1.174237E+00,-2.713759E-07
1664783941
+1.215209E+00,-2.424867E-07
1664783953
+1.252767E+00,-2.171953E-07
1664783966
+1.293750E+00,-1.904962E-07
1664783978
+1.334662E+00,-1.632933E-07
1664783991
+1.375645E+00,-1.382681E-07
1664784004
+1.413165E+00,-1.152569E-07
1664784016
+1.454127E+00,-9.214511E-08
1664784029
+1.495160E+00,-6.931843E-08
1664784041
+1.536215E+00,-4.774330E-08
1664784054
+1.573825E+00,-2.859405E-08
1664784066
+1.614866E+00,-8.191979E-09
1664784079
+1.655787E+00,+1.134393E-08
1664784092
+1.693307E+00,+2.908647E-08
1664784104
+1.734280E+00,+4.992107E-08
1664784117
+1.775266E+00,+7.002918E-08
1664784129
+1.816147E+00,+9.140045E-08
1664784142
+1.853643E+00,+1.111207E-07
1664784154
+1.894613E+00,+1.341499E-07
1664784167
+1.935631E+00,+1.596811E-07
1664784179
+1.973184E+00,+1.873988E-07
1664784192
+2.014063E+00,+2.280168E-07
1664784205
+2.055141E+00,+2.931374E-07
1664784217
+2.096080E+00,+4.288961E-07
1664784230
+2.133680E+00,+7.226443E-07
1664784242
+2.174674E+00,+1.460145E-06
1664784255
+2.215660E+00,+1.612000E-06
1664784267
+2.253063E+00,+1.647583E-06
1664784280
+2.294191E+00,+1.685994E-06
1664784293
+2.335074E+00,+1.724176E-06
1664784305
+2.376189E+00,+1.762889E-06
1664784318
+2.413813E+00,+1.798584E-06
1664784330
+2.454760E+00,+1.836598E-06
1664784343
+2.495752E+00,+1.875512E-06
1664784355
+2.536670E+00,+1.914374E-06
1664784368
+2.574157E+00,+1.949105E-06
1664784381
+2.615017E+00,+1.987913E-06
