1668399719
-3.487965E-01,-2.004061E-08
1668399720
-3.283539E-01,-8.676081E-09
1668399722
-3.078573E-01,-9.357164E-09
1668399723
-2.873497E-01,-1.092273E-08
1668399725
-2.668279E-01,-8.255513E-09
1668399727
-2.497115E-01,-7.147217E-09
1668399728
-2.292298E-01,-6.522803E-09
1668399730
-2.087431E-01,-5.409492E-09
1668399731
-1.882664E-01,-6.147248E-09
1668399733
-1.677321E-01,-7.727403E-09
1668399734
-1.473139E-01,-6.038058E-09
1668399736
-1.268255E-01,-4.883061E-09
1668399737
-1.097450E-01,-5.420332E-09
1668399739
-8.920737E-02,-6.670357E-09
1668399741
-6.870316E-02,-5.680849E-09
1668399742
-4.809386E-02,-5.523289E-09
1668399744
-2.758298E-02,-4.402461E-09
1668399745
-7.129737E-03,-5.433244E-09
1668399747
+1.293715E-02,-7.135532E-09
1668399748
+3.329675E-02,-6.601583E-09
1668399750
+5.363297E-02,-6.856672E-09
1668399752
+7.408517E-02,-6.378168E-09
1668399753
+9.445979E-02,-7.224726E-09
1668399755
+1.115303E-01,-6.279798E-09
1668399756
+1.321017E-01,-5.939675E-09
1668399758
+1.525905E-01,-7.123032E-09
1668399759
+1.729693E-01,-5.117711E-09
1668399761
+1.935482E-01,-5.201915E-09
1668399763
+2.140737E-01,-4.745909E-09
1668399764
+2.346528E-01,-5.529535E-09
1668399766
+2.516766E-01,-4.710899E-09
1668399767
+2.721896E-01,-4.255750E-09
1668399769
+2.927160E-01,-2.548085E-09
1668399770
+3.132066E-01,-4.203217E-09
1668399772
+3.337171E-01,-2.915723E-09
1668399774
+3.541892E-01,-4.071973E-09
1668399775
+3.746421E-01,-3.432110E-09
1668399777
+3.951902E-01,-3.675960E-09
1668399778
+4.121965E-01,-4.168641E-09
1668399780
+4.327337E-01,-3.616804E-09
1668399781
+4.531752E-01,-4.865127E-09
1668399783
+4.736671E-01,-1.459395E-09
1668399785
+4.940819E-01,-2.522196E-09
1668399786
+5.145832E-01,-2.906948E-09
1668399788
+5.351573E-01,-2.623116E-09
1668399789
+5.522102E-01,-2.009987E-09
1668399791
+5.727042E-01,-2.064656E-09
1668399792
+5.931236E-01,-1.199321E-09
1668399794
+6.135275E-01,-9.833976E-10
1668399796
+6.341790E-01,-6.241697E-10
1668399797
+6.547455E-01,-1.910383E-09
1668399799
+6.752034E-01,-1.133868E-09
1668399800
+6.922881E-01,-2.294630E-09
1668399802
+7.127578E-01,-1.333529E-09
1668399803
+7.333065E-01,-1.909523E-09
1668399805
+7.538472E-01,-2.017478E-09
1668399806
+7.742677E-01,-1.374814E-09
1668399808
+7.946822E-01,-1.256387E-09
1668399810
+8.152084E-01,-1.809909E-09
1668399811
+8.323119E-01,-7.216570E-10
1668399813
+8.527772E-01,-1.181786E-09
1668399814
+8.732555E-01,-1.779067E-09
1668399816
+8.936601E-01,-1.918966E-10
1668399817
+9.141199E-01,+1.345174E-09
1668399819
+9.345808E-01,+6.795506E-10
1668399821
+9.550688E-01,+1.219202E-10
1668399822
+9.721727E-01,-1.198340E-10
1668399824
+9.926654E-01,-3.886431E-10
1668399825
+1.013136E+00,-5.778462E-10
1668399827
+1.033631E+00,+3.411424E-10
1668399828
+1.054137E+00,+8.230642E-11
1668399830
+1.074819E+00,+1.749017E-09
1668399832
+1.095351E+00,+1.883662E-09
1668399833
+1.112392E+00,+1.075483E-09
1668399835
+1.132885E+00,-6.313938E-11
1668399836
+1.153331E+00,-5.420233E-10
1668399838
+1.173927E+00,+1.139317E-09
1668399839
+1.194371E+00,+1.746545E-09
1668399841
+1.214884E+00,+1.844498E-09
1668399843
+1.235419E+00,+1.482273E-09
1668399844
+1.252397E+00,+1.188056E-09
1668399846
+1.272836E+00,+2.443366E-09
1668399847
+1.293422E+00,+2.307093E-09
1668399849
+1.313931E+00,+2.236684E-09
1668399850
+1.334344E+00,+1.362690E-09
1668399852
+1.354789E+00,+3.339473E-09
1668399854
+1.375341E+00,+1.313517E-09
1668399855
+1.395834E+00,-1.076773E-09
1668399857
+1.412906E+00,+1.951591E-09
1668399858
+1.433416E+00,+1.546923E-09
1668399860
+1.453857E+00,+2.685137E-09
1668399861
+1.474355E+00,+1.257677E-09
1668399863
+1.494951E+00,+3.134006E-09
1668399864
+1.515464E+00,+1.971971E-09
1668399866
+1.535956E+00,+1.951612E-09
1668399868
+1.553015E+00,+2.089560E-09
1668399869
+1.573502E+00,+2.548851E-09
1668399871
+1.594064E+00,+2.063709E-09
1668399872
+1.614612E+00,+3.037313E-09
1668399874
+1.635030E+00,+3.209856E-09
