1669375385
-1.402185E+00,-3.492861E-07
1669375395
-1.402042E+00,-4.188806E-07
1669375405
-1.402101E+00,-5.192134E-07
1669375415
-1.402040E+00,-6.194350E-07
1669375426
-1.402081E+00,-7.110118E-07
1669375436
-1.402072E+00,-7.931280E-07
1669375446
-1.402082E+00,-8.869428E-07
1669375456
-1.402044E+00,-9.711730E-07
1669375467
-1.402050E+00,-1.067071E-06
1669375477
-1.402040E+00,-1.154415E-06
1669375487
-1.402093E+00,-1.253841E-06
1669375498
-1.402055E+00,-1.333242E-06
1669375508
-1.402132E+00,-1.417583E-06
1669375518
-1.402009E+00,-1.491820E-06
1669375528
-1.402099E+00,-1.569547E-06
1669375539
-1.402029E+00,-1.657557E-06
1669375549
-1.402066E+00,-1.731245E-06
1669375559
-1.402079E+00,-1.809879E-06
1669375570
-1.402101E+00,-1.885575E-06
1669375580
-1.402144E+00,-1.962071E-06
1669375590
-1.402032E+00,-2.043352E-06
1669375600
-1.402125E+00,-2.102826E-06
1669375611
-1.402064E+00,-2.172983E-06
1669375621
-1.402215E+00,-2.243833E-06
1669375631
-1.402095E+00,-2.318037E-06
1669375642
-1.402138E+00,-2.387123E-06
1669375652
-1.402145E+00,-2.447807E-06
1669375662
-1.402046E+00,-2.517783E-06
1669375672
-1.402158E+00,-2.605563E-06
1669375683
-1.402178E+00,-2.657873E-06
1669375693
-1.402079E+00,-2.712352E-06
1669375703
-1.402061E+00,-2.776331E-06
1669375714
-1.402189E+00,-2.833399E-06
1669375724
-1.402188E+00,-2.891691E-06
1669375734
-1.402236E+00,-2.954998E-06
1669375744
-1.402166E+00,-3.007644E-06
1669375755
-1.402145E+00,-3.044861E-06
1669375765
-1.402132E+00,-3.098424E-06
1669375775
-1.402126E+00,-3.136287E-06
1669375786
-1.402056E+00,-3.175844E-06
1669375796
-1.402104E+00,-3.207620E-06
