1664252015
-1.349494E+00,-6.878373E-09
1664252028
-1.339331E+00,-6.527787E-09
1664252040
-1.329050E+00,-7.174521E-09
1664252053
-1.318904E+00,-6.673171E-09
1664252065
-1.308584E+00,-7.051349E-09
1664252078
-1.298328E+00,-6.993246E-09
1664252091
-1.288111E+00,-8.067177E-09
1664252103
-1.277794E+00,-8.166671E-09
1664252116
-1.267582E+00,-7.070897E-09
1664252128
-1.260705E+00,-7.262925E-09
1664252141
-1.250515E+00,-8.131867E-09
1664252153
-1.240302E+00,-7.661193E-09
1664252166
-1.230051E+00,-7.390429E-09
1664252179
-1.219834E+00,-7.653107E-09
1664252191
-1.209534E+00,-8.039621E-09
1664252204
-1.199295E+00,-7.760104E-09
1664252216
-1.189117E+00,-7.587500E-09
1664252229
-1.178866E+00,-7.208694E-09
1664252241
-1.168594E+00,-7.400055E-09
1664252254
-1.158347E+00,-7.903570E-09
1664252267
-1.148063E+00,-7.679573E-09
1664252279
-1.137885E+00,-7.323192E-09
1664252292
-1.127565E+00,-6.674751E-09
1664252304
-1.120743E+00,-6.602888E-09
1664252317
-1.110549E+00,-7.206609E-09
1664252329
-1.100349E+00,-7.483460E-09
1664252342
-1.090043E+00,-6.981236E-09
1664252355
-1.079803E+00,-6.452918E-09
1664252367
-1.069539E+00,-6.451956E-09
1664252380
-1.059181E+00,-5.975576E-09
1664252392
-1.048967E+00,-5.959950E-09
1664252405
-1.038719E+00,-6.134512E-09
1664252418
-1.028388E+00,-6.015966E-09
1664252430
-1.018036E+00,-6.654115E-09
1664252443
-1.007827E+00,-6.374594E-09
1664252455
-9.975831E-01,-6.348505E-09
1664252468
-9.873683E-01,-5.884793E-09
1664252480
-9.771229E-01,-5.794057E-09
1664252493
-9.703122E-01,-6.081164E-09
1664252506
-9.601002E-01,-6.138259E-09
1664252518
-9.498397E-01,-5.573385E-09
1664252531
-9.395781E-01,-4.590411E-09
1664252543
-9.294034E-01,-4.683161E-09
1664252556
-9.192002E-01,-3.843695E-09
1664252568
-9.088696E-01,-4.346114E-09
1664252581
-8.987185E-01,-3.834773E-09
1664252594
-8.884543E-01,-4.303238E-09
1664252606
-8.781822E-01,-4.021959E-09
1664252619
-8.679221E-01,-4.413815E-09
1664252631
-8.576732E-01,-4.540807E-09
1664252644
-8.474205E-01,-3.618537E-09
1664252656
-8.371911E-01,-4.489508E-09
1664252669
-8.303857E-01,-4.344829E-09
1664252682
-8.201621E-01,-4.035636E-09
1664252694
-8.098541E-01,-3.951479E-09
1664252707
-7.996411E-01,-4.091868E-09
1664252719
-7.894402E-01,-4.005964E-09
1664252732
-7.792243E-01,-3.712441E-09
1664252744
-7.689574E-01,-3.268173E-09
1664252757
-7.587343E-01,-3.775800E-09
1664252770
-7.484899E-01,-2.877602E-09
1664252782
-7.383266E-01,-3.373994E-09
1664252795
-7.280117E-01,-3.190940E-09
1664252807
-7.177605E-01,-2.431167E-09
1664252820
-7.075127E-01,-2.730278E-09
1664252833
-6.971652E-01,-2.343151E-09
1664252845
-6.903155E-01,-2.795462E-09
1664252858
-6.801065E-01,-2.248337E-09
1664252870
-6.698946E-01,-2.071287E-09
1664252883
-6.595297E-01,-2.424417E-09
1664252895
-6.493512E-01,-2.263291E-09
1664252908
-6.390699E-01,-2.305932E-09
1664252921
-6.288667E-01,-1.989782E-09
1664252933
-6.185489E-01,-2.363858E-09
1664252946
-6.083573E-01,-1.906418E-09
1664252958
-5.980966E-01,-2.172260E-09
1664252971
-5.876791E-01,-1.647463E-09
1664252983
-5.774671E-01,-1.528185E-09
1664252996
-5.672852E-01,-1.460984E-09
1664253009
-5.570704E-01,-1.246493E-09
1664253021
-5.502306E-01,-1.447637E-09
1664253034
-5.400102E-01,-5.902205E-10
1664253046
-5.297131E-01,-1.564732E-09
1664253059
-5.194836E-01,-8.405813E-10
1664253071
-5.092629E-01,-1.514996E-09
1664253084
-4.989934E-01,-7.655006E-10
1664253097
-4.887314E-01,-8.044538E-10
1664253109
-4.784482E-01,-1.312398E-09
1664253122
-4.682212E-01,-6.882887E-10
1664253134
-4.579069E-01,-3.014069E-10
1664253147
-4.477242E-01,-7.308312E-10
1664253160
-4.374359E-01,-3.566435E-10
1664253172
-4.271150E-01,-6.616041E-10
1664253185
-4.169043E-01,-1.417425E-10
1664253197
-4.066203E-01,-4.632148E-10
1664253210
-3.997372E-01,-4.893501E-10
1664253222
-3.895715E-01,-2.652658E-10
1664253235
-3.792695E-01,-2.266080E-11
1664253248
-3.690785E-01,-4.449621E-10
1664253260
-3.589245E-01,-4.312589E-10
1664253273
-3.487448E-01,+5.326274E-10
1664253285
-3.384711E-01,+3.119327E-11
1664253298
-3.281400E-01,-7.284993E-10
1664253310
-3.179191E-01,+4.826085E-10
1664253323
-3.077185E-01,+6.585069E-10
1664253336
-2.974217E-01,+6.528317E-10
1664253348
-2.871675E-01,+3.150660E-10
1664253361
-2.768900E-01,+8.864852E-10
1664253373
-2.665996E-01,+5.696027E-10
1664253386
-2.596986E-01,+6.970579E-10
1664253398
-2.494915E-01,+1.056078E-09
1664253411
-2.392862E-01,+1.249130E-09
1664253424
-2.290880E-01,+3.796699E-10
1664253436
-2.188259E-01,+1.117038E-09
1664253449
-2.085210E-01,+7.974680E-10
1664253461
-1.982156E-01,+8.481896E-10
1664253474
-1.879457E-01,+6.380383E-10
1664253486
-1.777063E-01,+5.857398E-10
1664253499
-1.675186E-01,+9.434313E-10
1664253512
-1.572873E-01,+9.122108E-10
1664253524
-1.469764E-01,+6.701834E-10
1664253537
-1.367360E-01,+9.245916E-10
1664253549
-1.265115E-01,+8.341743E-10
1664253562
-1.197267E-01,+7.566149E-10
1664253575
-1.093554E-01,+1.374602E-09
1664253587
-9.916934E-02,+1.221963E-09
1664253600
-8.897809E-02,+9.925529E-10
1664253612
-7.873631E-02,+1.089215E-09
1664253625
-6.851289E-02,+5.234718E-10
1664253637
-5.814281E-02,+9.620178E-10
1664253650
-4.782739E-02,+8.481956E-10
1664253663
-3.756693E-02,+9.024109E-10
1664253675
-2.731521E-02,+8.957877E-10
1664253688
-1.701480E-02,+1.084591E-09
1664253700
-6.804659E-03,+6.424200E-10
1664253713
+3.493327E-03,+6.660077E-10
1664253725
+1.304485E-02,-2.148964E-09
1664253738
+2.323385E-02,-2.059590E-09
1664253751
+3.344627E-02,-1.493164E-09
1664253763
+4.363834E-02,-1.502424E-09
1664253776
+5.377915E-02,-2.015205E-09
1664253788
+6.400392E-02,-1.624497E-09
1664253801
+7.430509E-02,-2.162248E-09
1664253813
+8.445399E-02,-2.002616E-09
1664253826
+9.464455E-02,-1.498993E-09
1664253839
+1.048725E-01,-2.084787E-09
1664253851
+1.116659E-01,-2.123794E-09
1664253864
+1.218313E-01,-1.843682E-09
1664253876
+1.322183E-01,-2.181352E-09
1664253889
+1.424276E-01,-1.350233E-09
1664253901
+1.526599E-01,-1.667168E-09
1664253914
+1.628560E-01,-1.934222E-09
1664253927
+1.731388E-01,-2.016998E-09
1664253939
+1.832850E-01,-1.765664E-09
1664253952
+1.937048E-01,-1.540063E-09
1664253964
+2.039598E-01,-1.566353E-09
1664253977
+2.141739E-01,-1.490696E-09
1664253990
+2.244604E-01,-1.886752E-09
1664254002
+2.347695E-01,-1.392631E-09
1664254015
+2.450256E-01,-1.618445E-09
1664254027
+2.519756E-01,-1.722651E-09
1664254040
+2.621476E-01,-1.472742E-09
1664254052
+2.723269E-01,-1.263579E-09
1664254065
+2.826067E-01,-1.480849E-09
1664254078
+2.928928E-01,-1.857778E-09
1664254090
+3.031127E-01,-1.494999E-09
1664254103
+3.133408E-01,-1.391846E-09
1664254115
+3.236022E-01,-1.466724E-09
1664254128
+3.338375E-01,-1.983817E-09
1664254140
+3.440767E-01,-1.145173E-09
1664254153
+3.543243E-01,-1.541251E-09
1664254166
+3.645826E-01,-1.218278E-09
1664254178
+3.748118E-01,-1.591774E-09
1664254191
+3.850075E-01,-1.208343E-09
1664254203
+3.952259E-01,-1.121670E-09
1664254216
+4.020135E-01,-1.179135E-09
1664254228
+4.123871E-01,-1.629951E-09
1664254241
+4.226108E-01,-1.569641E-09
1664254254
+4.328381E-01,-1.514414E-09
1664254266
+4.431110E-01,-1.408341E-09
1664254279
+4.533586E-01,-1.745275E-09
1664254291
+4.634971E-01,-1.348902E-09
1664254304
+4.738292E-01,-1.737327E-09
1664254316
+4.840571E-01,-1.230751E-09
1664254329
+4.942477E-01,-1.273532E-09
1664254342
+5.044937E-01,-1.347409E-09
1664254354
+5.147901E-01,-9.317251E-10
1664254367
+5.249773E-01,-1.089527E-09
1664254379
+5.352563E-01,-1.434584E-09
1664254392
+5.420253E-01,-1.374781E-09
1664254405
+5.523058E-01,-1.250492E-09
1664254417
+5.625423E-01,-1.156725E-09
1664254430
+5.726942E-01,-1.044599E-09
1664254442
+5.830035E-01,-8.278682E-10
1664254455
+5.932044E-01,-8.826304E-10
1664254467
+6.034758E-01,-1.088249E-09
1664254480
+6.136714E-01,-7.746265E-10
1664254493
+6.240840E-01,-1.448708E-09
1664254505
+6.343528E-01,-1.824919E-09
1664254518
+6.446292E-01,-1.682882E-09
1664254530
+6.548466E-01,-1.102777E-09
1664254543
+6.651158E-01,-8.474427E-10
1664254555
+6.752933E-01,-1.326234E-09
1664254568
+6.821478E-01,-1.576892E-09
1664254581
+6.924580E-01,-5.807693E-10
1664254593
+7.026154E-01,-1.163640E-09
1664254606
+7.128394E-01,-1.068099E-09
1664254618
+7.231755E-01,-1.157094E-09
1664254631
+7.334769E-01,-6.822712E-10
1664254643
+7.437130E-01,-1.166126E-09
1664254656
+7.539112E-01,-1.283786E-09
1664254669
+7.641321E-01,-6.771895E-10
1664254681
+7.743355E-01,-1.011539E-09
1664254694
+7.845690E-01,-1.350443E-09
1664254706
+7.948802E-01,-6.711007E-10
1664254719
+8.050486E-01,-9.757806E-10
1664254732
+8.153149E-01,-1.036378E-09
1664254744
+8.255055E-01,-6.443866E-10
1664254757
+8.323653E-01,-9.368898E-10
1664254769
+8.425616E-01,-1.077606E-09
1664254782
+8.528388E-01,-9.797007E-10
1664254794
+8.630917E-01,-1.047356E-09
1664254807
+8.732799E-01,-6.418424E-10
1664254820
+8.835643E-01,-8.043591E-10
1664254832
+8.937102E-01,-3.036825E-11
1664254845
+9.040987E-01,-7.741752E-10
1664254857
+9.142829E-01,-7.207921E-10
1664254870
+9.244985E-01,-9.145605E-10
1664254882
+9.347519E-01,-7.841912E-11
1664254895
+9.449905E-01,-1.943799E-10
1664254908
+9.552318E-01,+1.010825E-10
1664254920
+9.655145E-01,+2.768929E-10
1664254933
+9.723627E-01,+1.077848E-11
1664254945
+9.825814E-01,+7.889222E-10
1664254958
+9.927617E-01,+1.159197E-09
1664254970
+1.003068E+00,+1.933697E-09
1664254983
+1.013324E+00,+1.927118E-09
1664254996
+1.023520E+00,+3.146420E-09
1664255008
+1.033728E+00,+3.863614E-09
1664255021
+1.044040E+00,+4.677041E-09
1664255033
+1.054272E+00,+5.538276E-09
1664255046
+1.064633E+00,+7.566365E-09
1664255058
+1.074892E+00,+9.643884E-09
1664255071
+1.085035E+00,+1.130091E-08
1664255084
+1.095388E+00,+1.364421E-08
1664255096
+1.105667E+00,+1.674297E-08
1664255109
+1.112404E+00,+1.915837E-08
1664255121
+1.122756E+00,+2.340926E-08
1664255134
+1.132987E+00,+2.795961E-08
1664255146
+1.143265E+00,+3.427865E-08
1664255159
+1.153517E+00,+4.044889E-08
1664255172
+1.163704E+00,+4.802335E-08
1664255184
+1.174045E+00,+5.749735E-08
1664255197
+1.184328E+00,+6.918980E-08
1664255209
+1.194575E+00,+8.243524E-08
1664255222
+1.204809E+00,+9.732878E-08
1664255235
+1.215030E+00,+1.149423E-07
1664255247
+1.225253E+00,+1.358549E-07
1664255260
+1.235531E+00,+1.599150E-07
1664255272
+1.245671E+00,+1.872411E-07
1664255285
+1.252482E+00,+2.073337E-07
1664255297
+1.262814E+00,+2.430970E-07
1664255310
+1.273068E+00,+2.835736E-07
1664255323
+1.283255E+00,+3.295618E-07
1664255335
+1.293525E+00,+3.839867E-07
1664255348
+1.303698E+00,+4.447259E-07
1664255360
+1.313938E+00,+5.112460E-07
1664255373
+1.324230E+00,+5.821097E-07
1664255385
+1.334526E+00,+6.495193E-07
1664255398
+1.344725E+00,+7.044717E-07
1664255411
+1.355036E+00,+7.497171E-07
1664255423
+1.365219E+00,+7.888708E-07
1664255436
+1.375448E+00,+8.223438E-07
1664255448
+1.385745E+00,+8.526849E-07
1664255461
+1.395882E+00,+8.802530E-07
1664255473
+1.402776E+00,+8.970304E-07
1664255486
+1.413021E+00,+9.156041E-07
1664255499
+1.423210E+00,+9.252093E-07
1664255511
+1.433473E+00,+9.342675E-07
1664255524
+1.443709E+00,+9.434307E-07
1664255536
+1.454003E+00,+9.524101E-07
1664255549
+1.464183E+00,+9.619193E-07
1664255561
+1.474441E+00,+9.709497E-07
1664255574
+1.484659E+00,+9.801980E-07
1664255587
+1.494978E+00,+9.893300E-07
1664255599
+1.505363E+00,+9.994117E-07
1664255612
+1.515560E+00,+1.008631E-06
1664255624
+1.525910E+00,+1.017689E-06
1664255637
+1.536088E+00,+1.027757E-06
1664255650
+1.542919E+00,+1.032631E-06
1664255662
+1.553187E+00,+1.043242E-06
1664255675
+1.563401E+00,+1.051916E-06
1664255687
+1.573677E+00,+1.061045E-06
1664255700
+1.583883E+00,+1.071149E-06
1664255712
+1.594172E+00,+1.080117E-06
1664255725
+1.604443E+00,+1.089640E-06
1664255738
+1.614711E+00,+1.098967E-06
1664255750
+1.624950E+00,+1.108434E-06
1664255763
+1.635228E+00,+1.117894E-06
1664255775
+1.645487E+00,+1.127448E-06
1664255788
+1.655745E+00,+1.136180E-06
1664255800
+1.665975E+00,+1.145313E-06
1664255813
+1.676091E+00,+1.155111E-06
1664255826
+1.682950E+00,+1.160728E-06
1664255838
+1.693174E+00,+1.170384E-06
1664255851
+1.703346E+00,+1.180151E-06
1664255863
+1.713517E+00,+1.188760E-06
1664255876
+1.723890E+00,+1.198516E-06
1664255888
+1.734138E+00,+1.207972E-06
1664255901
+1.744375E+00,+1.217380E-06
1664255914
+1.754573E+00,+1.226975E-06
1664255926
+1.764829E+00,+1.236805E-06
1664255939
+1.775000E+00,+1.245618E-06
1664255951
+1.785254E+00,+1.254499E-06
1664255964
+1.795532E+00,+1.264583E-06
1664255976
+1.805739E+00,+1.273819E-06
1664255989
+1.816024E+00,+1.282866E-06
1664256002
+1.826298E+00,+1.292732E-06
1664256014
+1.833109E+00,+1.299136E-06
1664256027
+1.843409E+00,+1.308499E-06
1664256039
+1.853593E+00,+1.317690E-06
1664256052
+1.863792E+00,+1.327367E-06
1664256065
+1.874006E+00,+1.337093E-06
1664256077
+1.884320E+00,+1.346248E-06
1664256090
+1.894456E+00,+1.355964E-06
1664256102
+1.904709E+00,+1.365584E-06
1664256115
+1.914922E+00,+1.374426E-06
1664256127
+1.925217E+00,+1.384302E-06
1664256140
+1.935508E+00,+1.393863E-06
1664256153
+1.945716E+00,+1.403243E-06
1664256165
+1.955964E+00,+1.412293E-06
1664256178
+1.966187E+00,+1.422652E-06
1664256190
+1.973024E+00,+1.428164E-06
1664256203
+1.983257E+00,+1.438341E-06
1664256215
+1.993594E+00,+1.447973E-06
1664256228
+2.003873E+00,+1.456735E-06
1664256241
+2.013995E+00,+1.465750E-06
1664256253
+2.024313E+00,+1.475907E-06
1664256266
+2.034414E+00,+1.485024E-06
1664256278
+2.044718E+00,+1.494720E-06
1664256291
+2.055004E+00,+1.503802E-06
1664256303
+2.065351E+00,+1.513896E-06
1664256316
+2.075503E+00,+1.523002E-06
1664256329
+2.085726E+00,+1.532852E-06
1664256341
+2.096080E+00,+1.542604E-06
1664256354
+2.106353E+00,+1.552432E-06
1664256366
+2.113078E+00,+1.558234E-06
1664256379
+2.123300E+00,+1.567304E-06
1664256392
+2.133527E+00,+1.577113E-06
1664256404
+2.143800E+00,+1.586261E-06
1664256417
+2.153860E+00,+1.595534E-06
1664256429
+2.164280E+00,+1.605468E-06
1664256442
+2.174512E+00,+1.614715E-06
1664256454
+2.184728E+00,+1.624066E-06
1664256467
+2.195047E+00,+1.633469E-06
1664256480
+2.205293E+00,+1.642816E-06
1664256492
+2.215542E+00,+1.652933E-06
1664256505
+2.225760E+00,+1.662574E-06
1664256517
+2.235937E+00,+1.671447E-06
1664256530
+2.246141E+00,+1.681019E-06
1664256542
+2.252967E+00,+1.687091E-06
1664256555
+2.263216E+00,+1.696437E-06
1664256568
+2.273506E+00,+1.705548E-06
1664256580
+2.283866E+00,+1.715521E-06
1664256593
+2.294014E+00,+1.724451E-06
1664256605
+2.304250E+00,+1.734769E-06
1664256618
+2.314511E+00,+1.743774E-06
1664256630
+2.324685E+00,+1.753229E-06
1664256643
+2.334974E+00,+1.762219E-06
1664256656
+2.345162E+00,+1.772079E-06
1664256668
+2.355330E+00,+1.781851E-06
1664256681
+2.365576E+00,+1.791099E-06
