1664266880
-1.349280E+00,-3.986922E-10
1664266893
-1.338995E+00,+1.466247E-09
1664266906
-1.328745E+00,+1.819762E-09
1664266918
-1.318534E+00,+2.089375E-09
1664266931
-1.308364E+00,+2.176771E-09
1664266943
-1.298055E+00,+1.987970E-09
1664266956
-1.287837E+00,+2.461636E-09
1664266968
-1.277673E+00,+1.972132E-09
1664266981
-1.267391E+00,+2.177025E-09
1664266994
-1.260559E+00,+2.371239E-09
1664267006
-1.250292E+00,+2.093999E-09
1664267019
-1.240008E+00,+2.408082E-09
1664267031
-1.229743E+00,+2.491767E-09
1664267044
-1.219491E+00,+1.859726E-09
1664267056
-1.209291E+00,+1.620619E-09
1664267069
-1.199015E+00,+2.478313E-09
1664267082
-1.188790E+00,+2.532501E-09
1664267094
-1.178548E+00,+1.885523E-09
1664267107
-1.168283E+00,+2.643403E-09
1664267119
-1.158074E+00,+2.557419E-09
1664267132
-1.147820E+00,+2.004347E-09
1664267144
-1.137557E+00,+2.453801E-09
1664267157
-1.127339E+00,+2.312691E-09
1664267170
-1.120531E+00,+2.220909E-09
1664267182
-1.110273E+00,+2.179444E-09
1664267195
-1.100042E+00,+2.139678E-09
1664267207
-1.089752E+00,+2.420429E-09
1664267220
-1.079482E+00,+2.306017E-09
1664267233
-1.069286E+00,+1.985930E-09
1664267245
-1.059062E+00,+2.291299E-09
1664267258
-1.048732E+00,+3.184092E-09
1664267270
-1.038526E+00,+2.550917E-09
1664267283
-1.028089E+00,+2.661992E-09
1664267295
-1.017788E+00,+2.299435E-09
1664267308
-1.007564E+00,+2.499904E-09
1664267321
-9.973872E-01,+2.599390E-09
1664267333
-9.870824E-01,+2.505359E-09
1664267346
-9.768697E-01,+2.076750E-09
1664267358
-9.700880E-01,+2.670109E-09
1664267371
-9.598133E-01,+2.964533E-09
1664267383
-9.495743E-01,+2.413590E-09
1664267396
-9.393949E-01,+1.851677E-09
1664267409
-9.291704E-01,+2.799068E-09
1664267421
-9.189153E-01,+2.266549E-09
1664267434
-9.086471E-01,+2.329434E-09
1664267446
-8.984209E-01,+2.275390E-09
1664267459
-8.882160E-01,+2.259791E-09
1664267471
-8.779250E-01,+2.729926E-09
1664267484
-8.676908E-01,+1.788575E-09
1664267497
-8.574622E-01,+2.616101E-09
1664267509
-8.471699E-01,+2.597720E-09
1664267522
-8.368650E-01,+1.667535E-09
1664267534
-8.300557E-01,+2.323774E-09
1664267547
-8.198503E-01,+2.312891E-09
1664267559
-8.095446E-01,+2.151926E-09
1664267572
-7.993432E-01,+2.121257E-09
1664267585
-7.891483E-01,+2.480604E-09
1664267597
-7.789082E-01,+2.290177E-09
1664267610
-7.685959E-01,+2.637101E-09
1664267622
-7.584409E-01,+2.947273E-09
1664267635
-7.482034E-01,+2.376155E-09
1664267648
-7.379813E-01,+2.467224E-09
1664267660
-7.278292E-01,+2.281843E-09
1664267673
-7.175794E-01,+2.546003E-09
1664267685
-7.073840E-01,+2.310720E-09
1664267698
-6.970524E-01,+2.167058E-09
1664267710
-6.901560E-01,+2.265826E-09
1664267723
-6.799123E-01,+2.698873E-09
1664267736
-6.697319E-01,+2.337089E-09
1664267748
-6.594481E-01,+2.627309E-09
1664267761
-6.492231E-01,+2.309931E-09
1664267773
-6.389025E-01,+2.638900E-09
1664267786
-6.286795E-01,+2.169762E-09
1664267798
-6.183949E-01,+2.528201E-09
1664267811
-6.082376E-01,+2.180023E-09
1664267824
-5.980094E-01,+2.367617E-09
1664267836
-5.876386E-01,+2.467473E-09
1664267849
-5.773514E-01,+1.968577E-09
1664267861
-5.670530E-01,+2.641105E-09
1664267874
-5.568705E-01,+2.849414E-09
1664267886
-5.500939E-01,+2.108366E-09
1664267899
-5.398318E-01,+2.655314E-09
1664267912
-5.296510E-01,+2.289716E-09
1664267924
-5.193197E-01,+2.861081E-09
1664267937
-5.090755E-01,+2.351395E-09
1664267949
-4.989299E-01,+2.301761E-09
1664267962
-4.887455E-01,+2.620137E-09
1664267974
-4.784150E-01,+2.604667E-09
1664267987
-4.681050E-01,+2.085365E-09
1664268000
-4.578832E-01,+1.723675E-09
1664268012
-4.476894E-01,+2.505229E-09
1664268025
-4.373642E-01,+2.220063E-09
1664268037
-4.270623E-01,+2.093786E-09
1664268050
-4.168184E-01,+2.992741E-09
1664268063
-4.067356E-01,+2.594257E-09
1664268075
-3.998637E-01,+2.444785E-09
1664268088
-3.896247E-01,+2.334813E-09
1664268100
-3.793207E-01,+2.513360E-09
1664268113
-3.690839E-01,+2.485426E-09
1664268125
-3.589287E-01,+2.338219E-09
1664268138
-3.486356E-01,+2.580917E-09
1664268151
-3.384798E-01,+2.454468E-09
1664268163
-3.282351E-01,+2.574913E-09
1664268176
-3.179769E-01,+2.508603E-09
1664268188
-3.077119E-01,+3.049290E-09
1664268201
-2.975807E-01,+2.346436E-09
1664268213
-2.873007E-01,+2.746960E-09
1664268226
-2.769989E-01,+2.545866E-09
1664268239
-2.667944E-01,+2.064483E-09
1664268251
-2.598673E-01,+2.155385E-09
1664268264
-2.496483E-01,+2.173257E-09
1664268276
-2.393600E-01,+2.803978E-09
1664268289
-2.290956E-01,+2.687282E-09
1664268301
-2.188141E-01,+2.016967E-09
1664268314
-2.086193E-01,+2.434290E-09
1664268327
-1.983978E-01,+2.655973E-09
1664268339
-1.881495E-01,+2.646057E-09
1664268352
-1.779452E-01,+2.492512E-09
1664268364
-1.677335E-01,+2.533528E-09
1664268377
-1.573561E-01,+2.272450E-09
1664268390
-1.470810E-01,+2.874786E-09
1664268402
-1.369239E-01,+2.829978E-09
1664268415
-1.267409E-01,+2.367647E-09
1664268427
-1.199387E-01,+2.383858E-09
1664268440
-1.096825E-01,+2.838774E-09
1664268452
-9.946728E-02,+2.555567E-09
1664268465
-8.915325E-02,+2.675266E-09
1664268478
-7.895298E-02,+2.605213E-09
1664268490
-6.860617E-02,+2.409983E-09
1664268503
-5.832774E-02,+2.643927E-09
1664268515
-4.813381E-02,+2.232322E-09
1664268528
-3.787024E-02,+2.684690E-09
1664268540
-2.752885E-02,+2.176341E-09
1664268553
-1.726670E-02,+1.999367E-09
1664268566
-7.108802E-03,+3.113888E-09
1664268578
+3.137828E-03,+2.123492E-09
1664268591
+1.308783E-02,-8.789227E-10
1664268603
+2.327617E-02,-8.889328E-10
1664268616
+3.338662E-02,-2.844049E-10
1664268628
+4.364309E-02,-6.357139E-10
1664268641
+5.388780E-02,-4.511734E-10
1664268654
+6.409840E-02,-5.111036E-10
1664268666
+7.431609E-02,-1.257090E-09
1664268679
+8.443630E-02,-4.580801E-10
1664268691
+9.473246E-02,-7.219261E-10
1664268704
+1.048629E-01,-8.497113E-10
1664268716
+1.116376E-01,-7.712974E-10
1664268729
+1.219010E-01,-8.810147E-10
1664268742
+1.322666E-01,-7.418328E-10
1664268754
+1.424960E-01,-9.124210E-10
1664268767
+1.526818E-01,-8.742084E-10
1664268779
+1.629151E-01,-1.231447E-09
1664268792
+1.732331E-01,-7.331223E-10
1664268805
+1.834331E-01,-5.550715E-10
1664268817
+1.938729E-01,-6.716113E-10
1664268830
+2.041449E-01,-2.876606E-10
1664268842
+2.143044E-01,-8.600006E-10
1664268855
+2.246472E-01,-5.440206E-10
1664268867
+2.349432E-01,-5.220981E-10
1664268880
+2.451722E-01,-1.033560E-09
1664268893
+2.520318E-01,-9.311132E-10
1664268905
+2.623086E-01,-7.334698E-10
1664268918
+2.724797E-01,-2.742813E-10
1664268930
+2.826929E-01,-8.517816E-10
1664268943
+2.929945E-01,-6.200874E-10
1664268955
+3.032681E-01,-8.164490E-10
1664268968
+3.134789E-01,-5.702103E-10
1664268981
+3.236767E-01,-3.051074E-10
1664268993
+3.339432E-01,-2.861119E-10
1664269006
+3.441738E-01,-7.621879E-10
1664269018
+3.544423E-01,-6.299182E-10
1664269031
+3.646148E-01,-5.285296E-10
1664269043
+3.748919E-01,-1.885504E-10
1664269056
+3.851195E-01,-8.175210E-10
1664269069
+3.953644E-01,-2.298978E-10
1664269081
+4.021987E-01,-3.720897E-10
1664269094
+4.124425E-01,-9.097182E-10
1664269106
+4.227500E-01,-6.134657E-10
1664269119
+4.330025E-01,-7.499338E-10
1664269131
+4.432286E-01,-6.695662E-10
1664269144
+4.534576E-01,-8.413702E-10
1664269157
+4.637648E-01,-2.048409E-10
1664269169
+4.739705E-01,-5.639965E-10
1664269182
+4.840997E-01,-5.996975E-10
1664269194
+4.943481E-01,-6.611620E-10
1664269207
+5.046190E-01,-6.380160E-10
1664269220
+5.148947E-01,-4.561267E-10
1664269232
+5.251431E-01,-5.457342E-10
1664269245
+5.353941E-01,-4.499013E-10
1664269257
+5.421812E-01,-4.869292E-10
1664269270
+5.524161E-01,-6.137947E-10
1664269282
+5.627007E-01,-3.334668E-10
1664269295
+5.729325E-01,-9.834147E-10
1664269308
+5.831246E-01,-4.738108E-10
1664269320
+5.932930E-01,-5.796718E-10
1664269333
+6.035571E-01,-4.833686E-10
1664269345
+6.138434E-01,-6.726861E-10
1664269358
+6.241626E-01,-8.503323E-10
1664269370
+6.344427E-01,-3.869032E-10
1664269383
+6.446862E-01,-1.089978E-09
1664269396
+6.550525E-01,-2.882879E-10
1664269408
+6.652480E-01,-4.814377E-10
1664269421
+6.754631E-01,-3.058325E-10
1664269433
+6.823103E-01,-3.276770E-10
1664269446
+6.925215E-01,-2.653720E-10
1664269458
+7.027069E-01,-6.810707E-10
1664269471
+7.129582E-01,-2.388151E-10
1664269484
+7.233106E-01,-4.803742E-10
1664269496
+7.335182E-01,-4.932627E-10
1664269509
+7.438033E-01,-5.928802E-10
1664269521
+7.539985E-01,-1.880836E-10
1664269534
+7.642751E-01,-4.975482E-10
1664269546
+7.745176E-01,-4.711634E-10
1664269559
+7.847506E-01,-5.676973E-10
1664269572
+7.949627E-01,-3.032459E-10
1664269584
+8.052918E-01,-1.794294E-10
1664269597
+8.154086E-01,-5.469487E-10
1664269609
+8.256652E-01,+1.743558E-10
1664269622
+8.325446E-01,-6.342913E-10
1664269635
+8.427351E-01,-2.598284E-10
1664269647
+8.529428E-01,+7.154099E-11
1664269660
+8.632252E-01,-2.654083E-10
1664269672
+8.734576E-01,-8.236125E-10
1664269685
+8.836740E-01,-4.353335E-10
1664269697
+8.939284E-01,+6.027580E-11
1664269710
+9.042367E-01,-3.948273E-10
1664269723
+9.144398E-01,+2.338715E-10
1664269735
+9.247206E-01,-5.213026E-11
1664269748
+9.348354E-01,-4.197353E-10
1664269760
+9.451138E-01,-5.118499E-10
1664269773
+9.553425E-01,-7.959359E-10
1664269785
+9.656333E-01,-8.314459E-10
1664269798
+9.725243E-01,-1.637362E-10
1664269811
+9.826862E-01,-3.739374E-10
1664269823
+9.928576E-01,-4.354127E-10
1664269836
+1.003074E+00,-5.306898E-10
1664269848
+1.013379E+00,-4.414057E-10
1664269861
+1.023593E+00,-1.032192E-10
1664269873
+1.033826E+00,-6.231456E-10
1664269886
+1.044145E+00,-5.453533E-10
1664269899
+1.054334E+00,-5.096664E-10
1664269911
+1.064683E+00,-3.702208E-10
1664269924
+1.075017E+00,-5.588687E-10
1664269936
+1.085119E+00,-8.500407E-10
1664269949
+1.095504E+00,-5.264427E-10
1664269962
+1.105669E+00,-6.156543E-10
1664269974
+1.112500E+00,-5.045226E-10
1664269987
+1.122789E+00,-4.259837E-10
1664269999
+1.133083E+00,-5.583481E-10
1664270012
+1.143338E+00,-2.332884E-10
1664270024
+1.153441E+00,-3.748555E-10
1664270037
+1.163837E+00,-3.381352E-10
1664270050
+1.174113E+00,-9.510680E-10
1664270062
+1.184387E+00,-7.526725E-10
1664270075
+1.194580E+00,-2.616926E-10
1664270087
+1.204917E+00,-2.700568E-10
1664270100
+1.215078E+00,-6.388945E-10
1664270112
+1.225345E+00,-7.247950E-10
1664270125
+1.235603E+00,-6.726874E-10
1664270138
+1.245756E+00,-6.154702E-10
1664270150
+1.252622E+00,-6.161335E-10
1664270163
+1.262817E+00,-4.363165E-10
1664270175
+1.273088E+00,-7.800050E-10
1664270188
+1.283235E+00,-2.271753E-10
1664270200
+1.293541E+00,+9.149196E-11
1664270213
+1.303653E+00,-1.107671E-09
1664270226
+1.314012E+00,-2.756035E-10
1664270238
+1.324263E+00,+7.862490E-11
1664270251
+1.334436E+00,-1.395191E-10
1664270263
+1.344690E+00,-6.748166E-10
1664270276
+1.354991E+00,-3.034394E-10
1664270288
+1.365257E+00,-1.026049E-09
1664270301
+1.375353E+00,-6.375668E-10
1664270314
+1.385649E+00,-7.534929E-10
1664270326
+1.395962E+00,-6.066647E-10
1664270339
+1.402799E+00,-4.080241E-10
1664270351
+1.413066E+00,-4.492874E-10
1664270364
+1.423297E+00,-5.170518E-10
1664270377
+1.433492E+00,-5.856995E-10
1664270389
+1.443709E+00,-3.226294E-10
1664270402
+1.453927E+00,-2.419637E-10
1664270414
+1.464105E+00,-4.247746E-10
1664270427
+1.474427E+00,-4.323543E-10
1664270439
+1.484701E+00,-8.271815E-10
1664270452
+1.495008E+00,-6.550553E-10
1664270465
+1.505301E+00,-5.931091E-10
1664270477
+1.515542E+00,-7.080264E-10
1664270490
+1.525847E+00,-6.993112E-10
1664270502
+1.536049E+00,-4.182996E-10
1664270515
+1.542840E+00,-6.485905E-10
1664270527
+1.553158E+00,-5.941525E-10
1664270540
+1.563304E+00,-7.740384E-10
1664270553
+1.573649E+00,-3.192439E-10
1664270565
+1.583937E+00,-1.873143E-11
1664270578
+1.594109E+00,-7.576252E-10
1664270590
+1.604429E+00,-2.281210E-10
1664270603
+1.614639E+00,-3.915107E-10
1664270615
+1.624835E+00,-2.912773E-10
1664270628
+1.635082E+00,-6.545645E-10
1664270641
+1.645348E+00,-7.480365E-10
1664270653
+1.655548E+00,-9.851506E-10
1664270666
+1.665788E+00,+2.511296E-10
1664270678
+1.676069E+00,-6.399719E-10
1664270691
+1.682919E+00,-4.270610E-10
1664270703
+1.693077E+00,-7.233300E-10
1664270716
+1.703323E+00,-1.632538E-10
1664270729
+1.713537E+00,-5.375041E-10
1664270741
+1.723766E+00,-4.540357E-10
1664270754
+1.734032E+00,-5.790916E-10
1664270766
+1.744371E+00,-7.431299E-10
1664270779
+1.754492E+00,-8.094711E-10
1664270792
+1.764757E+00,-3.752518E-10
1664270804
+1.774979E+00,-4.718702E-10
1664270817
+1.785141E+00,-7.584979E-10
1664270829
+1.795500E+00,-6.460476E-10
1664270842
+1.805712E+00,-1.038882E-09
1664270854
+1.815929E+00,-5.824496E-10
1664270867
+1.826179E+00,-7.591225E-10
1664270880
+1.832924E+00,-2.516392E-10
1664270892
+1.843221E+00,-6.043722E-10
1664270905
+1.853453E+00,-3.287915E-10
1664270917
+1.863702E+00,-3.186553E-10
1664270930
+1.873987E+00,-7.328261E-10
1664270942
+1.884226E+00,-4.426066E-10
1664270955
+1.894451E+00,-3.482371E-11
1664270968
+1.904665E+00,-9.965341E-10
1664270980
+1.914874E+00,-8.500181E-11
1664270993
+1.925169E+00,-6.194960E-10
1664271005
+1.935403E+00,-1.421356E-10
1664271018
+1.945678E+00,-2.597648E-10
1664271030
+1.955966E+00,-7.316572E-10
1664271043
+1.966149E+00,-6.139668E-10
1664271056
+1.972957E+00,-6.737600E-10
1664271068
+1.983210E+00,-3.641251E-10
1664271081
+1.993475E+00,-7.695404E-10
1664271093
+2.003794E+00,-4.636414E-10
1664271106
+2.013973E+00,-1.156303E-10
1664271118
+2.024227E+00,-6.229500E-10
1664271131
+2.034451E+00,-1.881277E-10
1664271144
+2.044741E+00,-3.704209E-10
1664271156
+2.055028E+00,-5.446403E-10
1664271169
+2.065243E+00,-5.202055E-10
1664271181
+2.075478E+00,-1.840406E-10
1664271194
+2.085670E+00,+3.298023E-11
1664271206
+2.096025E+00,-2.207657E-10
1664271219
+2.106247E+00,-3.758005E-10
1664271232
+2.113053E+00,-5.408965E-10
1664271244
+2.123237E+00,-3.214911E-10
1664271257
+2.133566E+00,-6.676506E-10
1664271269
+2.143762E+00,-2.402208E-10
1664271282
+2.153935E+00,-3.189131E-10
1664271295
+2.164174E+00,-5.219725E-10
1664271307
+2.174438E+00,-6.166739E-10
1664271320
+2.184602E+00,-5.986986E-10
1664271332
+2.194888E+00,-3.853147E-10
1664271345
+2.205196E+00,-7.295363E-10
1664271357
+2.215413E+00,-2.994777E-10
1664271370
+2.225626E+00,-5.160904E-10
1664271383
+2.235828E+00,-4.436975E-10
1664271395
+2.246076E+00,-4.514319E-10
1664271408
+2.252864E+00,-4.213113E-10
1664271420
+2.263152E+00,-4.664739E-10
1664271433
+2.273451E+00,-1.825218E-10
1664271445
+2.283626E+00,-4.434151E-10
1664271458
+2.293897E+00,-3.283687E-10
1664271471
+2.304167E+00,-6.007863E-10
1664271483
+2.314407E+00,-6.363674E-10
1664271496
+2.324587E+00,-3.489988E-10
1664271508
+2.334851E+00,-1.773623E-10
1664271521
+2.345058E+00,-7.694261E-10
1664271533
+2.355383E+00,-1.530256E-10
1664271546
+2.365731E+00,-1.655773E-10
1664271559
+2.375991E+00,-3.199451E-10
1664271571
+2.386215E+00,-2.945973E-10
1664271584
+2.396398E+00,-5.433100E-10
1664271596
+2.403292E+00,-8.008431E-10
1664271609
+2.413500E+00,-2.957507E-10
1664271622
+2.423787E+00,-2.918953E-10
1664271634
+2.434103E+00,-8.892526E-10
1664271647
+2.444242E+00,-2.302454E-10
1664271659
+2.454561E+00,-6.390863E-10
1664271672
+2.464719E+00,-4.751279E-10
1664271684
+2.474915E+00,+9.407320E-12
1664271697
+2.485191E+00,-6.391242E-10
1664271710
+2.495464E+00,-2.801014E-10
1664271722
+2.505677E+00,-2.757256E-10
1664271735
+2.516039E+00,-6.991501E-10
1664271747
+2.526207E+00,-9.183524E-10
1664271760
+2.536467E+00,-6.195842E-10
1664271772
+2.543219E+00,-8.775711E-10
1664271785
+2.553535E+00,-9.984228E-10
1664271798
+2.563744E+00,-3.554715E-10
1664271810
+2.573924E+00,-2.784704E-10
1664271823
+2.584157E+00,-1.317436E-10
1664271835
+2.594338E+00,-4.904532E-10
1664271848
+2.604584E+00,-3.302863E-10
1664271860
+2.614798E+00,-5.515179E-10
1664271873
+2.625110E+00,-7.046670E-10
1664271886
+2.635386E+00,-4.611102E-10
1664271898
+2.645601E+00,-2.685964E-10
