1667883063
1667883065
1667883067
1667883068
1667883070
1667883071
1667883073
1667883074
1667883076
1667883078
1667883079
1667883081
1667883082
1667883084
1667883085
1667883087
1667883089
1667883090
1667883092
1667883093
1667883095
1667883096
1667883098
1667883100
1667883101
1667883103
1667883104
1667883106
-3.486874E-01,-9.233890E-08
-3.282291E-01,-5.157956E-08
-3.077548E-01,-5.087263E-08
-2.872481E-01,-4.718254E-08
-2.666896E-01,-4.512512E-08
-2.495688E-01,-4.580701E-08
-2.290614E-01,-4.352371E-08
-2.085414E-01,-4.371211E-08
