1667977699
-3.489363E-01,-1.467011E-06
1667977700
-3.284255E-01,-1.465693E-06
1667977702
-3.046144E-01,-1.455906E-06
1667977703
-2.840544E-01,-1.445151E-06
1667977705
-2.600549E-01,-1.421491E-06
1667977706
-2.395525E-01,-1.394792E-06
1667977708
-2.191209E-01,-1.380715E-06
1667977710
-1.951439E-01,-1.350407E-06
1667977711
-1.747015E-01,-1.328182E-06
1667977713
-1.473952E-01,-1.296828E-06
1667977714
-1.269477E-01,-1.277076E-06
1667977716
-1.099014E-01,-1.255568E-06
1667977717
-8.253421E-02,-1.223539E-06
1667977719
-6.193747E-02,-1.199561E-06
1667977721
-3.792382E-02,-1.169068E-06
1667977722
-1.740550E-02,-1.136445E-06
1667977724
+3.007493E-03,-1.112714E-06
1667977725
+3.005346E-02,-1.082342E-06
1667977727
+4.700305E-02,-1.064689E-06
1667977728
+7.426249E-02,-1.029097E-06
1667977730
+9.462036E-02,-1.001944E-06
1667977732
+1.116342E-01,-9.801113E-07
1667977733
+1.390604E-01,-9.477266E-07
1667977735
+1.594966E-01,-9.214802E-07
1667977736
+1.833461E-01,-8.894510E-07
1667977738
+2.040009E-01,-8.620901E-07
1667977739
+2.245406E-01,-8.440757E-07
1667977741
+2.484701E-01,-8.137500E-07
1667977743
+2.689080E-01,-7.905538E-07
1667977744
+2.928567E-01,-7.578333E-07
1667977746
+3.132747E-01,-7.351427E-07
1667977747
+3.337951E-01,-7.129773E-07
1667977749
+3.577356E-01,-6.842913E-07
1667977750
+3.781944E-01,-6.657201E-07
1667977752
+4.020521E-01,-6.426729E-07
1667977753
+4.225276E-01,-6.193914E-07
1667977755
+4.430021E-01,-5.975988E-07
1667977757
+4.669442E-01,-5.719813E-07
1667977758
+4.874398E-01,-5.510263E-07
1667977760
+5.147635E-01,-5.261105E-07
1667977761
+5.352538E-01,-5.081113E-07
1667977763
+5.523251E-01,-4.895842E-07
1667977764
+5.796471E-01,-4.652580E-07
1667977766
+6.000332E-01,-4.522412E-07
1667977768
+6.241072E-01,-4.262612E-07
1667977769
+6.445969E-01,-4.098399E-07
1667977771
+6.650731E-01,-3.939675E-07
1667977772
+6.889760E-01,-3.786321E-07
1667977774
+7.094915E-01,-3.651543E-07
1667977775
+7.334993E-01,-3.458273E-07
1667977777
+7.539247E-01,-3.327776E-07
1667977779
+7.744566E-01,-3.165725E-07
1667977780
+7.983522E-01,-3.020433E-07
1667977782
+8.187960E-01,-2.883042E-07
1667977783
+8.426188E-01,-2.730391E-07
1667977785
+8.631074E-01,-2.572363E-07
1667977786
+8.835096E-01,-2.470532E-07
1667977788
+9.074152E-01,-2.348355E-07
1667977790
+9.279342E-01,-2.172592E-07
1667977791
+9.552514E-01,-2.052583E-07
1667977793
+9.723116E-01,-1.949979E-07
1667977794
+9.927601E-01,-1.828610E-07
1667977796
+1.020131E+00,-1.701531E-07
1667977797
+1.040516E+00,-1.620056E-07
1667977799
+1.064666E+00,-1.500676E-07
1667977801
+1.085172E+00,-1.426458E-07
1667977802
+1.105617E+00,-1.316931E-07
1667977804
+1.129637E+00,-1.219187E-07
1667977805
+1.150170E+00,-1.154835E-07
1667977807
+1.174116E+00,-1.041586E-07
1667977808
+1.194596E+00,-9.569765E-08
1667977810
+1.215074E+00,-9.012484E-08
1667977812
+1.238913E+00,-8.135878E-08
1667977813
+1.259388E+00,-7.558255E-08
1667977815
+1.283222E+00,-6.867214E-08
1667977816
+1.303673E+00,-6.257078E-08
1667977818
+1.324130E+00,-5.960806E-08
1667977819
+1.347977E+00,-5.242798E-08
1667977821
+1.368505E+00,-4.630078E-08
1667977822
+1.396026E+00,-4.065585E-08
1667977824
+1.413058E+00,-3.840587E-08
1667977826
+1.433545E+00,-3.194899E-08
1667977827
+1.460806E+00,-2.685590E-08
1667977829
+1.477832E+00,-2.459426E-08
1667977830
+1.505301E+00,-1.772763E-08
1667977832
+1.525836E+00,-1.548850E-08
1667977833
+1.542854E+00,-1.413301E-08
1667977835
+1.570223E+00,-8.776092E-09
1667977837
+1.590672E+00,-3.566739E-09
1667977838
+1.614680E+00,-1.203071E-09
1667977840
+1.635216E+00,+1.392683E-09
1667977841
+1.655622E+00,+8.042344E-09
1667977843
+1.679445E+00,+1.446234E-08
1667977844
+1.699938E+00,+1.833959E-08
1667977846
+1.723875E+00,+2.484795E-08
1667977848
+1.744262E+00,+3.362813E-08
1667977849
+1.764780E+00,+4.254127E-08
1667977851
+1.788592E+00,+5.271389E-08
1667977852
+1.809064E+00,+6.308116E-08
1667977854
+1.833082E+00,+7.683224E-08
