1669302460
+1.008624E-01,-2.647686E-09
1669302471
+1.008557E-01,-8.975795E-10
1669302481
+1.009016E-01,-1.489832E-09
1669302491
+1.008140E-01,-7.604137E-10
1669302502
+1.009432E-01,-1.281031E-09
1669302512
+1.008149E-01,-8.571426E-10
1669302522
+1.009499E-01,+4.886996E-10
1669302532
+1.009424E-01,-1.248505E-09
1669302543
+1.009091E-01,-2.029125E-09
1669302553
+1.009083E-01,-1.329763E-09
1669302563
+1.008691E-01,-1.874916E-09
1669302574
+1.007781E-01,-3.394405E-10
1669302584
+1.008491E-01,-6.503639E-10
1669302594
+1.008182E-01,-6.249841E-10
1669302604
+1.008032E-01,-1.472735E-09
1669302615
+1.009016E-01,-6.474731E-10
1669302625
+1.009157E-01,-1.479837E-09
1669302635
+1.008149E-01,-2.195057E-09
1669302646
+1.008707E-01,-8.575428E-10
1669302656
+1.008391E-01,-7.566563E-10
1669302666
+1.008791E-01,-1.108009E-09
1669302676
+1.008507E-01,-2.104220E-09
1669302687
+1.008983E-01,-6.587177E-10
1669302697
+1.008040E-01,-1.233478E-09
1669302707
+1.009566E-01,-1.697374E-09
1669302718
+1.009366E-01,-6.378554E-10
1669302728
+1.008457E-01,-1.023012E-10
1669302738
+1.009616E-01,-2.428900E-09
1669302748
+1.007890E-01,-1.557304E-09
1669302759
+1.009383E-01,-9.475642E-10
1669302769
+1.008958E-01,-1.449391E-09
1669302779
+1.008374E-01,-2.228810E-09
1669302789
+1.008924E-01,-1.391048E-09
1669302800
+1.008882E-01,-8.862516E-10
1669302810
+1.008457E-01,-7.983645E-10
1669302820
+1.007715E-01,+1.285841E-10
1669302830
+1.007548E-01,-1.048304E-10
1669302841
+1.008599E-01,-4.190449E-10
1669302851
+1.008491E-01,+1.335945E-10
1669302861
+1.008332E-01,-1.679433E-09
1669302872
+1.008415E-01,-1.196422E-09
1669302882
+1.008115E-01,-1.230540E-09
1669302892
+1.008316E-01,-1.209772E-09
1669302902
+1.008382E-01,-1.951672E-09
1669302913
+1.008566E-01,-5.320254E-10
1669302923
+1.008549E-01,-8.558625E-10
1669302933
+1.009600E-01,-1.996247E-09
1669302944
+1.008149E-01,-7.195845E-10
1669302954
+1.008782E-01,-3.052525E-10
1669302964
+1.008874E-01,-1.310159E-09
1669302975
+1.009216E-01,-5.261607E-10
1669302985
+1.008707E-01,-4.161635E-10
