1667884618
-3.484333E-01,-6.680806E-09
1667884620
-3.280208E-01,-5.120006E-10
1667884621
-3.075231E-01,+1.998722E-09
1667884623
-2.870980E-01,+2.823767E-10
1667884625
-2.665645E-01,+1.454816E-09
1667884626
-2.493538E-01,+1.053028E-09
1667884628
-2.289121E-01,+2.182894E-09
1667884629
-2.084828E-01,+2.698908E-09
1667884631
-1.879603E-01,+1.754461E-09
1667884632
-1.675335E-01,+1.816573E-09
1667884634
-1.470550E-01,+3.191948E-09
1667884636
-1.265633E-01,+2.080824E-09
1667884637
-1.095293E-01,+1.516920E-09
1667884639
-8.904006E-02,+2.857695E-09
1667884640
-6.851655E-02,+3.995491E-09
1667884642
-4.785967E-02,+3.376172E-09
1667884643
-2.734537E-02,+3.256558E-09
1667884645
-6.857872E-03,+2.854783E-09
1667884647
+1.280714E-02,-5.999600E-10
1667884648
+3.315346E-02,+1.165985E-09
1667884650
+5.351149E-02,+7.162445E-10
1667884651
+7.397539E-02,-9.212788E-10
1667884653
+9.432504E-02,+2.436527E-10
1667884654
+1.113415E-01,+7.283782E-10
1667884656
+1.319121E-01,+4.974525E-10
1667884658
+1.523744E-01,-3.649250E-11
1667884659
+1.728224E-01,-1.352239E-10
1667884661
+1.934239E-01,+5.024316E-10
1667884662
+2.139862E-01,+1.352868E-10
1667884664
+2.345093E-01,-4.665716E-10
1667884665
+2.516116E-01,+1.288933E-09
1667884667
+2.721131E-01,+5.820849E-10
1667884669
+2.925929E-01,+6.357977E-10
1667884670
+3.130501E-01,-3.869593E-10
1667884672
+3.336475E-01,+1.437323E-09
1667884673
+3.540554E-01,+1.366452E-09
1667884675
+3.745677E-01,+5.779050E-10
1667884676
+3.949859E-01,+1.060546E-09
1667884678
+4.120698E-01,+1.325179E-09
1667884680
+4.325687E-01,+5.541636E-10
1667884681
+4.530377E-01,+1.720701E-09
1667884683
+4.736209E-01,+1.898504E-10
1667884684
+4.941166E-01,+7.608628E-10
1667884686
+5.145753E-01,+7.079490E-10
1667884687
+5.349991E-01,-2.393746E-11
1667884689
+5.521049E-01,+2.636643E-10
1667884690
+5.725322E-01,+5.645807E-10
1667884692
+5.930468E-01,+2.192940E-09
1667884694
+6.135133E-01,+1.443986E-09
1667884695
+6.340871E-01,+2.239199E-09
1667884697
+6.545953E-01,+1.640288E-09
1667884698
+6.750585E-01,+2.410463E-09
1667884700
+6.921023E-01,+1.706917E-10
1667884701
+7.126454E-01,+2.096636E-09
1667884703
+7.331650E-01,+2.466338E-09
1667884705
+7.537400E-01,+2.276293E-09
1667884706
+7.742073E-01,+1.549006E-09
1667884708
+7.946811E-01,+1.187670E-09
1667884709
+8.151250E-01,+9.333728E-10
1667884711
+8.321499E-01,+1.302605E-09
1667884712
+8.526806E-01,+1.698588E-10
1667884714
+8.731244E-01,+2.166683E-09
1667884716
+8.935843E-01,+2.282505E-09
1667884717
+9.141347E-01,+1.113041E-09
1667884719
+9.345653E-01,+2.480933E-09
1667884720
+9.550564E-01,+3.460775E-09
1667884722
+9.721099E-01,+2.241668E-09
1667884723
+9.926187E-01,+7.613041E-10
1667884725
+1.013073E+00,+2.096643E-09
1667884727
+1.033531E+00,+7.862660E-10
1667884728
+1.054019E+00,+5.853915E-10
1667884730
+1.074781E+00,+1.365601E-09
1667884731
+1.095238E+00,+1.443919E-09
1667884733
+1.112289E+00,+2.077491E-09
1667884734
+1.132751E+00,+1.919517E-09
1667884736
+1.153233E+00,+8.033554E-10
1667884738
+1.173821E+00,+1.688214E-09
1667884739
+1.194323E+00,+1.825341E-09
1667884741
+1.214767E+00,+1.524011E-09
1667884742
+1.235258E+00,+1.869095E-09
1667884744
+1.252352E+00,+1.590696E-09
1667884745
+1.272793E+00,+2.417999E-09
1667884747
+1.293300E+00,+1.655270E-09
1667884748
+1.313766E+00,+2.059977E-09
1667884750
+1.334259E+00,+2.108731E-09
1667884752
+1.354691E+00,+2.071222E-09
1667884753
+1.375188E+00,+1.344346E-09
1667884755
+1.395716E+00,+3.101087E-09
1667884756
+1.412789E+00,+7.129086E-10
1667884758
+1.433285E+00,+3.316987E-09
1667884759
+1.453707E+00,+3.087759E-09
1667884761
+1.474180E+00,+3.054833E-09
1667884763
+1.494782E+00,+2.576777E-09
1667884764
+1.515365E+00,+2.679734E-09
1667884766
+1.535849E+00,+1.910364E-09
1667884767
+1.552946E+00,+9.525789E-10
1667884769
+1.573440E+00,+4.248485E-09
1667884770
+1.593867E+00,+2.645964E-09
1667884772
+1.614409E+00,+2.197516E-09
1667884774
+1.634914E+00,+3.261972E-09
