1668056406
-3.485166E-01,-5.096075E-09
1668056407
-3.280832E-01,-8.725682E-10
1668056409
-3.075990E-01,+1.133047E-09
1668056410
-2.871163E-01,+6.154132E-10
1668056412
-2.665637E-01,-7.174621E-10
1668056413
-2.494447E-01,+7.371043E-10
1668056415
-2.290105E-01,+5.508260E-10
1668056417
-2.084819E-01,+2.453002E-09
1668056418
-1.880361E-01,+2.263769E-09
1668056420
-1.674743E-01,+2.835608E-09
1668056421
-1.469708E-01,+2.939378E-09
1668056423
-1.265024E-01,+1.736967E-09
1668056424
-1.095043E-01,+1.352659E-09
1668056426
-8.902920E-02,+2.461762E-09
1668056428
-6.854824E-02,+3.210702E-09
1668056429
-4.800894E-02,+1.561068E-09
1668056431
-2.742293E-02,+3.842125E-09
1668056432
-6.887893E-03,+2.417166E-09
1668056434
+1.268788E-02,+7.421028E-10
1668056435
+3.312593E-02,-5.636733E-10
1668056437
+5.356815E-02,+1.479976E-11
1668056439
+7.397957E-02,-8.608587E-10
1668056440
+9.435673E-02,-7.108085E-10
1668056442
+1.113440E-01,-3.686089E-10
1668056443
+1.319188E-01,+1.331604E-10
1668056445
+1.524727E-01,+6.295854E-10
1668056446
+1.728566E-01,+1.009685E-09
1668056448
+1.934914E-01,+1.123849E-09
1668056449
+2.141238E-01,-3.344986E-10
1668056451
+2.345794E-01,+3.324237E-10
1668056453
+2.516808E-01,+2.037482E-09
1668056454
+2.721490E-01,-4.211544E-10
1668056456
+2.926530E-01,+1.173470E-09
1668056457
+3.131377E-01,+1.606951E-09
1668056459
+3.336833E-01,+3.086837E-10
1668056460
+3.541231E-01,-2.540407E-10
1668056462
+3.746204E-01,-3.036392E-10
1668056464
+3.951333E-01,+2.145836E-09
1668056465
+4.122323E-01,+5.457815E-10
1668056467
+4.326754E-01,+1.815318E-09
1668056468
+4.531727E-01,+1.402423E-10
1668056470
+4.736258E-01,+9.092416E-10
1668056471
+4.941222E-01,+2.032476E-09
1668056473
+5.146495E-01,+2.199608E-09
1668056475
+5.351167E-01,+1.987468E-09
1668056476
+5.521638E-01,+2.195014E-09
1668056478
+5.725952E-01,+1.852775E-09
1668056479
+5.930985E-01,+1.120533E-09
1668056481
+6.135697E-01,+9.238386E-10
1668056482
+6.341686E-01,+1.001336E-09
1668056484
+6.547160E-01,+2.807269E-09
1668056486
+6.752000E-01,+2.505070E-09
1668056487
+6.922497E-01,+3.398735E-10
1668056489
+7.127271E-01,+1.714475E-09
1668056490
+7.332691E-01,+2.455091E-09
1668056492
+7.537515E-01,+1.787404E-09
1668056493
+7.741752E-01,+2.097895E-09
1668056495
+7.946134E-01,+2.094552E-10
1668056497
+8.151581E-01,+1.828244E-09
1668056498
+8.321752E-01,+1.314327E-09
1668056500
+8.526837E-01,+1.266823E-09
1668056501
+8.731897E-01,+1.466078E-09
1668056503
+8.936372E-01,+3.043136E-09
1668056504
+9.141102E-01,+3.131095E-09
1668056506
+9.345624E-01,-3.173466E-10
1668056508
+9.551329E-01,+2.831837E-09
1668056509
+9.722594E-01,+1.545683E-09
1668056511
+9.926616E-01,+1.692766E-09
1668056512
+1.013168E+00,+9.454878E-10
1668056514
+1.033653E+00,+3.173301E-10
1668056515
+1.054090E+00,+3.021061E-09
1668056517
+1.074761E+00,+9.334181E-10
1668056518
+1.095227E+00,+1.634867E-09
1668056520
+1.112352E+00,+1.399385E-09
1668056522
+1.132851E+00,+8.483633E-10
1668056523
+1.153268E+00,+2.733912E-09
1668056525
+1.173867E+00,+3.205706E-09
1668056526
+1.194375E+00,+2.648467E-09
1668056528
+1.214882E+00,+1.772826E-09
1668056529
+1.235342E+00,+5.749888E-10
1668056531
+1.252401E+00,+2.338808E-09
1668056533
+1.272807E+00,+2.788097E-09
1668056534
+1.293335E+00,+1.603603E-09
1668056536
+1.313873E+00,+2.692238E-09
1668056537
+1.334323E+00,+1.248925E-09
1668056539
+1.354827E+00,+9.984377E-10
1668056540
+1.375265E+00,+3.424093E-09
1668056542
+1.395821E+00,+2.310046E-09
1668056544
+1.412868E+00,+1.453554E-09
1668056545
+1.433243E+00,+1.013003E-09
1668056547
+1.453723E+00,+2.579291E-09
1668056548
+1.474240E+00,+1.539848E-09
1668056550
+1.494781E+00,+2.898118E-09
1668056551
+1.515428E+00,+3.168185E-09
1668056553
+1.535892E+00,+2.256686E-09
1668056555
+1.553019E+00,+2.386323E-09
1668056556
+1.573485E+00,+2.690153E-09
1668056558
+1.593963E+00,+3.261971E-09
1668056559
+1.614473E+00,+6.574994E-10
1668056561
+1.634988E+00,+2.326699E-09
