1669026948
-4.001807E-01,-6.828305E-09
1669026959
-4.001472E-01,-1.183342E-08
1669026969
-4.001773E-01,-1.381163E-08
1669026979
-4.001523E-01,-1.837951E-08
1669026990
-4.002340E-01,-2.143935E-08
1669027000
-4.001596E-01,-2.294947E-08
1669027010
-4.001389E-01,-2.463049E-08
1669027020
-4.001532E-01,-2.913628E-08
1669027031
-4.001549E-01,-2.950975E-08
1669027041
-4.001981E-01,-3.094441E-08
1669027051
-4.001197E-01,-3.436147E-08
1669027062
-4.001521E-01,-3.398174E-08
1669027072
-4.001504E-01,-3.655682E-08
1669027082
-4.001473E-01,-3.989303E-08
1669027092
-4.001880E-01,-4.114347E-08
1669027103
-4.001047E-01,-4.131562E-08
1669027113
-4.000914E-01,-4.566175E-08
1669027123
-4.001272E-01,-4.647829E-08
1669027134
-4.000606E-01,-4.976156E-08
1669027144
-4.000938E-01,-5.045971E-08
1669027154
-4.000756E-01,-5.439780E-08
1669027164
-4.001498E-01,-5.652189E-08
1669027175
-4.001482E-01,-5.536191E-08
1669027185
-4.001023E-01,-5.864140E-08
1669027195
-4.001084E-01,-5.708421E-08
1669027206
-4.001708E-01,-5.740223E-08
1669027216
-4.000650E-01,-6.001902E-08
1669027226
-4.000490E-01,-5.958092E-08
1669027236
-4.000374E-01,-6.059462E-08
1669027247
-4.001284E-01,-6.335688E-08
1669027257
-4.001051E-01,-6.332562E-08
1669027267
-4.000716E-01,-6.582984E-08
1669027278
-4.001301E-01,-7.000052E-08
1669027288
-4.000967E-01,-7.001260E-08
1669027298
-4.000701E-01,-7.184159E-08
1669027309
-4.000726E-01,-7.425038E-08
1669027319
-4.000968E-01,-7.386399E-08
1669027329
-4.001887E-01,-7.445214E-08
1669027339
-4.001519E-01,-7.555710E-08
1669027350
-4.000752E-01,-8.054639E-08
1669027360
-4.001286E-01,-7.828810E-08
1669027370
-4.001619E-01,-7.854443E-08
1669027381
-4.000478E-01,-8.214950E-08
1669027391
-3.999919E-01,-8.192275E-08
1669027401
-4.000836E-01,-8.287184E-08
1669027412
-4.000587E-01,-8.560033E-08
1669027422
-4.000420E-01,-8.624389E-08
1669027432
-4.000821E-01,-8.928584E-08
1669027442
-4.000964E-01,-8.832259E-08
1669027453
-4.001121E-01,-9.080804E-08
1669027463
-4.000697E-01,-8.879944E-08
1669027473
-4.000796E-01,-9.227607E-08
1669027484
-4.000655E-01,-9.433183E-08
1669027494
-4.000805E-01,-9.355739E-08
1669027504
-4.000114E-01,-9.667687E-08
1669027514
-4.000157E-01,-9.835793E-08
1669027524
-4.000440E-01,-9.754552E-08
1669027535
-4.001751E-01,-9.804032E-08
1669027545
-4.001125E-01,-9.830793E-08
1669027555
-4.000650E-01,-1.012907E-07
1669027566
-4.000975E-01,-1.006096E-07
1669027576
-4.000833E-01,-1.063571E-07
1669027586
-4.000226E-01,-1.066172E-07
1669027597
-4.001160E-01,-1.072199E-07
1669027607
-4.000743E-01,-1.088651E-07
1669027617
-4.000795E-01,-1.077510E-07
1669027627
-3.999287E-01,-1.120564E-07
1669027638
-3.999953E-01,-1.126353E-07
1669027648
-3.999870E-01,-1.128837E-07
1669027658
-4.000205E-01,-1.150900E-07
1669027669
-3.999497E-01,-1.162296E-07
1669027679
-4.000232E-01,-1.158061E-07
1669027689
-3.999381E-01,-1.186709E-07
1669027700
-3.999047E-01,-1.201064E-07
1669027710
-4.000072E-01,-1.207800E-07
1669027720
-3.999764E-01,-1.251507E-07
1669027730
-4.000355E-01,-1.267375E-07
1669027741
-3.999357E-01,-1.264425E-07
1669027751
-3.998957E-01,-1.270373E-07
1669027761
-3.999532E-01,-1.299812E-07
1669027772
-3.999936E-01,-1.295908E-07
1669027782
-3.999953E-01,-1.272629E-07
1669027792
-3.998468E-01,-1.321067E-07
1669027802
-3.998859E-01,-1.307512E-07
1669027813
-3.998504E-01,-1.346807E-07
1669027823
-3.999629E-01,-1.349407E-07
1669027833
-3.998577E-01,-1.386866E-07
1669027844
-3.998809E-01,-1.368209E-07
1669027854
-3.999626E-01,-1.386261E-07
1669027864
-3.999696E-01,-1.415406E-07
1669027874
-3.998461E-01,-1.436668E-07
1669027885
-3.998379E-01,-1.447706E-07
1669027895
-3.999788E-01,-1.467976E-07
1669027905
-3.998152E-01,-1.477841E-07
1669027916
-3.999021E-01,-1.489013E-07
1669027926
-3.999596E-01,-1.505593E-07
1669027936
-3.998828E-01,-1.492288E-07
1669027947
-3.999135E-01,-1.551851E-07
1669027957
-3.998793E-01,-1.561075E-07
1669027967
-3.998660E-01,-1.571108E-07
1669027978
-3.999527E-01,-1.576031E-07
1669027988
-4.000009E-01,-1.584112E-07
1669027998
-3.999557E-01,-1.585983E-07
1669028008
-3.998874E-01,-1.600284E-07
1669028019
-3.998191E-01,-1.619275E-07
1669028029
-3.998059E-01,-1.622176E-07
1669028039
-3.997927E-01,-1.647499E-07
1669028050
-3.998743E-01,-1.664554E-07
1669028060
-3.997952E-01,-1.685012E-07
1669028070
-3.997851E-01,-1.689055E-07
1669028081
-3.998793E-01,-1.687809E-07
1669028091
-3.998568E-01,-1.695620E-07
1669028101
-3.999169E-01,-1.709116E-07
1669028111
-3.998312E-01,-1.734785E-07
1669028122
-3.998487E-01,-1.759215E-07
1669028132
-3.997894E-01,-1.767267E-07
1669028142
-3.999011E-01,-1.773261E-07
1669028153
-3.998635E-01,-1.796002E-07
1669028163
-3.997351E-01,-1.823504E-07
1669028173
-3.997618E-01,-1.842111E-07
1669028183
-3.998436E-01,-1.845921E-07
1669028194
-3.998560E-01,-1.860609E-07
1669028204
-3.998019E-01,-1.870876E-07
1669028214
-3.998559E-01,-1.853873E-07
1669028224
-3.999361E-01,-1.898952E-07
1669028235
-3.999018E-01,-1.905600E-07
1669028245
-3.998969E-01,-1.921114E-07
1669028255
-3.998718E-01,-1.938825E-07
1669028266
-3.998834E-01,-1.957810E-07
1669028276
-3.998635E-01,-1.948141E-07
1669028286
-3.997875E-01,-1.970148E-07
1669028296
-3.998315E-01,-1.990897E-07
1669028307
-3.998593E-01,-2.014819E-07
1669028317
-3.998017E-01,-2.012930E-07
1669028327
-3.998050E-01,-2.032221E-07
1669028338
-3.998042E-01,-2.041750E-07
1669028348
-3.997857E-01,-2.080171E-07
1669028358
-3.998108E-01,-2.107081E-07
1669028369
-3.998474E-01,-2.113466E-07
1669028379
-3.999284E-01,-2.111299E-07
1669028389
-3.999642E-01,-2.113246E-07
1669028399
-3.997582E-01,-2.094960E-07
1669028410
-3.998709E-01,-2.141773E-07
1669028420
-3.999000E-01,-2.159041E-07
1669028430
-3.998158E-01,-2.186860E-07
1669028441
-3.998650E-01,-2.185659E-07
1669028451
-3.998866E-01,-2.220555E-07
1669028461
-3.998007E-01,-2.187406E-07
1669028472
-3.998257E-01,-2.237103E-07
