1669372843
-4.012175E-01,-1.731993E-07
1669372853
-4.011874E-01,-1.879539E-07
1669372863
-4.012575E-01,-2.041055E-07
1669372874
-4.012425E-01,-2.183344E-07
1669372884
-4.013054E-01,-2.273137E-07
1669372894
-4.013566E-01,-2.372606E-07
1669372905
-4.013465E-01,-2.460183E-07
1669372915
-4.013135E-01,-2.588557E-07
1669372925
-4.012986E-01,-2.719522E-07
1669372935
-4.012375E-01,-2.821036E-07
1669372945
-4.012546E-01,-2.868854E-07
1669372956
-4.013325E-01,-2.962838E-07
1669372966
-4.012415E-01,-3.118433E-07
1669372976
-4.012225E-01,-3.155857E-07
1669372987
-4.011995E-01,-3.240659E-07
1669372997
-4.012194E-01,-3.365346E-07
1669373007
-4.011385E-01,-3.421244E-07
1669373017
-4.012025E-01,-3.521806E-07
1669373028
-4.012125E-01,-3.668982E-07
1669373038
-4.011945E-01,-3.736693E-07
1669373048
-4.011675E-01,-3.860870E-07
1669373059
-4.012073E-01,-3.942449E-07
1669373069
-4.013095E-01,-4.031469E-07
1669373079
-4.012765E-01,-4.043878E-07
1669373089
-4.012616E-01,-4.120548E-07
1669373100
-4.012006E-01,-4.133449E-07
1669373110
-4.012164E-01,-4.263617E-07
1669373120
-4.012577E-01,-4.401581E-07
1669373130
-4.012466E-01,-4.449759E-07
1669373141
-4.012635E-01,-4.562040E-07
1669373151
-4.011075E-01,-4.560736E-07
1669373161
-4.012086E-01,-4.679286E-07
1669373172
-4.013226E-01,-4.719465E-07
1669373182
-4.013147E-01,-4.851011E-07
1669373192
-4.012836E-01,-4.843253E-07
1669373203
-4.012887E-01,-4.918577E-07
1669373213
-4.012876E-01,-5.045920E-07
1669373223
-4.012736E-01,-5.103311E-07
1669373233
-4.011637E-01,-5.148991E-07
1669373244
-4.012566E-01,-5.201548E-07
1669373254
-4.013338E-01,-5.323391E-07
1669373264
-4.013087E-01,-5.399940E-07
1669373275
-4.013437E-01,-5.544589E-07
1669373285
-4.012177E-01,-5.527914E-07
1669373295
-4.012436E-01,-5.672322E-07
1669373305
-4.012895E-01,-5.722243E-07
1669373316
-4.011056E-01,-5.782439E-07
1669373326
-4.011844E-01,-5.795972E-07
1669373336
-4.013105E-01,-5.873896E-07
1669373347
-4.011956E-01,-5.980899E-07
1669373357
-4.012937E-01,-6.078462E-07
1669373367
-4.012496E-01,-6.102315E-07
1669373377
-4.011675E-01,-6.197296E-07
1669373388
-4.012337E-01,-6.227124E-07
1669373398
-4.012307E-01,-6.275177E-07
1669373408
-4.012067E-01,-6.376225E-07
1669373419
-4.011286E-01,-6.421432E-07
1669373429
-4.011407E-01,-6.429766E-07
1669373439
-4.012596E-01,-6.465158E-07
1669373449
-4.013938E-01,-6.563782E-07
1669373460
-4.013117E-01,-6.634198E-07
1669373470
-4.013218E-01,-6.708512E-07
1669373480
-4.013278E-01,-6.743841E-07
