1664847146
-1.348718E+00,-2.503224E-06
1664847158
-1.307838E+00,-2.508321E-06
1664847171
-1.266817E+00,-2.493334E-06
1664847184
-1.229234E+00,-2.470989E-06
1664847196
-1.188285E+00,-2.445267E-06
1664847209
-1.147407E+00,-2.418611E-06
1664847221
-1.109800E+00,-2.391908E-06
1664847234
-1.068708E+00,-2.363744E-06
1664847246
-1.027608E+00,-2.331481E-06
1664847259
-9.865804E-01,-2.300917E-06
1664847271
-9.490289E-01,-2.272689E-06
1664847284
-9.081067E-01,-2.242366E-06
1664847296
-8.671693E-01,-2.213927E-06
1664847309
-8.294998E-01,-2.186986E-06
1664847322
-7.885144E-01,-2.155632E-06
1664847334
-7.475751E-01,-2.129385E-06
1664847347
-7.066311E-01,-2.098559E-06
1664847359
-6.691308E-01,-2.071517E-06
1664847372
-6.281848E-01,-2.042085E-06
1664847384
-5.869827E-01,-2.011896E-06
1664847397
-5.494854E-01,-1.984371E-06
1664847410
-5.084879E-01,-1.955336E-06
1664847422
-4.674795E-01,-1.924180E-06
1664847435
-4.265139E-01,-1.899008E-06
1664847447
-3.889135E-01,-1.871313E-06
1664847460
-3.480132E-01,-1.841843E-06
1664847472
-3.070547E-01,-1.810299E-06
1664847485
-2.660336E-01,-1.782213E-06
1664847498
-2.284709E-01,-1.756775E-06
1664847510
-1.874818E-01,-1.733335E-06
1664847523
-1.464694E-01,-1.704798E-06
1664847535
-1.089491E-01,-1.681689E-06
1664847548
-6.794453E-02,-1.655541E-06
1664847560
-2.686518E-02,-1.630381E-06
1664847573
+1.290628E-02,-1.608729E-06
1664847586
+5.369516E-02,-1.575440E-06
1664847598
+9.460070E-02,-1.522644E-06
1664847611
+1.320725E-01,-1.461999E-06
1664847623
+1.729906E-01,-1.406348E-06
1664847636
+2.141225E-01,-1.346395E-06
1664847648
+2.517653E-01,-1.289402E-06
1664847661
+2.927440E-01,-1.233962E-06
1664847673
+3.336965E-01,-1.177324E-06
1664847686
+3.746285E-01,-1.127220E-06
1664847698
+4.121599E-01,-1.081430E-06
1664847711
+4.531893E-01,-1.033871E-06
1664847724
+4.941436E-01,-9.885887E-07
1664847736
+5.351220E-01,-9.379651E-07
1664847749
+5.726660E-01,-8.987600E-07
1664847761
+6.135263E-01,-8.510204E-07
1664847774
+6.547097E-01,-8.034185E-07
1664847786
+6.922731E-01,-7.624380E-07
1664847799
+7.332811E-01,-7.195605E-07
1664847812
+7.742925E-01,-6.834903E-07
1664847824
+8.151954E-01,-6.447510E-07
1664847837
+8.527364E-01,-6.087874E-07
1664847849
+8.937037E-01,-5.694556E-07
1664847862
+9.346879E-01,-5.341660E-07
1664847874
+9.722124E-01,-4.985458E-07
1664847887
+1.013126E+00,-4.623951E-07
1664847899
+1.054021E+00,-4.258739E-07
1664847912
+1.095238E+00,-3.914638E-07
1664847925
+1.132882E+00,-3.623439E-07
1664847937
+1.173790E+00,-3.289001E-07
1664847950
+1.214824E+00,-2.981576E-07
1664847962
+1.252404E+00,-2.694081E-07
1664847975
+1.293262E+00,-2.399899E-07
1664847987
+1.334217E+00,-2.089144E-07
1664848000
+1.375187E+00,-1.786582E-07
1664848013
+1.412784E+00,-1.518342E-07
1664848025
+1.453739E+00,-1.231215E-07
1664848038
+1.494789E+00,-9.485485E-08
1664848050
+1.535806E+00,-6.484691E-08
1664848063
+1.573385E+00,-3.918384E-08
1664848075
+1.614378E+00,-1.146918E-08
1664848088
+1.655264E+00,+1.671305E-08
1664848100
+1.692735E+00,+4.164886E-08
1664848113
+1.733737E+00,+6.903761E-08
1664848125
+1.774783E+00,+9.671246E-08
1664848138
+1.815762E+00,+1.261740E-07
1664848151
+1.853237E+00,+1.519850E-07
1664848163
+1.894193E+00,+1.820666E-07
1664848176
+1.935248E+00,+2.140061E-07
1664848188
+1.972804E+00,+2.475807E-07
1664848201
+2.013765E+00,+2.916284E-07
1664848214
+2.054771E+00,+3.612869E-07
1664848226
+2.095703E+00,+4.994055E-07
1664848239
+2.133269E+00,+8.005661E-07
1664848251
+2.174166E+00,+1.512242E-06
1664848264
+2.215236E+00,+1.615423E-06
1664848276
+2.252661E+00,+1.650306E-06
1664848289
+2.293676E+00,+1.688766E-06
1664848302
+2.334597E+00,+1.726873E-06
1664848314
+2.375699E+00,+1.765418E-06
1664848327
+2.413349E+00,+1.801030E-06
1664848339
+2.454324E+00,+1.839236E-06
1664848352
+2.495332E+00,+1.878132E-06
1664848364
+2.536239E+00,+1.916363E-06
1664848377
+2.573739E+00,+1.951406E-06
1664848390
+2.614703E+00,+1.989597E-06
