1669367684
+4.602036E+00,+4.249484E-07
1669367695
+4.602081E+00,+4.314290E-07
1669367705
+4.601972E+00,+4.285965E-07
1669367715
+4.601943E+00,+4.227273E-07
1669367725
+4.601879E+00,+4.207815E-07
1669367736
+4.601899E+00,+4.247617E-07
1669367746
+4.602082E+00,+4.367760E-07
1669367756
+4.602041E+00,+4.300641E-07
1669367767
+4.602030E+00,+4.226545E-07
1669367777
+4.601939E+00,+4.354284E-07
1669367787
+4.602010E+00,+4.264504E-07
1669367797
+4.601958E+00,+4.204963E-07
1669367808
+4.602036E+00,+4.133643E-07
1669367818
+4.601932E+00,+4.146159E-07
1669367828
+4.602030E+00,+4.134315E-07
1669367839
+4.602014E+00,+4.103568E-07
1669367849
+4.602106E+00,+4.093536E-07
1669367859
+4.601990E+00,+4.098295E-07
1669367869
+4.601890E+00,+4.102047E-07
1669367880
+4.601895E+00,+4.205985E-07
1669367890
+4.601960E+00,+4.130148E-07
1669367900
+4.601922E+00,+4.090390E-07
1669367911
+4.602019E+00,+4.068637E-07
1669367921
+4.601906E+00,+4.090147E-07
1669367931
+4.601966E+00,+4.141575E-07
1669367941
+4.601858E+00,+4.090366E-07
1669367952
+4.601895E+00,+4.099255E-07
1669367962
+4.601896E+00,+4.083309E-07
1669367972
+4.602024E+00,+4.057548E-07
1669367983
+4.601960E+00,+4.069309E-07
1669367993
+4.602005E+00,+4.067525E-07
1669368003
+4.601996E+00,+4.052746E-07
1669368014
+4.602011E+00,+4.063779E-07
1669368024
+4.601908E+00,+4.086748E-07
1669368034
+4.601972E+00,+4.186375E-07
1669368044
+4.601943E+00,+4.174185E-07
1669368055
+4.601962E+00,+4.136487E-07
1669368065
+4.601860E+00,+4.125963E-07
1669368075
+4.601979E+00,+4.129619E-07
1669368086
+4.602050E+00,+4.186667E-07
1669368096
+4.602076E+00,+4.133448E-07
1669368106
+4.602033E+00,+4.156184E-07
1669368116
+4.601984E+00,+4.116702E-07
1669368127
+4.601985E+00,+4.070637E-07
1669368137
+4.601946E+00,+4.073640E-07
1669368147
+4.601974E+00,+4.093675E-07
1669368158
+4.602032E+00,+4.078960E-07
1669368168
+4.602098E+00,+4.092604E-07
1669368178
+4.602046E+00,+4.127423E-07
1669368188
+4.601882E+00,+4.103341E-07
1669368199
+4.601953E+00,+4.746670E-07
1669368209
+4.601974E+00,+4.362626E-07
1669368219
+4.601951E+00,+4.278973E-07
1669368230
+4.602062E+00,+4.214221E-07
1669368240
+4.602038E+00,+4.181744E-07
1669368250
+4.601991E+00,+4.125586E-07
1669368260
+4.601912E+00,+4.138055E-07
