1668485778
-3.490607E-01,-9.895911E-07
1668485779
-3.286234E-01,-9.687911E-07
1668485781
-3.081660E-01,-9.597155E-07
1668485782
-2.876544E-01,-9.437094E-07
1668485784
-2.671361E-01,-9.352083E-07
1668485785
-2.499413E-01,-9.200303E-07
1668485787
-2.294656E-01,-8.907109E-07
1668485789
-2.089748E-01,-8.789012E-07
1668485790
-1.885482E-01,-8.693768E-07
1668485792
-1.679983E-01,-8.492742E-07
1668485793
-1.475642E-01,-8.310008E-07
1668485795
-1.270835E-01,-8.110052E-07
1668485796
-1.100046E-01,-7.947333E-07
1668485798
-8.954809E-02,-7.794503E-07
1668485800
-6.903813E-02,-7.706904E-07
1668485801
-4.850065E-02,-7.561038E-07
1668485803
-2.796319E-02,-7.415462E-07
1668485804
-7.478323E-03,-7.186223E-07
1668485806
+1.294121E-02,-7.059024E-07
1668485807
+3.344415E-02,-6.944869E-07
1668485809
+5.373775E-02,-6.780537E-07
1668485811
+7.424319E-02,-6.667944E-07
1668485812
+9.458267E-02,-6.498829E-07
1668485814
+1.116206E-01,-6.328514E-07
1668485815
+1.321919E-01,-6.170962E-07
1668485817
+1.525931E-01,-5.953288E-07
1668485818
+1.730251E-01,-5.765815E-07
1668485820
+1.936114E-01,-5.572100E-07
1668485822
+2.142195E-01,-5.374860E-07
1668485823
+2.347832E-01,-5.214173E-07
1668485825
+2.518787E-01,-5.025738E-07
1668485826
+2.723866E-01,-4.859875E-07
1668485828
+2.928513E-01,-4.680834E-07
1668485829
+3.133233E-01,-4.467440E-07
1668485831
+3.338321E-01,-4.270970E-07
1668485832
+3.542733E-01,-4.110367E-07
1668485834
+3.747454E-01,-3.900697E-07
1668485836
+3.952382E-01,-3.732498E-07
1668485837
+4.123262E-01,-3.586688E-07
1668485839
+4.327976E-01,-3.443921E-07
1668485840
+4.533680E-01,-3.259806E-07
1668485842
+4.738000E-01,-3.074126E-07
1668485843
+4.941970E-01,-2.942058E-07
1668485845
+5.147733E-01,-2.838817E-07
1668485847
+5.352505E-01,-2.711260E-07
1668485848
+5.523068E-01,-2.572956E-07
1668485850
+5.727847E-01,-2.412774E-07
1668485851
+5.932574E-01,-2.277734E-07
1668485853
+6.136421E-01,-2.151893E-07
1668485854
+6.342442E-01,-2.018600E-07
1668485856
+6.547879E-01,-1.891796E-07
1668485858
+6.752825E-01,-1.783649E-07
1668485859
+6.923905E-01,-1.705684E-07
1668485861
+7.128484E-01,-1.581419E-07
1668485862
+7.334021E-01,-1.477998E-07
1668485864
+7.538650E-01,-1.381043E-07
1668485865
+7.743195E-01,-1.309826E-07
1668485867
+7.948433E-01,-1.218601E-07
1668485869
+8.152995E-01,-1.134801E-07
1668485870
+8.323851E-01,-1.051505E-07
1668485872
+8.528931E-01,-9.667786E-08
1668485873
+8.733184E-01,-9.137679E-08
1668485875
+8.937737E-01,-8.473650E-08
1668485876
+9.142717E-01,-7.810789E-08
1668485878
+9.347120E-01,-7.057687E-08
1668485880
+9.552150E-01,-6.491360E-08
1668485881
+9.722679E-01,-6.166078E-08
1668485883
+9.928232E-01,-5.492253E-08
1668485884
+1.013289E+00,-4.972401E-08
1668485886
+1.033747E+00,-4.665625E-08
1668485887
+1.054182E+00,-4.083084E-08
1668485889
+1.074919E+00,-3.674980E-08
1668485891
+1.095384E+00,-3.375665E-08
1668485892
+1.112466E+00,-2.981900E-08
1668485894
+1.132947E+00,-2.823342E-08
1668485895
+1.153351E+00,-2.407611E-08
1668485897
+1.173936E+00,-2.132180E-08
1668485898
+1.194407E+00,-1.966329E-08
1668485900
+1.214937E+00,-1.666722E-08
1668485901
+1.235327E+00,-1.410631E-08
1668485903
+1.252411E+00,-1.159583E-08
1668485905
+1.272879E+00,-9.964417E-09
1668485906
+1.293430E+00,-8.780245E-09
1668485908
+1.313898E+00,-6.384808E-09
1668485909
+1.334358E+00,-6.053857E-09
1668485911
+1.354835E+00,-4.665875E-09
1668485912
+1.375417E+00,-1.923274E-09
1668485914
+1.395975E+00,-1.182239E-09
1668485916
+1.413012E+00,-1.899955E-09
1668485917
+1.433431E+00,-1.008455E-09
1668485919
+1.453855E+00,+9.267130E-10
1668485920
+1.474341E+00,+4.774228E-10
1668485922
+1.494869E+00,+1.269730E-09
1668485923
+1.515463E+00,+1.834900E-09
1668485925
+1.535949E+00,+1.876950E-09
1668485927
+1.553015E+00,+2.146603E-09
1668485928
+1.573478E+00,+3.185654E-09
1668485930
+1.593939E+00,+1.833650E-09
1668485931
+1.614479E+00,+3.263601E-09
1668485933
+1.634948E+00,+3.936274E-09
