1669375819
+1.772813E-03,-1.066914E-06
1669375830
+1.738785E-03,-1.032796E-06
1669375840
+1.800832E-03,-1.011078E-06
1669375850
+1.815841E-03,-9.991742E-07
1669375860
+1.889897E-03,-9.832189E-07
1669375871
+1.795826E-03,-9.655710E-07
1669375881
+1.903905E-03,-9.612058E-07
1669375891
+1.893901E-03,-9.654763E-07
1669375902
+1.820845E-03,-9.468170E-07
1669375912
+1.833858E-03,-9.400612E-07
1669375922
+1.877888E-03,-9.304844E-07
1669375932
+1.739789E-03,-9.280737E-07
1669375943
+1.829850E-03,-9.213036E-07
1669375953
+1.804834E-03,-9.166137E-07
1669375963
+1.786818E-03,-9.064349E-07
1669375974
+1.802832E-03,-9.029678E-07
1669375984
+1.744790E-03,-8.997157E-07
1669375994
+1.734783E-03,-9.053688E-07
1669376004
+1.760805E-03,-8.983054E-07
1669376015
+1.791824E-03,-8.962128E-07
1669376025
+1.706762E-03,-8.918497E-07
1669376035
+1.821848E-03,-8.929183E-07
1669376046
+1.749791E-03,-8.869691E-07
1669376056
+1.935934E-03,-8.910292E-07
1669376066
+1.862879E-03,-8.863358E-07
1669376076
+1.866881E-03,-8.939637E-07
1669376087
+1.821849E-03,-8.826979E-07
1669376097
+1.854875E-03,-8.830022E-07
1669376107
+1.802835E-03,-8.911481E-07
1669376118
+1.738789E-03,-8.872203E-07
1669376128
+1.759807E-03,-8.871689E-07
1669376138
+1.846867E-03,-8.806917E-07
1669376148
+1.929929E-03,-8.832322E-07
1669376159
+1.793828E-03,-8.801315E-07
1669376169
+1.803837E-03,-8.853486E-07
1669376179
+1.788827E-03,-8.757285E-07
1669376190
+1.861879E-03,-8.715873E-07
1669376200
+1.860882E-03,-8.780081E-07
1669376210
+1.804842E-03,-8.758864E-07
1669376220
+1.758806E-03,-8.799232E-07
1669376231
+1.808843E-03,-8.772902E-07
1669376241
+1.835861E-03,-8.811296E-07
1669376251
+1.893905E-03,-8.794925E-07
1669376262
+1.759807E-03,-8.747473E-07
1669376272
+1.830859E-03,-8.726534E-07
1669376282
+1.810838E-03,-8.725649E-07
1669376293
+1.906909E-03,-8.741436E-07
1669376303
+1.937934E-03,-8.706028E-07
1669376313
+1.814850E-03,-8.717533E-07
1669376323
1669376334
