1669375060
+1.501414E+00,+1.967542E-09
1669375071
+1.501404E+00,-3.238268E-09
1669375081
+1.501509E+00,-1.045534E-09
1669375091
+1.501485E+00,-5.604095E-10
1669375101
+1.501469E+00,-5.218949E-10
1669375112
+1.501338E+00,-1.382968E-09
1669375122
+1.501408E+00,-4.127950E-10
1669375132
+1.501446E+00,-1.308408E-09
1669375143
+1.501462E+00,-2.851568E-09
1669375153
+1.501415E+00,-1.258477E-09
1669375163
+1.501403E+00,-3.010594E-09
1669375173
+1.501511E+00,-1.629498E-09
1669375184
+1.501451E+00,-1.624156E-09
1669375194
+1.501518E+00,-8.084519E-10
1669375204
+1.501529E+00,-1.799197E-09
1669375214
+1.501487E+00,-2.106216E-09
1669375225
+1.501512E+00,-1.850583E-09
1669375235
+1.501472E+00,-2.712011E-09
1669375245
+1.501454E+00,-1.231978E-09
1669375256
+1.501352E+00,-3.075104E-09
1669375266
+1.501445E+00,-1.743713E-09
1669375276
+1.501415E+00,-2.318003E-09
1669375286
+1.501445E+00,-8.474009E-10
1669375297
+1.501383E+00,-7.943280E-10
1669375307
+1.501379E+00,-9.229562E-10
1669375317
+1.501376E+00,-4.602346E-10
1669375328
+1.501413E+00,+4.356012E-10
1669375338
+1.501422E+00,-3.042504E-09
1669375348
+1.501407E+00,-8.373864E-10
1669375358
+1.501473E+00,-9.768408E-10
