1668055927
-1.708698E-02,-9.871235E-07
1668055937
-1.699107E-02,-9.841540E-07
1668055947
-1.711283E-02,-9.913391E-07
1668055958
-1.707530E-02,-9.876833E-07
1668055968
-1.705862E-02,-9.930998E-07
1668055978
-1.711367E-02,-9.897873E-07
1668055988
-1.710116E-02,-9.860730E-07
1668055999
-1.709449E-02,-9.923085E-07
1668056009
-1.722209E-02,-9.974958E-07
1668056019
-1.723543E-02,-1.019302E-06
1668056030
-1.716454E-02,-1.004720E-06
1668056040
-1.713702E-02,-1.016492E-06
1668056050
-1.706529E-02,-1.025796E-06
1668056061
-1.712534E-02,-1.013681E-06
