1669303668
+1.101696E+00,+4.665924E-10
1669303678
+1.101804E+00,-3.730922E-11
1669303688
+1.101752E+00,-2.702944E-10
1669303699
+1.101735E+00,+4.307997E-10
1669303709
+1.101675E+00,-2.881477E-10
1669303719
+1.101802E+00,+4.832814E-10
1669303730
+1.101722E+00,-7.471001E-10
1669303740
+1.101732E+00,-6.316296E-10
1669303750
+1.101658E+00,-2.020011E-09
1669303760
+1.101655E+00,+5.608252E-11
1669303770
+1.101623E+00,-1.500668E-09
1669303781
+1.101762E+00,-2.506604E-10
1669303791
+1.101800E+00,-3.881959E-10
1669303801
+1.101760E+00,-5.416190E-10
1669303812
+1.101710E+00,+1.569883E-09
1669303822
+1.101697E+00,-6.120375E-10
1669303832
+1.101693E+00,-1.023143E-10
1669303842
+1.101679E+00,-1.035928E-09
1669303853
+1.101729E+00,-8.020917E-10
1669303863
+1.101689E+00,-2.170885E-09
1669303873
+1.101638E+00,-7.349746E-10
1669303884
+1.101662E+00,-1.893900E-10
1669303894
+1.101663E+00,-5.757917E-10
1669303904
+1.101761E+00,+2.069889E-10
1669303914
+1.101657E+00,-2.045845E-09
1669303925
+1.101753E+00,+7.012624E-10
1669303935
+1.101753E+00,-5.349327E-10
1669303945
+1.101665E+00,-1.553993E-09
1669303956
+1.101651E+00,-3.598759E-10
