1669296485
+6.001719E+00,+9.248740E-07
1669296495
+6.001711E+00,+9.103860E-07
1669296505
+6.001741E+00,+9.318915E-07
1669296515
+6.001711E+00,+8.612614E-07
1669296526
+6.001663E+00,+9.093695E-07
1669296536
+6.001810E+00,+8.022850E-07
1669296546
+6.001805E+00,+8.790091E-07
1669296557
+6.001848E+00,+9.087411E-07
1669296567
+6.001869E+00,+9.145288E-07
1669296577
+6.001802E+00,+8.855909E-07
1669296587
+6.001746E+00,+9.128477E-07
1669296598
+6.001805E+00,+9.073917E-07
1669296608
+6.001848E+00,+8.933574E-07
1669296618
+6.001830E+00,+9.070183E-07
1669296628
+6.001840E+00,+9.225473E-07
1669296639
+6.001840E+00,+9.254161E-07
1669296649
+6.001830E+00,+9.260333E-07
1669296659
+6.001927E+00,+8.036295E-07
1669296670
+6.001818E+00,+7.856568E-07
1669296680
+6.001822E+00,+8.119902E-07
1669296690
+6.001709E+00,+8.008010E-07
1669296700
+6.001759E+00,+8.005987E-07
1669296711
+6.001756E+00,+8.080670E-07
1669296721
+6.001792E+00,+8.088285E-07
1669296731
+6.001811E+00,+8.020988E-07
1669296741
+6.001872E+00,+8.070145E-07
1669296752
+6.001847E+00,+8.030855E-07
1669296762
+6.001862E+00,+7.889219E-07
1669296772
+6.001837E+00,+7.228255E-07
1669296782
+6.001890E+00,+7.036645E-07
1669296793
+6.001896E+00,+7.045130E-07
1669296803
+6.001873E+00,+7.095837E-07
1669296813
+6.001851E+00,+7.255433E-07
1669296823
+6.001804E+00,+7.143496E-07
1669296834
+6.001770E+00,+7.178484E-07
1669296844
+6.001857E+00,+7.092322E-07
1669296854
+6.001830E+00,+7.194292E-07
1669296864
+6.001883E+00,+7.139242E-07
1669296874
+6.001856E+00,+7.145424E-07
1669296885
+6.001753E+00,+7.390898E-07
1669296895
+6.001773E+00,+7.694429E-07
1669296905
+6.001730E+00,+8.932743E-07
1669296916
+6.001828E+00,+8.940009E-07
1669296926
+6.001841E+00,+9.066045E-07
1669296936
+6.001870E+00,+9.103768E-07
1669296946
+6.001850E+00,+9.161156E-07
1669296956
+6.001873E+00,+9.200804E-07
1669296966
+6.001812E+00,+9.132204E-07
