1668398610
-3.485120E-01,-1.834811E-06
1668398612
-3.281353E-01,-1.827044E-06
1668398613
-3.076702E-01,-1.817653E-06
1668398615
-2.872044E-01,-1.808228E-06
1668398616
-2.666325E-01,-1.795162E-06
1668398618
-2.494836E-01,-1.787605E-06
1668398620
-2.290751E-01,-1.773522E-06
1668398621
-2.085717E-01,-1.761080E-06
1668398623
-1.880408E-01,-1.750265E-06
1668398624
-1.675332E-01,-1.739478E-06
1668398626
-1.470248E-01,-1.721668E-06
1668398627
-1.265831E-01,-1.714255E-06
1668398629
-1.095050E-01,-1.697523E-06
1668398631
-8.904325E-02,-1.681512E-06
1668398632
-6.848563E-02,-1.669863E-06
1668398634
-4.799304E-02,-1.657402E-06
1668398635
-2.747294E-02,-1.641626E-06
1668398637
-6.988801E-03,-1.629252E-06
1668398638
+1.283712E-02,-1.618032E-06
1668398640
+3.319175E-02,-1.609383E-06
1668398642
+5.356640E-02,-1.597047E-06
1668398643
+7.406699E-02,-1.575646E-06
1668398645
+9.454757E-02,-1.539302E-06
1668398646
+1.114897E-01,-1.520997E-06
1668398648
+1.320604E-01,-1.475109E-06
1668398649
+1.525259E-01,-1.444181E-06
1668398651
+1.729672E-01,-1.414187E-06
1668398653
+1.935295E-01,-1.383392E-06
1668398654
+2.141343E-01,-1.346358E-06
1668398656
+2.346316E-01,-1.319780E-06
1668398657
+2.517456E-01,-1.292554E-06
1668398659
+2.722920E-01,-1.263760E-06
1668398660
+2.927525E-01,-1.232156E-06
1668398662
+3.131622E-01,-1.198594E-06
1668398664
+3.336828E-01,-1.165585E-06
1668398665
+3.541192E-01,-1.123292E-06
1668398667
+3.745964E-01,-1.092247E-06
1668398668
+3.950987E-01,-1.062929E-06
1668398670
+4.121909E-01,-1.032956E-06
1668398671
+4.326856E-01,-1.009186E-06
1668398673
+4.531912E-01,-9.788188E-07
1668398675
+4.736585E-01,-9.582625E-07
1668398676
+4.940865E-01,-9.260882E-07
1668398678
+5.146455E-01,-8.936656E-07
1668398679
+5.350794E-01,-8.617703E-07
1668398681
+5.520948E-01,-8.424317E-07
1668398682
+5.726439E-01,-8.174391E-07
1668398684
+5.930868E-01,-7.872909E-07
1668398685
+6.136082E-01,-7.649319E-07
1668398687
+6.342281E-01,-7.290376E-07
1668398689
+6.546968E-01,-7.058574E-07
1668398690
+6.752100E-01,-6.768607E-07
1668398692
+6.922951E-01,-6.596651E-07
1668398693
+7.127789E-01,-6.338618E-07
1668398695
+7.333035E-01,-6.135689E-07
1668398696
+7.538040E-01,-5.886269E-07
1668398698
+7.742521E-01,-5.658777E-07
1668398700
+7.947143E-01,-5.396975E-07
1668398701
+8.151597E-01,-5.211185E-07
1668398703
+8.322106E-01,-5.004920E-07
1668398704
+8.526985E-01,-4.740197E-07
1668398706
+8.732008E-01,-4.533018E-07
1668398707
+8.936879E-01,-4.346391E-07
1668398709
+9.142057E-01,-4.152981E-07
1668398711
+9.345702E-01,-3.960986E-07
1668398712
+9.551068E-01,-3.750411E-07
1668398714
+9.721227E-01,-3.614246E-07
1668398715
+9.925947E-01,-3.414810E-07
1668398717
+1.013100E+00,-3.243919E-07
1668398718
+1.033533E+00,-3.049790E-07
1668398720
+1.054001E+00,-2.879899E-07
1668398722
+1.074800E+00,-2.724334E-07
1668398723
+1.095281E+00,-2.551463E-07
1668398725
+1.112334E+00,-2.407243E-07
1668398726
+1.132820E+00,-2.242996E-07
1668398728
+1.153303E+00,-2.086418E-07
1668398729
+1.173894E+00,-1.933096E-07
1668398731
+1.194406E+00,-1.799047E-07
1668398733
+1.214883E+00,-1.669349E-07
1668398734
+1.235381E+00,-1.520975E-07
1668398736
+1.252423E+00,-1.413757E-07
1668398737
+1.272796E+00,-1.288865E-07
1668398739
+1.293298E+00,-1.168259E-07
1668398740
+1.313837E+00,-1.069006E-07
1668398742
+1.334365E+00,-9.819076E-08
1668398744
+1.354896E+00,-8.656697E-08
1668398745
+1.375332E+00,-7.776626E-08
1668398747
+1.395864E+00,-6.924274E-08
1668398748
+1.412945E+00,-6.017484E-08
1668398750
+1.433458E+00,-5.589662E-08
1668398751
+1.453894E+00,-4.656989E-08
1668398753
+1.474302E+00,-4.105165E-08
1668398754
+1.494869E+00,-3.463847E-08
1668398756
+1.515491E+00,-2.854041E-08
1668398758
+1.535948E+00,-2.410505E-08
1668398759
+1.553020E+00,-1.972637E-08
1668398761
+1.573523E+00,-1.344408E-08
1668398762
+1.594000E+00,-8.657340E-09
1668398764
+1.614503E+00,-3.009924E-09
1668398765
+1.634973E+00,+5.594249E-09
