1669017413
-3.997400E-01,-2.490245E-08
1669017423
-3.996768E-01,-2.587948E-08
1669017433
-3.996458E-01,-2.902812E-08
1669017444
-3.997049E-01,-3.114138E-08
1669017454
-3.996716E-01,-3.153320E-08
1669017464
-3.997959E-01,-3.535168E-08
1669017474
-3.997935E-01,-3.739034E-08
1669017485
-3.997100E-01,-3.994419E-08
1669017495
-3.997210E-01,-4.080326E-08
1669017505
-3.997532E-01,-4.700050E-08
1669017516
-3.997550E-01,-4.779080E-08
1669017526
-3.997124E-01,-5.181684E-08
1669017536
-3.997182E-01,-5.261505E-08
1669017547
-3.997649E-01,-5.487587E-08
1669017557
-3.998042E-01,-5.603464E-08
1669017567
-3.998691E-01,-5.980849E-08
1669017578
-3.997874E-01,-6.259367E-08
1669017588
-3.997132E-01,-6.483491E-08
1669017598
-3.997823E-01,-6.982630E-08
1669017608
-3.997582E-01,-7.129768E-08
1669017619
-3.997339E-01,-7.290868E-08
1669017629
-3.997447E-01,-7.344220E-08
1669017639
-3.997248E-01,-7.639494E-08
1669017650
-3.997805E-01,-8.010253E-08
1669017660
-3.998422E-01,-8.119376E-08
1669017670
-3.997321E-01,-8.590671E-08
1669017681
-3.997338E-01,-8.857351E-08
1669017691
-3.997989E-01,-8.826050E-08
1669017701
-3.998756E-01,-9.052508E-08
1669017711
-3.998422E-01,-9.435686E-08
1669017722
-3.997287E-01,-9.941410E-08
1669017732
-3.997604E-01,-1.015149E-07
1669017742
-3.997863E-01,-1.033039E-07
1669017753
-3.998379E-01,-1.035693E-07
1669017763
-3.997619E-01,-1.071440E-07
1669017773
-3.998437E-01,-1.116981E-07
1669017783
-3.998336E-01,-1.170951E-07
1669017794
-3.997778E-01,-1.196444E-07
1669017804
-3.997977E-01,-1.228838E-07
1669017814
-3.997669E-01,-1.210278E-07
1669017825
-3.997202E-01,-1.237767E-07
1669017835
-3.998677E-01,-1.301331E-07
1669017845
-3.998903E-01,-1.299339E-07
1669017855
-3.998144E-01,-1.355826E-07
1669017866
-3.999018E-01,-1.385799E-07
1669017876
-3.998827E-01,-1.375312E-07
1669017886
-3.998626E-01,-1.432899E-07
1669017897
-3.998660E-01,-1.418599E-07
1669017907
-3.998252E-01,-1.466499E-07
1669017917
-3.998176E-01,-1.508056E-07
1669017928
-3.998175E-01,-1.508131E-07
1669017938
-3.998393E-01,-1.575451E-07
1669017948
-3.999659E-01,-1.620934E-07
1669017958
-3.998558E-01,-1.636706E-07
1669017969
-3.998309E-01,-1.656643E-07
1669017979
-3.998467E-01,-1.706648E-07
1669017989
-3.998401E-01,-1.776699E-07
1669018000
-3.998284E-01,-1.825563E-07
1669018010
-3.999534E-01,-1.840959E-07
1669018020
-3.999233E-01,-1.834474E-07
1669018031
-3.998701E-01,-1.841397E-07
1669018041
-3.997674E-01,-1.868615E-07
1669018051
-3.997765E-01,-1.956234E-07
1669018061
-3.999117E-01,-1.953904E-07
1669018071
