1667977426
-3.488707E-01,-6.253527E-09
1667977427
-3.284124E-01,-1.415631E-09
1667977429
-3.044679E-01,-1.477705E-09
1667977431
-2.839821E-01,-2.231712E-09
1667977432
-2.599851E-01,-1.371030E-09
1667977434
-2.395276E-01,-7.075154E-10
1667977435
-2.191161E-01,-4.734040E-11
1667977437
-1.951475E-01,-1.040553E-09
1667977438
-1.746558E-01,+6.074249E-10
1667977440
-1.472869E-01,+1.364355E-09
1667977442
-1.268828E-01,+1.745673E-09
1667977443
-1.098131E-01,+7.690695E-11
1667977445
-8.250675E-02,+5.333012E-10
1667977446
-6.197506E-02,+1.856158E-09
1667977448
-3.805645E-02,+1.997868E-09
1667977449
-1.747140E-02,+9.050681E-10
1667977451
+2.949125E-03,+7.650056E-10
1667977453
+2.985086E-02,-1.813666E-09
1667977454
+4.680379E-02,-1.157621E-09
1667977456
+7.396990E-02,-9.225369E-10
1667977457
+9.440116E-02,-3.444208E-09
1667977459
+1.113924E-01,-1.240175E-09
1667977460
+1.388587E-01,-1.118071E-09
1667977462
+1.592825E-01,-1.030130E-09
1667977464
+1.832654E-01,-8.921319E-10
1667977465
+2.038285E-01,-2.055017E-09
1667977467
+2.243740E-01,-7.125045E-10
1667977468
+2.483128E-01,+9.700912E-10
1667977470
+2.688132E-01,+1.115125E-09
1667977471
+2.927662E-01,-1.876188E-09
1667977473
+3.132776E-01,-5.086787E-10
1667977475
+3.338772E-01,+1.168039E-09
1667977476
+3.576817E-01,-1.186408E-09
1667977478
+3.781864E-01,+6.345918E-10
1667977479
+4.020201E-01,+9.792483E-10
1667977481
+4.225497E-01,+1.722792E-09
1667977482
+4.430125E-01,-8.333847E-10
1667977484
+4.669422E-01,+1.542291E-09
1667977485
+4.874645E-01,+9.734082E-10
1667977487
+5.148130E-01,-4.024578E-10
1667977489
+5.352234E-01,-2.873918E-10
1667977490
+5.523166E-01,-2.440210E-10
1667977492
+5.796518E-01,+2.589267E-09
1667977493
+6.000298E-01,+3.052999E-10
1667977495
+6.240920E-01,+7.792147E-10
1667977496
+6.446425E-01,-3.131861E-10
1667977498
+6.651103E-01,-1.185831E-10
1667977500
+6.889640E-01,+6.928898E-10
1667977501
+7.094170E-01,+1.432264E-09
1667977503
+7.334343E-01,+6.358321E-10
1667977504
+7.539397E-01,+1.348763E-10
1667977506
+7.744070E-01,-9.426293E-10
1667977507
+7.982328E-01,+6.795657E-10
1667977509
+8.187270E-01,-1.789878E-10
1667977511
+8.426065E-01,+1.077619E-09
1667977512
+8.630695E-01,+2.269593E-09
1667977514
+8.835406E-01,+9.079579E-10
1667977515
+9.074394E-01,+1.686925E-09
1667977517
+9.278857E-01,+1.699852E-09
1667977518
+9.551910E-01,+2.807246E-09
1667977520
+9.723750E-01,+9.225681E-10
1667977522
+9.928718E-01,+7.983739E-10
1667977523
+1.020172E+00,+7.400093E-10
1667977525
+1.040521E+00,+4.586928E-10
1667977526
+1.064620E+00,+3.239425E-09
1667977528
+1.085084E+00,+4.774493E-10
1667977529
+1.105679E+00,+7.858436E-10
1667977531
+1.129644E+00,+2.964369E-09
1667977533
+1.150117E+00,+7.274988E-10
1667977534
+1.173986E+00,+2.236232E-09
1667977536
+1.194459E+00,+2.339161E-09
1667977537
+1.214939E+00,+1.937820E-09
1667977539
+1.238885E+00,+2.357544E-09
1667977540
+1.259335E+00,+1.935307E-09
1667977542
+1.283208E+00,+3.519513E-09
1667977544
+1.303652E+00,+1.172645E-09
1667977545
+1.324136E+00,+1.238909E-09
1667977547
+1.348083E+00,+1.125521E-09
1667977548
+1.368559E+00,+2.450031E-09
1667977550
+1.395918E+00,+3.251512E-09
1667977551
+1.413011E+00,+2.312949E-09
1667977553
+1.433358E+00,+2.848877E-09
1667977554
+1.460646E+00,+3.097316E-09
1667977556
+1.477758E+00,+9.829891E-10
1667977558
+1.505285E+00,+2.477940E-09
1667977559
+1.525804E+00,+2.855569E-09
1667977561
+1.542882E+00,+1.982848E-09
1667977562
+1.570193E+00,+1.879905E-09
1667977564
+1.590702E+00,+1.992858E-09
1667977565
+1.614610E+00,+1.749388E-09
1667977567
+1.635093E+00,+1.489805E-09
1667977569
+1.655537E+00,+2.693040E-09
1667977570
+1.679355E+00,+1.358093E-09
1667977572
+1.699872E+00,+5.878784E-10
1667977573
+1.723731E+00,+3.567858E-09
1667977575
+1.744248E+00,+1.283455E-09
1667977576
+1.764749E+00,+8.783701E-10
1667977578
+1.788665E+00,+1.309739E-09
1667977580
+1.809162E+00,+3.401121E-09
1667977581
+1.833065E+00,+1.802341E-09
