1664344615
-1.349100E+00,-1.817696E-06
1664344627
-1.277402E+00,-2.008341E-06
1664344640
-1.209142E+00,-2.037100E-06
1664344652
-1.133966E+00,-2.019613E-06
1664344665
-1.062330E+00,-1.989208E-06
1664344678
-9.937763E-01,-1.951900E-06
1664344690
-9.221014E-01,-1.903014E-06
1664344703
-8.538614E-01,-1.855740E-06
1664344715
-7.787623E-01,-1.799286E-06
1664344728
-7.071375E-01,-1.748747E-06
1664344740
-6.387306E-01,-1.696962E-06
1664344753
-5.669064E-01,-1.639511E-06
1664344766
-4.987686E-01,-1.570216E-06
1664344778
-4.235083E-01,-1.372241E-06
1664344791
-3.518737E-01,-1.132214E-06
1664344803
-2.835871E-01,-8.987942E-07
1664344816
-2.117251E-01,-6.934373E-07
1664344829
-1.434254E-01,-5.223824E-07
1664344841
-6.836545E-02,-3.820565E-07
1664344854
+3.564564E-03,-2.696572E-07
