1664943449
-1.349384E+00,-1.408899E-07
1664943462
-1.308533E+00,-1.468854E-07
1664943474
-1.267572E+00,-1.468537E-07
1664943487
-1.229962E+00,-1.452834E-07
1664943499
-1.188927E+00,-1.446778E-07
1664943512
-1.148103E+00,-1.436569E-07
1664943525
-1.110379E+00,-1.432349E-07
1664943537
-1.069473E+00,-1.417973E-07
1664943550
-1.028324E+00,-1.365238E-07
1664943562
-9.872614E-01,-1.318207E-07
1664943575
-9.499085E-01,-1.276833E-07
1664943587
-9.089112E-01,-1.253666E-07
1664943600
-8.679317E-01,-1.217303E-07
1664943612
-8.302813E-01,-1.175568E-07
1664943625
-7.893688E-01,-1.132046E-07
1664943638
-7.484182E-01,-1.083201E-07
1664943650
-7.074416E-01,-1.034053E-07
1664943663
-6.698458E-01,-9.788777E-08
1664943675
-6.288837E-01,-9.382028E-08
1664943688
-5.876957E-01,-8.836857E-08
1664943700
-5.502583E-01,-8.373938E-08
1664943713
-5.092505E-01,-7.902835E-08
1664943726
-4.682336E-01,-7.702785E-08
1664943738
-4.272738E-01,-7.281673E-08
1664943751
-3.896912E-01,-6.870928E-08
1664943763
-3.486949E-01,-6.498703E-08
1664943776
-3.078223E-01,-6.002711E-08
1664943789
-2.668364E-01,-5.494904E-08
1664943801
-2.291614E-01,-5.085570E-08
1664943814
-1.882408E-01,-4.813835E-08
1664943826
-1.473203E-01,-4.398267E-08
1664943839
-1.098253E-01,-4.084619E-08
1664943851
-6.881687E-02,-3.823761E-08
1664943864
-2.768505E-02,-3.539736E-08
1664943877
+1.336227E-02,-3.556843E-08
1664943889
+5.413954E-02,-3.242098E-08
1664943902
+9.500697E-02,-2.897977E-08
1664943914
+1.325096E-01,-2.638899E-08
1664943927
+1.734282E-01,-2.423999E-08
1664943939
+2.145546E-01,-2.182196E-08
1664943952
+2.521452E-01,-2.037209E-08
1664943965
+2.931447E-01,-1.793949E-08
1664943977
+3.341171E-01,-1.652802E-08
1664943990
+3.751055E-01,-1.470944E-08
1664944002
+4.126276E-01,-1.255215E-08
1664944015
+4.536390E-01,-1.011039E-08
1664944027
+4.946467E-01,-9.320680E-09
1664944040
+5.356340E-01,-7.915751E-09
1664944053
+5.731146E-01,-7.295775E-09
1664944065
+6.140798E-01,-6.171908E-09
1664944078
+6.552235E-01,-5.201474E-09
1664944090
+6.928336E-01,-4.469664E-09
1664944103
+7.338675E-01,-3.859117E-09
1664944115
+7.747036E-01,-3.532887E-09
1664944128
+8.156282E-01,-2.994739E-09
1664944141
+8.531404E-01,-3.139033E-09
1664944153
+8.941191E-01,-2.430925E-09
1664944166
+9.350435E-01,-1.851941E-09
1664944178
+9.726757E-01,-1.513356E-09
1664944191
+1.013586E+00,-1.187221E-09
1664944203
+1.054510E+00,-7.778421E-10
1664944216
+1.095727E+00,-6.092143E-10
1664944229
+1.133343E+00,-3.459193E-10
1664944241
+1.174375E+00,-6.845693E-10
1664944254
+1.215320E+00,-4.803395E-10
1664944266
+1.252786E+00,-4.403538E-10
1664944279
+1.293744E+00,-5.882849E-10
1664944291
+1.334674E+00,-4.248172E-10
1664944304
+1.375537E+00,-2.233415E-10
1664944317
+1.413196E+00,+3.063168E-10
1664944329
+1.454107E+00,-2.776953E-10
1664944342
+1.495155E+00,+1.914963E-10
1664944354
+1.536219E+00,-7.028356E-11
1664944367
+1.573724E+00,-9.921948E-11
1664944379
+1.614712E+00,-1.792121E-10
1664944392
+1.655718E+00,+4.048461E-11
1664944405
+1.693287E+00,+7.958200E-11
1664944417
+1.734240E+00,+5.097900E-10
1664944430
+1.775178E+00,+2.410916E-09
1664944442
+1.816102E+00,+7.161331E-09
1664944455
+1.853655E+00,+1.934900E-08
1664944467
+1.894658E+00,+5.293519E-08
1664944480
+1.935609E+00,+1.364347E-07
1664944493
+1.973200E+00,+3.038801E-07
1664944505
+2.014139E+00,+6.761861E-07
1664944518
+2.055156E+00,+1.360593E-06
1664944530
+2.096087E+00,+1.603909E-06
1664944543
+2.133658E+00,+1.638889E-06
1664944555
+2.174639E+00,+1.676039E-06
1664944568
+2.215565E+00,+1.714448E-06
1664944581
+2.253076E+00,+1.748724E-06
1664944593
+2.294181E+00,+1.787240E-06
1664944606
+2.335111E+00,+1.824979E-06
1664944618
+2.376137E+00,+1.862947E-06
1664944631
+2.413776E+00,+1.897936E-06
1664944643
+2.454682E+00,+1.936315E-06
1664944656
+2.495765E+00,+1.973897E-06
1664944669
+2.536657E+00,+2.012337E-06
1664944681
+2.574135E+00,+2.047838E-06
1664944694
+2.615117E+00,+2.086025E-06
