1667973524
-3.488713E-01,-2.780845E-06
1667973526
-3.283938E-01,-2.759699E-06
1667973527
-3.044642E-01,-2.739224E-06
1667973529
-2.839768E-01,-2.718680E-06
1667973531
-2.599956E-01,-2.699579E-06
1667973532
-2.395623E-01,-2.683458E-06
1667973534
-2.190322E-01,-2.670017E-06
1667973535
-1.951193E-01,-2.653897E-06
1667973537
-1.746144E-01,-2.630740E-06
1667973538
-1.472997E-01,-2.604954E-06
1667973540
-1.268146E-01,-2.594947E-06
1667973542
-1.097858E-01,-2.574441E-06
1667973543
-8.252272E-02,-2.554257E-06
1667973545
-6.189092E-02,-2.536999E-06
1667973546
-3.794308E-02,-2.521739E-06
1667973548
-1.747975E-02,-2.504971E-06
1667973549
+2.990011E-03,-2.484509E-06
1667973551
+2.991430E-02,-2.458665E-06
1667973552
+4.687895E-02,-2.447576E-06
1667973554
+7.408597E-02,-2.425392E-06
1667973556
+9.444637E-02,-2.405454E-06
1667973557
+1.114385E-01,-2.396293E-06
1667973559
+1.388373E-01,-2.370849E-06
1667973560
+1.592177E-01,-2.349221E-06
1667973562
+1.831824E-01,-2.329559E-06
1667973563
+2.038272E-01,-2.313441E-06
1667973565
+2.243777E-01,-2.296755E-06
1667973567
+2.483432E-01,-2.276370E-06
1667973568
+2.688311E-01,-2.259642E-06
1667973570
+2.927808E-01,-2.239840E-06
1667973571
+3.132556E-01,-2.219420E-06
1667973573
+3.337219E-01,-2.201658E-06
1667973574
+3.575839E-01,-2.182986E-06
1667973576
+3.781070E-01,-2.167929E-06
1667973578
+4.019239E-01,-2.148166E-06
1667973579
+4.225971E-01,-2.133394E-06
1667973581
+4.430751E-01,-2.113836E-06
1667973582
+4.669558E-01,-2.093988E-06
1667973584
+4.874195E-01,-2.080147E-06
1667973585
+5.147473E-01,-2.054166E-06
1667973587
+5.351636E-01,-2.037544E-06
1667973589
+5.522473E-01,-2.021718E-06
1667973590
+5.795277E-01,-1.995579E-06
1667973592
+5.999731E-01,-1.980434E-06
1667973593
+6.240237E-01,-1.958339E-06
1667973595
+6.445417E-01,-1.939907E-06
1667973596
+6.650305E-01,-1.925372E-06
1667973598
+6.888894E-01,-1.906458E-06
1667973600
+7.093486E-01,-1.892738E-06
1667973601
+7.333573E-01,-1.868658E-06
1667973603
+7.538493E-01,-1.854863E-06
1667973604
+7.743297E-01,-1.830408E-06
1667973606
+7.982078E-01,-1.814908E-06
1667973607
+8.186440E-01,-1.798269E-06
1667973609
+8.424746E-01,-1.776904E-06
1667973611
+8.629797E-01,-1.761546E-06
1667973612
+8.835088E-01,-1.742780E-06
1667973614
+9.073426E-01,-1.723866E-06
1667973615
+9.278650E-01,-1.705673E-06
1667973617
+9.552178E-01,-1.684981E-06
1667973618
+9.722759E-01,-1.670902E-06
1667973620
+9.926878E-01,-1.651560E-06
1667973621
+1.019955E+00,-1.630048E-06
1667973623
+1.040438E+00,-1.614919E-06
1667973625
+1.064611E+00,-1.593644E-06
1667973626
+1.085083E+00,-1.515531E-06
1667973628
+1.105641E+00,-1.451298E-06
1667973629
+1.129540E+00,-1.367887E-06
1667973631
+1.150034E+00,-1.238098E-06
1667973632
+1.174000E+00,-1.121162E-06
1667973634
+1.194482E+00,-1.029272E-06
1667973636
+1.214918E+00,-9.423699E-07
1667973637
+1.238862E+00,-8.475637E-07
1667973639
+1.259358E+00,-7.587424E-07
1667973640
+1.283242E+00,-6.597113E-07
1667973642
+1.303662E+00,-5.890481E-07
1667973643
+1.324156E+00,-5.201982E-07
1667973645
+1.348034E+00,-4.505831E-07
1667973647
+1.368508E+00,-3.956679E-07
1667973648
+1.395808E+00,-3.278004E-07
1667973650
+1.412911E+00,-2.940465E-07
1667973651
+1.433470E+00,-2.542876E-07
1667973653
+1.460726E+00,-2.059960E-07
1667973654
+1.477724E+00,-1.786837E-07
1667973656
+1.505263E+00,-1.409867E-07
1667973658
+1.525707E+00,-1.107375E-07
1667973659
+1.542809E+00,-8.989037E-08
1667973661
+1.570147E+00,-5.799720E-08
1667973662
+1.590622E+00,-3.485010E-08
1667973664
+1.614623E+00,-1.116947E-08
1667973665
+1.635074E+00,+7.220902E-09
1667973667
+1.655505E+00,+2.915122E-08
1667973669
+1.679373E+00,+5.331421E-08
1667973670
+1.699793E+00,+6.852444E-08
1667973672
+1.723679E+00,+9.464915E-08
1667973673
+1.744210E+00,+1.148078E-07
1667973675
+1.764764E+00,+1.412972E-07
1667973676
+1.788666E+00,+1.708116E-07
1667973678
+1.809066E+00,+1.888630E-07
1667973680
+1.833083E+00,+2.202541E-07
