1669303082
+5.995503E-01,+6.258389E-10
1669303092
+5.994769E-01,-4.298631E-10
1669303103
+5.995260E-01,+1.518201E-09
1669303113
+5.995664E-01,-5.977946E-11
1669303123
+5.995287E-01,+2.503528E-10
1669303134
+5.995912E-01,-1.177217E-09
1669303144
+5.995728E-01,-1.519813E-09
1669303154
+5.995861E-01,-1.243853E-09
1669303164
+5.995445E-01,-6.475160E-10
1669303175
+5.996331E-01,-2.102515E-09
1669303185
+5.995170E-01,-1.075514E-09
1669303195
+5.995427E-01,-1.515263E-11
1669303206
+5.994976E-01,-1.155171E-09
1669303216
+5.995603E-01,-1.386451E-09
1669303226
+5.995762E-01,-1.849938E-09
1669303236
+5.996097E-01,-1.402282E-09
1669303247
+5.996823E-01,-8.471011E-10
1669303257
+5.995137E-01,-2.485823E-10
1669303267
+5.994694E-01,+2.436439E-10
1669303278
+5.994887E-01,-7.741329E-10
1669303288
+5.995653E-01,-7.916777E-10
1669303298
+5.996078E-01,+5.391482E-10
1669303308
+5.995654E-01,-1.457267E-09
1669303319
+5.995946E-01,-2.677337E-09
1669303329
+5.995346E-01,-1.481066E-10
1669303339
+5.995896E-01,-2.977005E-09
1669303350
+5.995888E-01,+7.899022E-11
1669303360
+5.995505E-01,-5.390929E-10
1669303370
+5.995920E-01,-7.357978E-10
1669303380
+5.995402E-01,+5.616524E-10
1669303391
+5.995244E-01,-3.352471E-10
1669303401
+5.995461E-01,-5.312679E-11
1669303411
+5.995363E-01,-2.001252E-09
1669303422
+5.996453E-01,-3.995141E-10
1669303432
+5.996013E-01,-1.324757E-09
1669303442
+5.995970E-01,+7.813071E-10
1669303452
+5.994371E-01,-5.290900E-10
1669303463
+5.995645E-01,-2.781917E-10
1669303473
+5.995780E-01,-7.887687E-10
1669303483
+5.995622E-01,-1.318540E-09
1669303494
+5.994962E-01,-1.240557E-09
1669303504
+5.994945E-01,-2.090098E-10
1669303514
+5.995470E-01,-1.074228E-09
1669303525
+5.994878E-01,-5.065683E-10
1669303535
+5.995403E-01,-1.438964E-09
1669303545
+5.995121E-01,-4.476147E-11
1669303555
+5.995311E-01,-7.337433E-10
1669303566
+5.995131E-01,+5.728875E-10
1669303576
+5.995446E-01,-1.842032E-09
1669303586
+5.994846E-01,-9.558768E-10
1669303596
