1669374113
+1.008676E-01,-8.269214E-07
1669374123
+1.009346E-01,-7.795422E-07
1669374134
+1.009446E-01,-7.614391E-07
1669374144
+1.008986E-01,-7.331726E-07
1669374154
+1.009226E-01,-7.265796E-07
1669374164
+1.009386E-01,-7.145846E-07
1669374175
+1.008786E-01,-7.025342E-07
1669374185
+1.009146E-01,-6.948702E-07
1669374195
+1.009686E-01,-6.882777E-07
1669374205
+1.010487E-01,-6.845198E-07
1669374216
+1.009937E-01,-6.756574E-07
1669374226
+1.010317E-01,-6.710171E-07
1669374236
+1.009486E-01,-6.666573E-07
1669374247
+1.009486E-01,-6.639376E-07
1669374257
+1.009586E-01,-6.556758E-07
1669374267
+1.009406E-01,-6.562168E-07
1669374277
+1.008355E-01,-6.525407E-07
1669374288
+1.009967E-01,-6.506455E-07
1669374298
+1.010277E-01,-6.495897E-07
1669374308
+1.008896E-01,-6.429296E-07
1669374319
+1.008646E-01,-6.393028E-07
1669374329
+1.009877E-01,-6.367095E-07
1669374339
+1.010247E-01,-6.406013E-07
1669374349
+1.008986E-01,-6.358101E-07
1669374360
+1.009766E-01,-6.324511E-07
1669374370
+1.009737E-01,-6.338498E-07
1669374380
+1.009446E-01,-6.329122E-07
