1677002579
-9.977306E-01,-1.694469E-02
1677002582
-9.396991E-01,-1.693396E-02
1677002584
-8.748335E-01,-1.691279E-02
1677002587
-8.132907E-01,-1.689379E-02
1677002590
-7.485558E-01,-1.687305E-02
1677002592
-6.904926E-01,-1.684977E-02
1677002595
-6.290365E-01,-1.684443E-02
1677002597
-5.640156E-01,-1.682157E-02
1677002600
-5.025904E-01,-1.680671E-02
1677002603
-4.376684E-01,-1.678160E-02
1677002605
-3.795396E-01,-1.676838E-02
1677002608
-3.181867E-01,-1.675965E-02
1677002610
-2.532234E-01,-1.675422E-02
1677002613
-1.951720E-01,-1.672299E-02
1677002615
-1.268867E-01,-1.671707E-02
1677002618
-6.888431E-02,-1.668955E-02
1677002621
-7.320678E-03,-1.667816E-02
1677002623
+5.289178E-02,-1.665254E-02
1677002626
+1.141717E-01,-1.663212E-02
1677002628
+1.790762E-01,-1.661776E-02
1677002631
+2.408288E-01,-1.656795E-02
1677002634
+2.988847E-01,-1.656139E-02
1677002636
+3.637665E-01,-1.651725E-02
1677002639
+4.252590E-01,-1.646763E-02
1677002641
+4.900799E-01,-1.631572E-02
1677002644
+5.481449E-01,-1.597013E-02
1677002647
+6.095173E-01,-1.485297E-02
1677002649
+6.747028E-01,-1.088644E-02
1677002652
+7.362530E-01,-1.244779E-03
1677002654
+8.015068E-01,+1.713875E-02
