1685089487
-1.999468E+00,-3.622073E-04
1685089490
-1.972063E+00,-3.387757E-04
1685089494
-1.941428E+00,-3.213392E-04
1685089498
-1.910612E+00,-3.061497E-04
1685089501
-1.879818E+00,-2.928957E-04
1685089505
-1.849078E+00,-2.809046E-04
1685089508
-1.821733E+00,-2.707297E-04
1685089512
-1.790963E+00,-2.609164E-04
1685089516
-1.760293E+00,-2.508666E-04
1685089519
-1.729528E+00,-2.414484E-04
1685089523
-1.698752E+00,-2.328067E-04
1685089526
-1.671445E+00,-2.252099E-04
1685089530
-1.640697E+00,-2.167757E-04
1685089533
-1.610000E+00,-2.091723E-04
1685089537
-1.579224E+00,-2.016286E-04
1685089541
-1.548404E+00,-1.945712E-04
1685089544
-1.521116E+00,-1.881532E-04
1685089548
-1.490300E+00,-1.814627E-04
1685089551
-1.459377E+00,-1.748273E-04
1685089555
-1.428663E+00,-1.685955E-04
1685089559
-1.401394E+00,-1.630999E-04
1685089562
-1.370679E+00,-1.570062E-04
1685089566
-1.339876E+00,-1.510596E-04
1685089569
-1.309120E+00,-1.455373E-04
1685089573
-1.278367E+00,-1.398087E-04
1685089576
-1.251020E+00,-1.349356E-04
1685089580
-1.220248E+00,-1.297821E-04
1685089584
-1.189663E+00,-1.246784E-04
1685089587
-1.158904E+00,-1.197837E-04
1685089591
-1.128081E+00,-1.149586E-04
1685089594
-1.100831E+00,-1.106455E-04
1685089598
-1.069947E+00,-1.059667E-04
1685089602
-1.039207E+00,-1.015273E-04
1685089605
-1.010252E+00,-9.740493E-05
1685089609
-9.794552E-01,-9.311688E-05
1685089612
-9.521173E-01,-8.928204E-05
1685089616
-9.213166E-01,-8.524963E-05
1685089619
-8.904582E-01,-8.132488E-05
1685089623
-8.596129E-01,-7.725333E-05
1685089627
-8.322167E-01,-7.378784E-05
1685089630
-8.013893E-01,-7.007404E-05
1685089634
-7.705666E-01,-6.639334E-05
1685089637
-7.397635E-01,-6.287063E-05
1685089641
-7.090667E-01,-5.932774E-05
1685089645
-6.815462E-01,-5.644043E-05
1685089648
-6.507654E-01,-5.300949E-05
1685089652
-6.199512E-01,-4.977602E-05
1685089655
-5.890179E-01,-4.662787E-05
1685089659
-5.582298E-01,-4.354724E-05
1685089662
-5.308912E-01,-4.089920E-05
1685089666
-5.001011E-01,-3.790274E-05
1685089670
-4.693002E-01,-3.513334E-05
1685089673
-4.385346E-01,-3.234594E-05
1685089677
-4.076829E-01,-2.963875E-05
1685089680
-3.802476E-01,-2.721544E-05
1685089684
-3.496711E-01,-2.472219E-05
1685089688
-3.188913E-01,-2.216492E-05
1685089691
-2.881296E-01,-1.976775E-05
1685089695
-2.605282E-01,-1.762795E-05
1685089698
-2.297834E-01,-1.535109E-05
1685089702
-1.989967E-01,-1.309400E-05
1685089705
-1.681593E-01,-1.091977E-05
1685089709
-1.392485E-01,-8.999827E-06
1685089713
-1.115787E-01,-7.136355E-06
1685089716
-8.035173E-02,-5.058891E-06
1685089720
-4.907304E-02,-2.983278E-06
1685089723
-1.995870E-02,-1.040505E-06
1685089727
+1.148902E-02,+1.648576E-06
1685089731
+4.273959E-02,+5.139277E-06
1685089734
+7.258414E-02,+1.019205E-05
1685089738
+1.034394E-01,+1.960463E-05
1685089741
+1.311207E-01,+3.515813E-05
1685089745
+1.623988E-01,+6.846181E-05
1685089748
+1.921207E-01,+1.240895E-04
1685089752
+2.231995E-01,+2.280170E-04
1685089756
+2.509350E-01,+3.774453E-04
1685089759
+2.820738E-01,+6.281028E-04
1685089763
+3.134679E-01,+9.885348E-04
1685089766
+3.426743E-01,+1.405801E-03
1685089770
+3.734721E-01,+1.987015E-03
1685089774
+4.008763E-01,+2.632737E-03
1685089777
+4.318658E-01,+3.508857E-03
1685089781
+4.626887E-01,+4.571851E-03
1685089784
+4.936456E-01,+5.856196E-03
1685089788
+5.247328E-01,+7.408342E-03
1685089791
+5.522915E-01,+9.057137E-03
1685089795
+5.813169E-01,+1.094062E-02
1685089799
+6.121873E-01,+1.328262E-02
1685089802
+6.431000E-01,+1.600472E-02
1685089806
+6.738728E-01,+1.910127E-02
1685089809
+7.012181E-01,+2.228133E-02
1685089813
+7.320557E-01,+2.615713E-02
1685089817
+7.629343E-01,+3.052536E-02
1685089820
+7.937235E-01,+3.537025E-02
1685089824
+8.244724E-01,+4.072281E-02
1685089827
+8.517935E-01,+4.610438E-02
1685089831
+8.827161E-01,+5.254631E-02
1685089834
+9.135472E-01,+5.957882E-02
1685089838
+9.444322E-01,+6.721380E-02
1685089842
+9.719501E-01,+7.467949E-02
