1688728307
-1.994965E+00,-5.880266E-04
1688728310
-1.967748E+00,-5.706388E-04
1688728314
-1.937015E+00,-5.550787E-04
1688728317
-1.906213E+00,-5.384818E-04
1688728321
-1.875447E+00,-5.218725E-04
1688728325
-1.844739E+00,-5.053025E-04
1688728328
-1.817366E+00,-4.908465E-04
1688728332
-1.786618E+00,-4.744109E-04
1688728335
-1.755947E+00,-4.585889E-04
1688728339
-1.725238E+00,-4.437074E-04
1688728342
-1.694550E+00,-4.287873E-04
1688728346
-1.667241E+00,-4.161127E-04
1688728350
-1.636541E+00,-4.021904E-04
1688728353
-1.605776E+00,-3.883564E-04
1688728357
-1.575024E+00,-3.751705E-04
1688728360
-1.544152E+00,-3.626267E-04
1688728364
-1.516868E+00,-3.513397E-04
1688728368
-1.486211E+00,-3.393625E-04
1688728371
-1.455259E+00,-3.277039E-04
1688728375
-1.424535E+00,-3.166136E-04
1688728378
-1.397253E+00,-3.067823E-04
1688728382
-1.366581E+00,-2.957187E-04
1688728385
-1.335776E+00,-2.851746E-04
1688728389
-1.305033E+00,-2.745706E-04
1688728393
-1.274246E+00,-2.644190E-04
1688728396
-1.246849E+00,-2.556058E-04
1688728400
-1.216140E+00,-2.459933E-04
1688728403
-1.185457E+00,-2.368004E-04
1688728407
-1.154738E+00,-2.276274E-04
1688728411
-1.123994E+00,-2.184514E-04
1688728414
-1.096707E+00,-2.104731E-04
1688728418
-1.065915E+00,-2.018021E-04
1688728421
-1.035185E+00,-1.930978E-04
1688728425
-1.004259E+00,-1.848576E-04
1688728428
-9.735386E-01,-1.768613E-04
1688728432
-9.462876E-01,-1.696585E-04
1688728436
-9.155573E-01,-1.620596E-04
1688728439
-8.847688E-01,-1.545594E-04
1688728443
-8.539900E-01,-1.469555E-04
1688728446
-8.266243E-01,-1.404816E-04
1688728450
-7.959440E-01,-1.333251E-04
1688728454
-7.652493E-01,-1.263037E-04
1688728457
-7.345639E-01,-1.194128E-04
1688728461
-7.038493E-01,-1.127759E-04
1688728464
-6.765461E-01,-1.069545E-04
1688728468
-6.457298E-01,-1.006262E-04
1688728471
-6.150060E-01,-9.436781E-05
1688728475
-5.840921E-01,-8.828336E-05
1688728479
-5.534293E-01,-8.232900E-05
1688728482
-5.262201E-01,-7.710432E-05
1688728486
-4.953972E-01,-7.141515E-05
1688728489
-4.646216E-01,-6.597824E-05
1688728493
-4.338577E-01,-6.059387E-05
1688728497
-4.031090E-01,-5.538421E-05
1688728500
-3.757974E-01,-5.078126E-05
1688728504
-3.451078E-01,-4.588517E-05
1688728507
-3.143273E-01,-4.110291E-05
1688728511
-2.836334E-01,-3.644823E-05
1688728514
-2.561768E-01,-3.237985E-05
1688728518
-2.255464E-01,-2.802874E-05
1688728522
-1.947518E-01,-2.378104E-05
1688728525
-1.639871E-01,-1.971222E-05
1688728529
-1.332476E-01,-1.579311E-05
1688728532
-1.059851E-01,-1.245149E-05
1688728536
-7.521965E-02,-8.810900E-06
1688728540
-4.443749E-02,-5.284981E-06
1688728543
-1.354108E-02,-1.815356E-06
1688728547
+1.057752E-02,+8.751613E-07
1688728550
+4.124489E-02,+4.278574E-06
1688728554
+7.191894E-02,+7.840004E-06
1688728557
+1.025096E-01,+1.176708E-05
1688728561
+1.297967E-01,+1.596891E-05
1688728565
+1.604716E-01,+2.306800E-05
1688728568
+1.912717E-01,+3.621178E-05
1688728572
+2.220148E-01,+6.455059E-05
1688728575
+2.494339E-01,+1.212345E-04
1688728579
+2.801853E-01,+2.611854E-04
1688728583
+3.109403E-01,+5.620385E-04
1688728586
+3.416677E-01,+1.131688E-03
1688728590
+3.723609E-01,+2.092052E-03
1688728593
+3.996214E-01,+3.347083E-03
1688728597
+4.305422E-01,+5.271305E-03
1688728600
+4.613155E-01,+7.751621E-03
1688728604
+4.920796E-01,+1.080328E-02
1688728608
+5.229548E-01,+1.444758E-02
1688728611
+5.502409E-01,+1.821568E-02
1688728615
+5.810316E-01,+2.293687E-02
1688728618
+6.118216E-01,+2.826707E-02
1688728622
+6.428034E-01,+3.424005E-02
1688728626
+6.736360E-01,+4.084010E-02
1688728629
+7.010460E-01,+4.738041E-02
1688728633
+7.320194E-01,+5.522479E-02
1688728636
+7.628713E-01,+6.380824E-02
1688728640
+7.936990E-01,+7.313176E-02
1688728643
+8.245677E-01,+8.319618E-02
1688728647
+8.519929E-01,+9.299240E-02
1688728651
+8.688738E-01,+1.000002E-01
1688728654
+8.644678E-01,+1.000001E-01
1688728658
+8.622293E-01,+1.000001E-01
1688728661
+8.605285E-01,+1.000002E-01
