1677012260
-9.982988E-01,-1.821725E-02
1677012262
-9.778379E-01,-1.822961E-02
1677012265
-9.608109E-01,-1.822021E-02
1677012268
-9.402951E-01,-1.821929E-02
1677012270
-9.198329E-01,-1.821324E-02
1677012273
-8.993232E-01,-1.819170E-02
1677012275
-8.788734E-01,-1.820606E-02
1677012278
-8.583276E-01,-1.820231E-02
1677012280
-8.378040E-01,-1.818361E-02
1677012283
-8.207832E-01,-1.818052E-02
1677012286
-8.003059E-01,-1.819129E-02
1677012288
-7.798676E-01,-1.818373E-02
1677012291
-7.594513E-01,-1.813836E-02
1677012293
-7.389615E-01,-1.816736E-02
1677012296
-7.185307E-01,-1.815032E-02
1677012299
-6.979533E-01,-1.816290E-02
1677012301
-6.808796E-01,-1.815934E-02
1677012304
-6.603432E-01,-1.815578E-02
1677012306
-6.397874E-01,-1.816622E-02
1677012309
-6.192876E-01,-1.814929E-02
1677012312
-5.988218E-01,-1.813870E-02
1677012314
-5.782378E-01,-1.813160E-02
1677012317
-5.576788E-01,-1.811764E-02
1677012319
-5.407018E-01,-1.810996E-02
1677012322
-5.202453E-01,-1.811019E-02
1677012324
-4.997387E-01,-1.810368E-02
1677012327
-4.792254E-01,-1.808551E-02
1677012330
-4.586847E-01,-1.809180E-02
1677012332
-4.382690E-01,-1.808293E-02
1677012335
-4.177700E-01,-1.807759E-02
1677012337
-4.005730E-01,-1.806279E-02
1677012340
-3.800756E-01,-1.807812E-02
1677012343
-3.596717E-01,-1.806835E-02
1677012345
-3.393002E-01,-1.807046E-02
1677012348
-3.188729E-01,-1.804762E-02
1677012350
-2.983096E-01,-1.804149E-02
1677012353
-2.777589E-01,-1.803373E-02
1677012356
-2.606544E-01,-1.803545E-02
1677012358
-2.401946E-01,-1.802503E-02
1677012361
-2.196472E-01,-1.802400E-02
1677012363
-1.991898E-01,-1.801277E-02
1677012366
-1.786891E-01,-1.801146E-02
1677012368
-1.582351E-01,-1.799709E-02
1677012371
-1.377445E-01,-1.799929E-02
1677012374
-1.206391E-01,-1.797078E-02
1677012376
-1.002168E-01,-1.798074E-02
1677012379
-7.972528E-02,-1.797604E-02
1677012381
-5.914536E-02,-1.797059E-02
1677012384
-3.856125E-02,-1.796736E-02
1677012387
-1.804554E-02,-1.796491E-02
1677012389
+2.484993E-03,-1.796734E-02
1677012392
+1.923922E-02,-1.796202E-02
1677012394
+3.963114E-02,-1.794522E-02
1677012397
+6.003310E-02,-1.792536E-02
1677012400
+8.047594E-02,-1.792262E-02
1677012402
+1.009037E-01,-1.793027E-02
1677012405
+1.178356E-01,-1.789354E-02
1677012407
+1.384193E-01,-1.790180E-02
1677012410
+1.588763E-01,-1.790010E-02
1677012412
+1.793775E-01,-1.786447E-02
1677012415
+1.999563E-01,-1.787421E-02
1677012418
+2.205125E-01,-1.787336E-02
1677012420
+2.409987E-01,-1.786286E-02
1677012423
+2.581957E-01,-1.784583E-02
1677012425
+2.786444E-01,-1.783721E-02
1677012428
+2.991239E-01,-1.780888E-02
1677012431
+3.196009E-01,-1.779469E-02
1677012433
+3.401321E-01,-1.778155E-02
1677012436
+3.606466E-01,-1.777256E-02
1677012438
+3.811603E-01,-1.774368E-02
1677012441
+3.981581E-01,-1.771970E-02
1677012444
+4.186801E-01,-1.767427E-02
1677012446
+4.391605E-01,-1.762965E-02
1677012449
+4.597267E-01,-1.758606E-02
1677012451
+4.801145E-01,-1.750449E-02
1677012454
+5.005215E-01,-1.740630E-02
1677012456
+5.211668E-01,-1.725846E-02
1677012459
+5.382714E-01,-1.711203E-02
1677012462
+5.586533E-01,-1.686984E-02
1677012464
+5.791403E-01,-1.648098E-02
1677012467
+5.996166E-01,-1.595395E-02
1677012469
+6.203095E-01,-1.517302E-02
1677012472
+6.408133E-01,-1.400917E-02
1677012475
+6.612211E-01,-1.237091E-02
1677012477
+6.783288E-01,-1.049775E-02
1677012480
+6.977977E-01,-7.872847E-03
1677012482
+7.189937E-01,-3.814386E-03
1677012485
+7.404796E-01,+1.640126E-03
1677012488
+7.621267E-01,+8.177173E-03
1677012490
+7.812310E-01,+1.407724E-02
1677012493
+8.018856E-01,+2.167506E-02
1677012495
+8.225310E-01,+2.999825E-02
1677012498
+8.397273E-01,+3.738636E-02
1677012500
+8.603855E-01,+4.678397E-02
1677012503
+8.810666E-01,+5.677272E-02
1677012506
+9.017287E-01,+6.718192E-02
1677012508
+9.223976E-01,+7.793166E-02
1677012511
+9.430406E-01,+8.904348E-02
1677012513
+9.626102E-01,+9.999941E-02
1677012516
+9.614434E-01,+9.999936E-02
