1688721927
-1.994189E+00,-8.448494E-04
1688721931
-1.966843E+00,-8.442595E-04
1688721934
-1.936104E+00,-8.308121E-04
1688721938
-1.905354E+00,-8.152703E-04
1688721942
-1.874633E+00,-7.951507E-04
1688721945
-1.843931E+00,-7.758476E-04
1688721949
-1.816570E+00,-7.567676E-04
1688721952
-1.785805E+00,-7.354625E-04
1688721956
-1.755131E+00,-7.139306E-04
1688721959
-1.724361E+00,-6.927754E-04
1688721963
-1.693700E+00,-6.715538E-04
1688721967
-1.666408E+00,-6.534014E-04
1688721970
-1.635691E+00,-6.329815E-04
1688721974
-1.604907E+00,-6.126535E-04
1688721977
-1.574142E+00,-5.925851E-04
1688721981
-1.543367E+00,-5.729068E-04
1688721985
-1.516026E+00,-5.553940E-04
1688721988
-1.485423E+00,-5.369248E-04
1688721992
-1.454454E+00,-5.182032E-04
1688721995
-1.423679E+00,-5.000793E-04
1688721999
-1.396363E+00,-4.840920E-04
1688722002
-1.365668E+00,-4.662669E-04
1688722006
-1.334901E+00,-4.497051E-04
1688722010
-1.304181E+00,-4.330495E-04
1688722013
-1.273445E+00,-4.166283E-04
1688722017
-1.246052E+00,-4.019362E-04
1688722020
-1.215333E+00,-3.863504E-04
1688722024
-1.184641E+00,-3.707924E-04
1688722028
-1.153906E+00,-3.557129E-04
1688722031
-1.123077E+00,-3.406692E-04
1688722035
-1.095832E+00,-3.280797E-04
1688722038
-1.064996E+00,-3.140054E-04
1688722042
-1.034253E+00,-3.001030E-04
1688722045
-1.003283E+00,-2.861555E-04
1688722049
-9.726192E-01,-2.733093E-04
1688722053
-9.453003E-01,-2.616309E-04
1688722056
-9.146329E-01,-2.487751E-04
1688722060
-8.837652E-01,-2.362315E-04
1688722063
-8.530620E-01,-2.244478E-04
1688722067
-8.256999E-01,-2.140024E-04
1688722071
-7.950064E-01,-2.021523E-04
1688722074
-7.643774E-01,-1.910928E-04
1688722078
-7.335776E-01,-1.802511E-04
1688722081
-7.028832E-01,-1.695864E-04
1688722085
-6.755705E-01,-1.602173E-04
1688722088
-6.447964E-01,-1.502949E-04
1688722092
-6.140155E-01,-1.404584E-04
1688722096
-5.832329E-01,-1.308437E-04
1688722099
-5.525513E-01,-1.215331E-04
1688722103
-5.251775E-01,-1.133357E-04
1688722106
-4.944401E-01,-1.045487E-04
1688722110
-4.636625E-01,-9.631797E-05
1688722114
-4.328532E-01,-8.801927E-05
1688722117
-4.021215E-01,-8.012754E-05
1688722121
-3.748129E-01,-7.318820E-05
1688722124
-3.441371E-01,-6.585148E-05
1688722128
-3.133746E-01,-5.852560E-05
1688722131
-2.827222E-01,-5.161795E-05
1688722135
-2.552917E-01,-4.566682E-05
1688722139
-2.245809E-01,-3.926538E-05
1688722142
-1.938601E-01,-3.315834E-05
1688722146
-1.630500E-01,-2.721932E-05
1688722149
-1.323333E-01,-2.159762E-05
1688722153
-1.050773E-01,-1.683032E-05
1688722157
-7.425384E-02,-1.169774E-05
1688722160
-4.347128E-02,-6.771145E-06
1688722164
-1.265286E-02,-1.998001E-06
1688722167
+1.028671E-02,+1.502264E-06
1688722171
+4.104040E-02,+6.155699E-06
1688722174
+7.158806E-02,+1.086000E-05
1688722178
+1.021625E-01,+1.608047E-05
1688722182
+1.295226E-01,+2.161739E-05
1688722185
+1.602137E-01,+3.072871E-05
1688722189
+1.910116E-01,+4.754629E-05
1688722192
+2.218321E-01,+8.338414E-05
1688722196
+2.492114E-01,+1.510268E-04
1688722200
+2.798909E-01,+3.069534E-04
1688722203
+3.106562E-01,+6.105888E-04
1688722207
+3.414792E-01,+1.137224E-03
1688722210
+3.721836E-01,+1.955128E-03
1688722214
+3.994821E-01,+2.974969E-03
1688722217
+4.303750E-01,+4.474523E-03
1688722221
+4.611003E-01,+6.365405E-03
1688722225
+4.918316E-01,+8.680237E-03
1688722228
+5.226169E-01,+1.143410E-02
1688722232
+5.499953E-01,+1.430209E-02
1688722235
+5.808331E-01,+1.794956E-02
1688722239
+6.115485E-01,+2.208478E-02
1688722243
+6.425622E-01,+2.681490E-02
1688722246
+6.733544E-01,+3.213558E-02
1688722250
+7.007354E-01,+3.748243E-02
1688722253
+7.317269E-01,+4.400955E-02
1688722257
+7.625696E-01,+5.121414E-02
1688722260
+7.933176E-01,+5.916934E-02
1688722264
+8.241689E-01,+6.787482E-02
1688722268
+8.515980E-01,+7.644959E-02
1688722271
+8.824251E-01,+8.654850E-02
1688722275
+9.133940E-01,+9.747304E-02
1688722278
+9.145623E-01,+1.000005E-01
1688722282
+9.113055E-01,+1.000004E-01
