1678350649
-9.972505E-01,-1.865413E-02
1678350651
-9.290418E-01,-1.860035E-02
1678350654
-8.640976E-01,-1.854041E-02
1678350657
-7.923182E-01,-1.849673E-02
1678350659
-7.276068E-01,-1.844675E-02
1678350662
-6.591994E-01,-1.839552E-02
1678350664
-5.873557E-01,-1.837005E-02
1678350667
-5.225968E-01,-1.834660E-02
1678350670
-4.541754E-01,-1.829712E-02
1678350672
-3.893404E-01,-1.827498E-02
1678350675
-3.177096E-01,-1.825133E-02
1678350677
-2.492982E-01,-1.822026E-02
1678350680
-1.843917E-01,-1.818727E-02
1678350682
-1.127317E-01,-1.816322E-02
1678350685
-4.776336E-02,-1.814310E-02
1678350688
+1.881289E-02,-1.812775E-02
1678350690
+9.028816E-02,-1.809712E-02
1678350693
+1.550748E-01,-1.805216E-02
1678350695
+2.235729E-01,-1.803763E-02
1678350698
+2.884622E-01,-1.798301E-02
1678350701
+3.601993E-01,-1.789850E-02
1678350703
+4.284987E-01,-1.778792E-02
1678350706
+4.934140E-01,-1.749987E-02
1678350708
+5.651010E-01,-1.656911E-02
1678350711
+6.301387E-01,-1.393861E-02
1678350714
+6.975400E-01,-6.994617E-03
1678350716
+7.719473E-01,+8.119049E-03
1678350719
+8.355849E-01,+2.427127E-02
1678350721
+9.042421E-01,+4.452816E-02
1678350724
+9.694632E-01,+6.518565E-02
