1685500409
-1.993979E+00,-1.881675E-02
1685500412
-1.966693E+00,-1.877752E-02
1685500416
-1.936002E+00,-1.877723E-02
1685500419
-1.905249E+00,-1.872828E-02
1685500423
-1.874535E+00,-1.867531E-02
1685500427
-1.843823E+00,-1.868375E-02
1685500430
-1.816538E+00,-1.865741E-02
1685500434
-1.785783E+00,-1.860369E-02
1685500437
-1.755064E+00,-1.863775E-02
1685500441
-1.724416E+00,-1.857494E-02
1685500444
-1.693679E+00,-1.855209E-02
1685500448
-1.666387E+00,-1.852987E-02
1685500452
-1.635709E+00,-1.850010E-02
1685500455
-1.604935E+00,-1.842422E-02
1685500459
-1.574193E+00,-1.839376E-02
1685500462
-1.543451E+00,-1.837869E-02
1685500466
-1.516117E+00,-1.834106E-02
1685500470
-1.485516E+00,-1.835103E-02
1685500473
-1.454555E+00,-1.826596E-02
1685500477
-1.423844E+00,-1.823686E-02
1685500480
-1.396534E+00,-1.826897E-02
1685500484
-1.365865E+00,-1.822366E-02
1685500487
-1.335101E+00,-1.819578E-02
1685500491
-1.304435E+00,-1.815717E-02
1685500495
-1.273708E+00,-1.815457E-02
1685500498
-1.246395E+00,-1.811251E-02
1685500502
-1.215641E+00,-1.806851E-02
1685500505
-1.184975E+00,-1.807049E-02
1685500509
-1.154263E+00,-1.804426E-02
1685500513
-1.123539E+00,-1.803496E-02
1685500516
-1.096269E+00,-1.795632E-02
1685500520
-1.065460E+00,-1.796103E-02
1685500523
-1.034735E+00,-1.793041E-02
1685500527
-1.003796E+00,-1.792725E-02
1685500530
-9.730579E-01,-1.787482E-02
1685500534
-9.457627E-01,-1.782355E-02
1685500538
-9.150660E-01,-1.779632E-02
1685500541
-8.843096E-01,-1.778889E-02
1685500545
-8.536030E-01,-1.777172E-02
1685500548
-8.263010E-01,-1.774262E-02
1685500552
-7.955543E-01,-1.771666E-02
1685500556
-7.648495E-01,-1.769048E-02
1685500559
-7.342088E-01,-1.763083E-02
1685500563
-7.034464E-01,-1.761641E-02
1685500566
-6.761187E-01,-1.761867E-02
1685500570
-6.454157E-01,-1.758350E-02
1685500573
-6.146199E-01,-1.750786E-02
1685500577
-5.837505E-01,-1.744648E-02
1685500581
-5.530724E-01,-1.742637E-02
1685500584
-5.258324E-01,-1.745535E-02
1685500588
-4.950993E-01,-1.736634E-02
1685500591
-4.643035E-01,-1.734715E-02
1685500595
-4.335921E-01,-1.733428E-02
1685500599
-4.028497E-01,-1.727734E-02
1685500602
-3.754871E-01,-1.724530E-02
1685500606
-3.449116E-01,-1.719405E-02
1685500609
-3.141635E-01,-1.711345E-02
1685500613
-2.834587E-01,-1.706960E-02
1685500616
-2.560345E-01,-1.699438E-02
1685500620
-2.253439E-01,-1.691191E-02
1685500624
-1.946449E-01,-1.687752E-02
1685500627
-1.638360E-01,-1.678868E-02
1685500631
-1.331388E-01,-1.667801E-02
1685500634
-1.058422E-01,-1.658449E-02
1685500638
-7.511579E-02,-1.647053E-02
1685500642
-4.429181E-02,-1.633001E-02
1685500645
-1.354125E-02,-1.616427E-02
1685500649
+9.450512E-03,-1.602983E-02
1685500652
+4.007293E-02,-1.585794E-02
1685500656
+7.075039E-02,-1.556858E-02
1685500659
+1.013995E-01,-1.529937E-02
1685500663
+1.287250E-01,-1.496092E-02
1685500667
+1.594158E-01,-1.448831E-02
1685500670
+1.902983E-01,-1.384546E-02
1685500674
+2.211802E-01,-1.297588E-02
1685500677
+2.485699E-01,-1.196569E-02
1685500681
+2.793625E-01,-1.050957E-02
1685500685
+3.089313E-01,-8.787881E-03
1685500688
+3.400608E-01,-6.421876E-03
1685500692
+3.712736E-01,-3.641286E-03
1685500695
1685500699
1685500702
1685500706
1685500710
-1.995394E+00,-1.885542E-02
-1.968124E+00,-1.887661E-02
-1.937364E+00,-1.884069E-02
-1.906608E+00,-1.881298E-02
-1.875853E+00,-1.880421E-02
-1.845182E+00,-1.877662E-02
-1.817847E+00,-1.871395E-02
-1.787109E+00,-1.870129E-02
-1.756402E+00,-1.864062E-02
-1.725694E+00,-1.860748E-02
-1.694947E+00,-1.860245E-02
-1.667585E+00,-1.851748E-02
-1.636900E+00,-1.850846E-02
-1.606136E+00,-1.847839E-02
-1.575435E+00,-1.847721E-02
-1.544649E+00,-1.844822E-02
-1.517407E+00,-1.841036E-02
-1.486725E+00,-1.838261E-02
-1.455833E+00,-1.836197E-02
-1.425164E+00,-1.832049E-02
-1.397799E+00,-1.827208E-02
-1.367116E+00,-1.824920E-02
-1.336347E+00,-1.822987E-02
-1.305617E+00,-1.824079E-02
-1.274851E+00,-1.817984E-02
-1.247468E+00,-1.814019E-02
-1.216786E+00,-1.813834E-02
-1.186078E+00,-1.807788E-02
-1.155316E+00,-1.804585E-02
-1.124561E+00,-1.799296E-02
-1.097213E+00,-1.798915E-02
-1.066470E+00,-1.798683E-02
-1.035690E+00,-1.794287E-02
-1.004768E+00,-1.786732E-02
-9.741259E-01,-1.784019E-02
-9.467794E-01,-1.783530E-02
-9.161416E-01,-1.781688E-02
-8.854071E-01,-1.777980E-02
-8.546775E-01,-1.777137E-02
-8.273111E-01,-1.773363E-02
-7.965398E-01,-1.768911E-02
-7.658708E-01,-1.769173E-02
-7.352855E-01,-1.765428E-02
-7.045866E-01,-1.763969E-02
-6.772110E-01,-1.759402E-02
-6.464724E-01,-1.757306E-02
-6.156363E-01,-1.752142E-02
-5.848007E-01,-1.748795E-02
-5.541198E-01,-1.741389E-02
-5.267969E-01,-1.742344E-02
-4.960782E-01,-1.736417E-02
-4.653027E-01,-1.734543E-02
-4.345634E-01,-1.731065E-02
-4.038448E-01,-1.725849E-02
-3.764817E-01,-1.719923E-02
-3.457398E-01,-1.714736E-02
-3.150404E-01,-1.707514E-02
-2.843135E-01,-1.700738E-02
-2.569180E-01,-1.697198E-02
-2.262503E-01,-1.688903E-02
-1.954468E-01,-1.679344E-02
-1.647165E-01,-1.669670E-02
-1.340013E-01,-1.657676E-02
