1678996728
-1.000521E+00,-1.919019E-02
1678996731
-9.325511E-01,-1.908741E-02
1678996733
-8.642570E-01,-1.898378E-02
1678996736
-7.962568E-01,-1.889406E-02
1678996739
-7.282963E-01,-1.880166E-02
1678996741
-6.603234E-01,-1.873500E-02
1678996744
-5.921004E-01,-1.866168E-02
1678996746
-5.241301E-01,-1.857430E-02
1678996749
-4.561539E-01,-1.850633E-02
1678996752
-3.881642E-01,-1.844222E-02
1678996754
-3.201833E-01,-1.838870E-02
1678996757
-2.518853E-01,-1.817678E-02
1678996759
-1.839151E-01,-1.813414E-02
1678996762
-1.159391E-01,-1.816914E-02
1678996765
-4.794842E-02,-1.815021E-02
1678996767
+2.003207E-02,-1.809867E-02
1678996770
+8.800578E-02,-1.804512E-02
1678996772
+1.559990E-01,-1.798299E-02
1678996775
+2.242825E-01,-1.790759E-02
1678996778
+2.922536E-01,-1.781458E-02
1678996780
+3.602168E-01,-1.771429E-02
1678996783
+4.281860E-01,-1.757358E-02
1678996785
+4.964948E-01,-1.728322E-02
1678996788
+5.644558E-01,-1.647281E-02
1678996790
+6.323308E-01,-1.384328E-02
1678996793
+7.003129E-01,-6.779153E-03
1678996796
+7.683103E-01,+6.015709E-03
1678996798
+8.366371E-01,+2.321486E-02
1678996801
+9.046379E-01,+4.250050E-02
1678996803
+9.726225E-01,+6.161628E-02
