1675981327
-1.000928E+00,-1.853902E-02
1675981330
-8.985837E-01,-1.851270E-02
1675981332
-7.927467E-01,-1.848738E-02
1675981335
-6.869455E-01,-1.845953E-02
1675981337
-5.809234E-01,-1.841226E-02
1675981340
-4.785292E-01,-1.839133E-02
1675981343
-3.726807E-01,-1.835890E-02
1675981345
-2.667920E-01,-1.831081E-02
1675981348
-1.609016E-01,-1.829186E-02
1675981350
-5.502873E-02,-1.824086E-02
1675981353
+5.083165E-02,-1.820065E-02
1675981356
+1.564656E-01,-1.814546E-02
1675981358
+2.591041E-01,-1.807727E-02
1675981361
+3.649040E-01,-1.793778E-02
1675981363
+4.707865E-01,-1.743070E-02
1675981366
+5.766397E-01,-1.495476E-02
1675981369
+6.793142E-01,-6.905090E-03
1675981371
+7.854293E-01,+7.129807E-03
1675981374
+8.914419E-01,+2.373283E-02
1675981376
+9.975437E-01,+4.213372E-02
