1688733444
-1.994027E+00,-1.064461E-03
1688733448
-1.966685E+00,-1.009247E-03
1688733452
-1.935942E+00,-9.685906E-04
1688733455
-1.905104E+00,-9.298503E-04
1688733459
-1.874410E+00,-8.946219E-04
1688733462
-1.843669E+00,-8.621599E-04
1688733466
-1.816285E+00,-8.338793E-04
1688733470
-1.785573E+00,-8.046580E-04
1688733473
-1.754819E+00,-7.777452E-04
1688733477
-1.723982E+00,-7.516721E-04
1688733480
-1.693176E+00,-7.257426E-04
1688733484
-1.665910E+00,-7.031976E-04
1688733487
-1.635190E+00,-6.794264E-04
1688733491
-1.604424E+00,-6.565102E-04
1688733495
-1.573587E+00,-6.333380E-04
1688733498
-1.542845E+00,-6.116700E-04
1688733502
-1.515519E+00,-5.924665E-04
1688733505
-1.484763E+00,-5.719946E-04
1688733509
-1.453799E+00,-5.515096E-04
1688733513
-1.423021E+00,-5.311539E-04
1688733516
-1.395786E+00,-5.143638E-04
1688733520
-1.365044E+00,-4.953024E-04
1688733523
-1.334164E+00,-4.769452E-04
1688733527
-1.303425E+00,-4.588610E-04
1688733530
-1.272707E+00,-4.409321E-04
1688733534
-1.245329E+00,-4.256559E-04
1688733538
-1.214539E+00,-4.091457E-04
1688733541
-1.183736E+00,-3.925172E-04
1688733545
-1.153032E+00,-3.763213E-04
1688733548
-1.122248E+00,-3.602935E-04
1688733552
-1.094986E+00,-3.465163E-04
1688733556
-1.064158E+00,-3.317536E-04
1688733559
-1.033389E+00,-3.173220E-04
1688733563
-1.002348E+00,-3.030556E-04
1688733566
-9.715929E-01,-2.887966E-04
1688733570
-9.443994E-01,-2.767760E-04
1688733574
-9.136382E-01,-2.632946E-04
1688733577
-8.829434E-01,-2.503341E-04
1688733581
-8.521348E-01,-2.376387E-04
1688733584
-8.247027E-01,-2.267297E-04
1688733588
-7.939665E-01,-2.146178E-04
1688733591
-7.632939E-01,-2.030187E-04
1688733595
-7.325823E-01,-1.916544E-04
1688733599
-7.018714E-01,-1.804389E-04
1688733602
-6.744860E-01,-1.707941E-04
1688733606
-6.437747E-01,-1.602699E-04
1688733609
-6.128770E-01,-1.499259E-04
1688733613
-5.820160E-01,-1.397262E-04
1688733617
-5.512548E-01,-1.300534E-04
1688733620
-5.239778E-01,-1.216892E-04
1688733624
-4.932577E-01,-1.125253E-04
1688733627
-4.624533E-01,-1.035456E-04
1688733631
-4.316754E-01,-9.476145E-05
1688733634
-4.009601E-01,-8.637595E-05
1688733638
-3.735805E-01,-7.917845E-05
1688733642
-3.428544E-01,-7.122162E-05
1688733645
-3.121676E-01,-6.351832E-05
1688733649
-2.814347E-01,-5.622029E-05
1688733652
-2.539316E-01,-4.985049E-05
1688733656
-2.232103E-01,-4.295651E-05
1688733659
-1.925426E-01,-3.627689E-05
1688733663
-1.617881E-01,-2.995002E-05
1688733666
-1.310002E-01,-2.382705E-05
1688733670
-1.037030E-01,-1.864021E-05
1688733674
-7.288925E-02,-1.298259E-05
1688733677
-4.211632E-02,-7.552223E-06
1688733681
-1.125415E-02,-2.236108E-06
1688733684
+9.606396E-03,+1.347612E-06
1688733688
+4.017450E-02,+6.534378E-06
1688733691
+7.089442E-02,+1.181038E-05
1688733695
+1.014700E-01,+1.731985E-05
1688733699
+1.287713E-01,+2.276554E-05
1688733702
+1.594979E-01,+3.019546E-05
1688733706
+1.903121E-01,+4.129574E-05
1688733709
+2.212339E-01,+6.224839E-05
1688733713
+2.485978E-01,+1.016979E-04
1688733717
+2.793252E-01,+2.011751E-04
1688733720
+3.101203E-01,+4.267497E-04
1688733724
+3.407668E-01,+8.792937E-04
1688733727
+3.714427E-01,+1.679282E-03
1688733731
+3.987683E-01,+2.757165E-03
1688733734
+4.295759E-01,+4.411149E-03
1688733738
+4.603150E-01,+6.529539E-03
1688733742
+4.910886E-01,+9.094303E-03
1688733745
+5.219047E-01,+1.208744E-02
1688733749
+5.492451E-01,+1.511950E-02
1688733752
+5.800011E-01,+1.886122E-02
1688733756
+6.107637E-01,+2.302349E-02
1688733760
+6.417139E-01,+2.764677E-02
1688733763
+6.724839E-01,+3.270504E-02
1688733767
+6.999615E-01,+3.771402E-02
1688733770
+7.308958E-01,+4.366791E-02
1688733774
+7.616942E-01,+5.016005E-02
1688733778
+7.925566E-01,+5.719724E-02
1688733781
+8.233974E-01,+6.477454E-02
1688733785
+8.508339E-01,+7.212804E-02
1688733788
+8.817174E-01,+8.065975E-02
1688733792
+9.125794E-01,+8.972670E-02
1688733795
+9.434237E-01,+9.929728E-02
1688733799
+9.400721E-01,+1.000010E-01
