1685118761
-1.998651E+00,-1.852585E-02
1685118764
-1.971414E+00,-1.852974E-02
1685118768
-1.940714E+00,-1.851392E-02
1685118771
-1.909839E+00,-1.847891E-02
1685118775
-1.879143E+00,-1.839273E-02
1685118779
-1.848450E+00,-1.833553E-02
1685118782
-1.821039E+00,-1.827847E-02
1685118786
-1.790309E+00,-1.822428E-02
1685118789
-1.759582E+00,-1.814050E-02
1685118793
-1.728898E+00,-1.809899E-02
1685118796
-1.698166E+00,-1.801474E-02
1685118800
-1.670960E+00,-1.795591E-02
1685118804
-1.640300E+00,-1.791094E-02
1685118807
-1.609518E+00,-1.784226E-02
1685118811
-1.578737E+00,-1.777989E-02
1685118814
-1.547952E+00,-1.771912E-02
1685118818
-1.520630E+00,-1.766552E-02
1685118822
-1.489950E+00,-1.760811E-02
1685118825
-1.459070E+00,-1.756499E-02
1685118829
-1.428345E+00,-1.747972E-02
1685118832
-1.401032E+00,-1.741777E-02
1685118836
-1.370302E+00,-1.736832E-02
1685118839
-1.339583E+00,-1.735795E-02
1685118843
-1.308881E+00,-1.730345E-02
1685118847
-1.278123E+00,-1.729361E-02
1685118850
-1.250746E+00,-1.718998E-02
1685118854
-1.219957E+00,-1.711145E-02
1685118857
-1.189247E+00,-1.709090E-02
1685118861
-1.158595E+00,-1.702749E-02
1685118865
-1.127783E+00,-1.699084E-02
1685118868
-1.100465E+00,-1.693225E-02
1685118872
-1.069674E+00,-1.687245E-02
1685118875
-1.038930E+00,-1.679209E-02
1685118879
-1.007925E+00,-1.677227E-02
1685118882
-9.772612E-01,-1.669113E-02
1685118886
-9.499664E-01,-1.666022E-02
1685118890
-9.192483E-01,-1.662987E-02
1685118893
-8.884905E-01,-1.653164E-02
1685118897
-8.577852E-01,-1.647361E-02
1685118900
-8.304609E-01,-1.644477E-02
1685118904
-7.996870E-01,-1.638569E-02
1685118908
-7.689106E-01,-1.631799E-02
1685118911
-7.382545E-01,-1.625230E-02
1685118915
-7.076359E-01,-1.618991E-02
1685118918
-6.802491E-01,-1.611263E-02
1685118922
-6.494811E-01,-1.606269E-02
1685118925
-6.186796E-01,-1.597643E-02
1685118929
-5.878211E-01,-1.586266E-02
1685118933
-5.571322E-01,-1.581563E-02
1685118936
-5.298365E-01,-1.573303E-02
1685118940
-4.991360E-01,-1.566849E-02
1685118943
-4.683330E-01,-1.556902E-02
1685118947
-4.375417E-01,-1.548398E-02
1685118951
-4.068663E-01,-1.537445E-02
1685118954
-3.795505E-01,-1.527365E-02
1685118958
-3.488217E-01,-1.518487E-02
1685118961
-3.181446E-01,-1.506783E-02
1685118965
-2.874326E-01,-1.498615E-02
1685118968
-2.599733E-01,-1.487833E-02
1685118972
-2.292020E-01,-1.474722E-02
1685118976
-1.984690E-01,-1.456197E-02
1685118979
-1.677486E-01,-1.440424E-02
1685118983
-1.370040E-01,-1.418721E-02
1685118986
-1.097299E-01,-1.405495E-02
1685118990
-7.896020E-02,-1.383857E-02
1685118994
-4.821307E-02,-1.358346E-02
1685118997
-1.742759E-02,-1.331247E-02
1685119001
+1.079803E-02,-1.302762E-02
1685119004
+4.142371E-02,-1.265372E-02
1685119008
+7.206190E-02,-1.220006E-02
1685119011
+1.026675E-01,-1.164805E-02
1685119015
+1.300333E-01,-1.105908E-02
1685119019
+1.606848E-01,-1.020101E-02
1685119022
+1.915356E-01,-9.170660E-03
1685119026
+2.223756E-01,-7.891014E-03
1685119029
+2.497748E-01,-6.567917E-03
1685119033
+2.805139E-01,-4.857529E-03
1685119037
+3.113221E-01,-2.930939E-03
1685119040
+3.421188E-01,-8.326402E-04
1685119044
+3.728338E-01,+1.489103E-03
1685119047
+4.001295E-01,+3.679770E-03
1685119051
+4.309694E-01,+6.351514E-03
1685119054
+4.618286E-01,+9.277125E-03
1685119058
+4.925460E-01,+1.249722E-02
1685119062
+5.234027E-01,+1.611883E-02
1685119065
+5.507299E-01,+1.971251E-02
1685119069
+5.814500E-01,+2.411642E-02
1685119072
+6.123194E-01,+2.902527E-02
1685119076
+6.432635E-01,+3.450519E-02
1685119080
+6.741328E-01,+4.057794E-02
1685119083
+7.014494E-01,+4.653289E-02
1685119087
+7.324735E-01,+5.368216E-02
1685119090
+7.633389E-01,+6.147818E-02
1685119094
+7.941772E-01,+6.999563E-02
1685119098
+8.250187E-01,+7.913773E-02
1685119101
+8.524270E-01,+8.794697E-02
1685119105
+8.832710E-01,+9.823641E-02
1685119108
+8.837696E-01,+9.999942E-02
1685119112
+8.809025E-01,+9.999941E-02
1685119115
+8.789339E-01,+9.999945E-02
