1677011161
-9.983472E-01,-1.831254E-02
1677011164
-9.300612E-01,-1.830125E-02
1677011167
-8.651753E-01,-1.828714E-02
1677011169
-7.934822E-01,-1.827590E-02
1677011172
-7.286499E-01,-1.826413E-02
1677011174
-6.603219E-01,-1.824778E-02
1677011177
-5.885410E-01,-1.823232E-02
1677011180
-5.237395E-01,-1.821444E-02
1677011182
-4.553608E-01,-1.819613E-02
1677011185
-3.904391E-01,-1.819599E-02
1677011187
-3.187977E-01,-1.816576E-02
1677011190
-2.504148E-01,-1.815395E-02
1677011192
-1.855065E-01,-1.813152E-02
1677011195
-1.137983E-01,-1.810722E-02
1677011198
-4.879823E-02,-1.808405E-02
1677011200
+1.912327E-02,-1.807092E-02
1677011203
+9.055591E-02,-1.803500E-02
1677011205
+1.553069E-01,-1.802870E-02
1677011208
+2.238757E-01,-1.799068E-02
1677011211
+2.888852E-01,-1.796273E-02
1677011213
+3.605645E-01,-1.791366E-02
1677011216
+4.288650E-01,-1.786132E-02
1677011218
+4.937201E-01,-1.770627E-02
1677011221
+5.654579E-01,-1.722385E-02
1677011224
+6.304474E-01,-1.556006E-02
1677011226
+6.974900E-01,-9.594903E-03
1677011229
+7.725515E-01,+9.345504E-03
1677011231
+8.360505E-01,+3.309682E-02
1677011234
+9.050136E-01,+6.568409E-02
1677011237
+9.691842E-01,+9.999920E-02
