1677003166
-9.979640E-01,-1.660363E-04
1677003169
-9.399185E-01,-1.603887E-04
1677003171
-8.750439E-01,-1.521152E-04
1677003174
-8.135031E-01,-1.441252E-04
1677003176
-7.488002E-01,-1.368497E-04
1677003179
-6.907248E-01,-1.301356E-04
1677003181
-6.292005E-01,-1.225590E-04
1677003184
-5.642183E-01,-1.147353E-04
1677003187
-5.027433E-01,-1.078276E-04
1677003189
-4.377368E-01,-1.016656E-04
1677003192
-3.817171E-01,-9.594559E-05
1677003194
-3.201640E-01,-9.004460E-05
1677003197
-2.550757E-01,-8.421195E-05
1677003200
-1.968893E-01,-7.949659E-05
1677003202
-1.285133E-01,-7.410350E-05
1677003205
-7.029860E-02,-6.957326E-05
1677003207
-8.585030E-03,-6.498676E-05
1677003210
+5.244702E-02,-6.020796E-05
1677003212
+1.138242E-01,-5.501947E-05
1677003215
+1.787934E-01,-4.897214E-05
1677003218
+2.406517E-01,-4.257655E-05
1677003220
+2.988609E-01,-3.599495E-05
1677003223
+3.638616E-01,-2.621264E-05
1677003225
1677003228
+4.912064E-01,+3.735897E-05
1677003231
+5.488265E-01,+1.569380E-04
1677003233
+6.111595E-01,+6.271750E-04
1677003236
+6.754299E-01,+2.526888E-03
1677003238
+7.380453E-01,+8.842316E-03
1677003241
+8.016307E-01,+2.188714E-02
