1682930317
+1.054312E-03,+1.754904E-06
1682930320
+2.953187E-02,+8.150462E-06
1682930322
+5.208054E-02,+1.292242E-05
1682930325
+7.600785E-02,+1.855627E-05
1682930327
+1.033854E-01,+2.590389E-05
1682930330
+1.275595E-01,+3.414237E-05
1682930332
+1.516077E-01,+4.656686E-05
1682930335
+1.792862E-01,+7.031188E-05
1682930338
+2.022061E-01,+1.029218E-04
1682930340
+2.264794E-01,+1.662820E-04
1682930343
+2.506160E-01,+2.782932E-04
1682930345
+2.782830E-01,+5.072377E-04
1682930348
+3.028475E-01,+8.428571E-04
1682930351
+3.253652E-01,+1.251868E-03
1682930353
+3.529153E-01,+1.968480E-03
1682930356
+3.768248E-01,+2.780889E-03
1682930358
+4.008899E-01,+3.764267E-03
1682930361
+4.285126E-01,+5.096998E-03
1682930364
+4.526750E-01,+6.447379E-03
1682930366
+4.768416E-01,+7.966662E-03
1682930369
+5.044225E-01,+9.892870E-03
1682930371
+5.267152E-01,+1.152415E-02
1682930374
+5.506272E-01,+1.353588E-02
1682930376
+5.780949E-01,+1.607525E-02
1682930379
+6.019179E-01,+1.857330E-02
1682930381
+6.260270E-01,+2.132935E-02
1682930384
+6.534312E-01,+2.472035E-02
1682930387
+6.773525E-01,+2.807801E-02
1682930389
+7.012690E-01,+3.171838E-02
1682930392
+7.287932E-01,+3.615964E-02
1682930394
+7.527930E-01,+4.059831E-02
1682930397
+7.767159E-01,+4.533259E-02
1682930399
+8.040801E-01,+5.104352E-02
1682930402
+8.280914E-01,+5.667273E-02
1682930405
+8.521231E-01,+6.264009E-02
1682930407
+8.795121E-01,+6.974705E-02
1682930410
+9.035243E-01,+7.663111E-02
1682930412
+9.275342E-01,+8.386659E-02
1682930415
+9.550552E-01,+9.241905E-02
1682930418
+9.767345E-01,+9.999999E-02
