1678327475
-1.000000E+00,-2.353778E-02
1678327478
-9.839659E-01,-2.284020E-02
1678327480
-9.592773E-01,-2.234161E-02
1678327483
-9.272256E-01,-2.190087E-02
1678327485
-8.890429E-01,-2.149457E-02
1678327488
-8.457732E-01,-2.107312E-02
1678327491
-7.982844E-01,-2.069715E-02
1678327493
-7.472963E-01,-2.033292E-02
1678327496
-6.934059E-01,-1.994595E-02
1678327498
-6.371084E-01,-1.959816E-02
1678327501
-5.788143E-01,-1.928016E-02
1678327504
-5.188644E-01,-1.895836E-02
1678327506
-4.575411E-01,-1.866532E-02
1678327509
-3.950787E-01,-1.836899E-02
1678327511
-3.316716E-01,-1.811439E-02
1678327514
-2.674809E-01,-1.781660E-02
1678327516
-2.026404E-01,-1.752921E-02
1678327519
-1.372608E-01,-1.723314E-02
1678327522
-7.143414E-02,-1.694932E-02
1678327524
-5.236719E-03,-1.653586E-02
1678327527
+6.126823E-02,-1.610474E-02
1678327529
+1.280282E-01,-1.570587E-02
1678327532
+1.949998E-01,-1.519242E-02
1678327535
+2.621468E-01,-1.634862E-02
1678327537
+3.294394E-01,-1.415452E-02
1678327540
+7.000000E-01,-7.697725E-03
1678327542
+7.160341E-01,+6.376814E-03
1678327545
+8.360000E-01,+2.713370E-02
1678327548
+8.520341E-01,+5.220906E-02
1678327550
+8.767228E-01,+8.007784E-02
