1678989173
-9.983531E-01,-1.885809E-02
1678989176
-9.301177E-01,-1.882732E-02
1678989179
-8.652310E-01,-1.878786E-02
1678989181
-7.935270E-01,-1.874015E-02
1678989184
-7.286587E-01,-1.869076E-02
1678989186
-6.603267E-01,-1.864447E-02
1678989189
-5.885184E-01,-1.858506E-02
1678989192
-5.237346E-01,-1.852907E-02
1678989194
-4.554165E-01,-1.848529E-02
1678989197
-3.905133E-01,-1.841712E-02
1678989199
-3.188984E-01,-1.837732E-02
1678989202
-2.505038E-01,-1.831900E-02
1678989205
-1.856488E-01,-1.826668E-02
1678989207
-1.139856E-01,-1.821802E-02
1678989210
-4.903632E-02,-1.815979E-02
1678989212
+2.028966E-02,-1.810859E-02
1678989215
+9.173988E-02,-1.805161E-02
1678989218
+1.565810E-01,-1.800188E-02
1678989220
+2.250724E-01,-1.792778E-02
1678989223
+2.899761E-01,-1.783707E-02
1678989225
+3.616506E-01,-1.774095E-02
1678989228
+4.299459E-01,-1.757657E-02
1678989230
+4.947029E-01,-1.725281E-02
1678989233
+5.664067E-01,-1.636072E-02
1678989236
+6.314772E-01,-1.382757E-02
1678989238
+6.998926E-01,-6.324987E-03
1678989241
+7.720601E-01,+9.811634E-03
1678989243
+8.371256E-01,+2.979706E-02
1678989246
+9.057978E-01,+5.445310E-02
1678989249
+9.710837E-01,+8.096276E-02
