1677012793
-9.982033E-01,-1.837978E-02
1677012796
-9.299988E-01,-1.835682E-02
1677012799
-8.651755E-01,-1.832557E-02
1677012801
-7.934672E-01,-1.831827E-02
1677012804
-7.286163E-01,-1.827844E-02
1677012806
-6.602959E-01,-1.826613E-02
1677012809
-5.884224E-01,-1.824210E-02
1677012812
-5.236242E-01,-1.822679E-02
1677012814
-4.552929E-01,-1.818662E-02
1677012817
-3.904445E-01,-1.817573E-02
1677012819
-3.188046E-01,-1.815367E-02
1677012822
-2.503891E-01,-1.812290E-02
1677012825
-1.855208E-01,-1.809779E-02
1677012827
-1.138451E-01,-1.807970E-02
1677012830
-4.883414E-02,-1.807074E-02
1677012832
+1.927508E-02,-1.802934E-02
1677012835
+9.061270E-02,-1.799624E-02
1677012838
+1.553787E-01,-1.796480E-02
1677012840
+2.238826E-01,-1.793638E-02
1677012843
+2.889072E-01,-1.788217E-02
1677012845
+3.605909E-01,-1.784358E-02
1677012848
+4.288054E-01,-1.774496E-02
1677012850
+4.936590E-01,-1.754940E-02
1677012853
+5.653718E-01,-1.697050E-02
1677012856
+6.303840E-01,-1.516110E-02
1677012858
+6.975302E-01,-8.910911E-03
1677012861
+7.709700E-01,+1.090273E-02
1677012863
+8.363107E-01,+4.013795E-02
1677012866
+9.053165E-01,+7.949429E-02
1677012869
+9.362316E-01,+9.999938E-02
