1683548406
-1.462441E-03,-1.511308E-02
1683548409
+2.592029E-02,-1.478302E-02
1683548412
+4.975674E-02,-1.454506E-02
1683548414
+7.361407E-02,-1.428347E-02
1683548417
+1.008767E-01,-1.397968E-02
1683548419
+1.248266E-01,-1.363225E-02
1683548422
+1.487648E-01,-1.320808E-02
1683548425
+1.760207E-01,-1.263552E-02
1683548427
+2.000716E-01,-1.200961E-02
1683548430
+2.240656E-01,-1.118130E-02
1683548432
+2.480097E-01,-1.017314E-02
1683548435
+2.740730E-01,-8.890536E-03
1683548438
+2.983182E-01,-7.409129E-03
1683548440
+3.224933E-01,-5.695478E-03
1683548443
+3.501664E-01,-3.511352E-03
1683548445
+3.744082E-01,-1.454240E-03
1683548448
1683548450
1683548453
1683548456
1683548458
1683548461
1683548463
1683548466
1683548469
1683548471
1683548474
1683548476
