1685008535
-1.996437E+00,-1.277865E-03
1685008538
-1.969173E+00,-1.198269E-03
1685008542
-1.938420E+00,-1.145915E-03
1685008546
-1.907643E+00,-1.100357E-03
1685008549
-1.876916E+00,-1.063479E-03
1685008553
-1.846187E+00,-1.027380E-03
1685008556
-1.818817E+00,-9.965211E-04
1685008560
-1.788008E+00,-9.635659E-04
1685008564
-1.757335E+00,-9.330848E-04
1685008567
-1.726645E+00,-9.049990E-04
1685008571
-1.695910E+00,-8.771245E-04
1685008574
-1.668595E+00,-8.524821E-04
1685008578
-1.637930E+00,-8.254268E-04
1685008581
-1.607135E+00,-8.002662E-04
1685008585
-1.576444E+00,-7.764735E-04
1685008589
-1.545606E+00,-7.520282E-04
1685008592
-1.518322E+00,-7.303611E-04
1685008596
-1.487577E+00,-7.076444E-04
1685008599
-1.456674E+00,-6.851839E-04
1685008603
-1.425986E+00,-6.626222E-04
1685008607
-1.398736E+00,-6.442174E-04
1685008610
-1.367957E+00,-6.223264E-04
1685008614
-1.337291E+00,-6.010538E-04
1685008617
-1.306579E+00,-5.806718E-04
1685008621
-1.275808E+00,-5.603852E-04
1685008624
-1.248539E+00,-5.430533E-04
1685008628
-1.217739E+00,-5.241774E-04
1685008632
-1.187071E+00,-5.047907E-04
1685008635
-1.156302E+00,-4.857814E-04
1685008639
-1.125515E+00,-4.681096E-04
1685008642
-1.098245E+00,-4.521213E-04
1685008646
-1.067386E+00,-4.342114E-04
1685008650
-1.036662E+00,-4.172727E-04
1685008653
-1.005714E+00,-3.999709E-04
1685008657
-9.749981E-01,-3.833821E-04
1685008660
-9.477322E-01,-3.687021E-04
1685008664
-9.170464E-01,-3.526572E-04
1685008667
-8.862775E-01,-3.365304E-04
1685008671
-8.555804E-01,-3.211437E-04
1685008675
-8.282377E-01,-3.073530E-04
1685008678
-7.975173E-01,-2.923037E-04
1685008682
-7.668663E-01,-2.775084E-04
1685008685
-7.360750E-01,-2.629076E-04
1685008689
-7.053511E-01,-2.484028E-04
1685008693
-6.779820E-01,-2.357761E-04
1685008696
-6.472883E-01,-2.222483E-04
1685008700
-6.164378E-01,-2.087688E-04
1685008703
-5.856323E-01,-1.954879E-04
1685008707
-5.548669E-01,-1.825997E-04
1685008710
-5.275862E-01,-1.713890E-04
1685008714
-4.969325E-01,-1.590937E-04
1685008718
-4.661605E-01,-1.469774E-04
1685008721
-4.353958E-01,-1.352763E-04
1685008725
-4.046003E-01,-1.236820E-04
1685008728
-3.773013E-01,-1.136376E-04
1685008732
-3.467051E-01,-1.027429E-04
1685008736
-3.159347E-01,-9.193999E-05
1685008739
-2.852361E-01,-8.159452E-05
1685008743
-2.578427E-01,-7.260041E-05
1685008746
-2.270757E-01,-6.273322E-05
1685008750
-1.962869E-01,-5.332841E-05
1685008753
-1.654964E-01,-4.401827E-05
1685008757
-1.347877E-01,-3.516889E-05
1685008761
-1.075438E-01,-2.749745E-05
1685008764
-7.685929E-02,-1.921557E-05
1685008768
-4.603048E-02,-1.107503E-05
1685008771
-1.521588E-02,-2.961609E-06
1685008775
+1.021304E-02,+3.804095E-06
1685008779
+4.083280E-02,+1.209476E-05
1685008782
+7.146505E-02,+2.092284E-05
1685008786
+1.020606E-01,+3.073823E-05
1685008789
+1.294153E-01,+4.109728E-05
1685008793
+1.600893E-01,+5.601088E-05
1685008796
+1.908925E-01,+7.851596E-05
1685008800
+2.217533E-01,+1.178404E-04
1685008804
+2.491205E-01,+1.842591E-04
1685008807
+2.799312E-01,+3.332104E-04
1685008811
+3.106193E-01,+6.317251E-04
1685008814
+3.414760E-01,+1.181669E-03
1685008818
+3.722176E-01,+2.078421E-03
1685008822
+3.994436E-01,+3.225302E-03
1685008825
+4.302810E-01,+4.941518E-03
1685008829
+4.610601E-01,+7.101920E-03
1685008832
+4.917890E-01,+9.702378E-03
1685008836
+5.225781E-01,+1.272078E-02
1685008839
+5.499644E-01,+1.576314E-02
1685008843
+5.807186E-01,+1.949755E-02
1685008847
+6.114933E-01,+2.360120E-02
1685008850
+6.425124E-01,+2.809384E-02
1685008854
+6.731738E-01,+3.288560E-02
1685008857
+7.005785E-01,+3.749187E-02
1685008861
+7.314677E-01,+4.289885E-02
1685008865
+7.622609E-01,+4.862420E-02
1685008868
+7.931623E-01,+5.466039E-02
1685008872
+8.240445E-01,+6.100383E-02
1685008875
+8.514046E-01,+6.692962E-02
1685008879
+8.823017E-01,+7.372328E-02
1685008882
+9.131491E-01,+8.076931E-02
1685008886
+9.439180E-01,+8.801126E-02
1685008890
+9.713243E-01,+9.470820E-02
