1683542882
-1.834549E-04,-1.453101E-02
1683542885
+2.721033E-02,-1.411119E-02
1683542887
+5.099132E-02,-1.378654E-02
1683542890
+7.487153E-02,-1.341280E-02
1683542892
+1.021328E-01,-1.294196E-02
1683542895
+1.261622E-01,-1.245460E-02
1683542898
+1.500099E-01,-1.185636E-02
1683542900
+1.772878E-01,-1.100631E-02
1683542903
+2.013181E-01,-1.011924E-02
1683542905
+2.240407E-01,-9.207643E-03
1683542908
+2.482011E-01,-7.999910E-03
1683542910
+2.758352E-01,-6.445017E-03
1683542913
+3.000540E-01,-4.955403E-03
1683542916
+3.241986E-01,-3.375287E-03
1683542918
+3.518426E-01,-1.486025E-03
1683542921
+3.765643E-01,+3.173623E-04
1683542923
+4.000627E-01,+1.971292E-03
1683542926
+4.278300E-01,+3.966286E-03
1683542929
+4.520645E-01,+5.781650E-03
1683542931
+4.763661E-01,+7.674745E-03
1683542934
+5.039274E-01,+9.937345E-03
1683542936
+5.262264E-01,+1.178397E-02
1683542939
+5.502677E-01,+1.404889E-02
1683542942
+5.776061E-01,+1.683184E-02
1683542944
+6.015992E-01,+1.958900E-02
1683542947
+6.255987E-01,+2.259161E-02
1683542949
+6.530041E-01,+2.631251E-02
1683542952
+6.770544E-01,+3.003752E-02
1683542954
+7.009390E-01,+3.409970E-02
1683542957
+7.284502E-01,+3.913096E-02
1683542960
+7.524757E-01,+4.413683E-02
1683542962
+7.764878E-01,+4.955677E-02
1683542965
+8.038071E-01,+5.611371E-02
1683542967
+8.277740E-01,+6.264240E-02
1683542970
+8.517455E-01,+6.959704E-02
1683542972
+8.792140E-01,+7.800173E-02
1683542975
+9.032502E-01,+8.618344E-02
1683542978
+9.272667E-01,+9.482072E-02
1683542980
+9.382892E-01,+9.999966E-02
1683542983
+9.341892E-01,+9.999966E-02
