1678995256
-9.979869E-01,-1.858205E-02
1678995258
-9.297032E-01,-1.853772E-02
1678995261
-8.648723E-01,-1.849102E-02
1678995263
-7.930921E-01,-1.843969E-02
1678995266
-7.282946E-01,-1.840387E-02
1678995269
-6.600165E-01,-1.831453E-02
1678995271
-5.881330E-01,-1.830989E-02
1678995274
-5.232929E-01,-1.826757E-02
1678995276
-4.549240E-01,-1.824572E-02
1678995279
-3.900580E-01,-1.821101E-02
1678995282
-3.184306E-01,-1.816006E-02
1678995284
-2.499807E-01,-1.810165E-02
1678995287
-1.851432E-01,-1.808192E-02
1678995289
-1.134198E-01,-1.804943E-02
1678995292
-4.850141E-02,-1.801079E-02
1678995295
+2.026169E-02,-1.798042E-02
1678995297
+9.164945E-02,-1.793364E-02
1678995300
+1.564397E-01,-1.789653E-02
1678995302
+2.250137E-01,-1.786148E-02
1678995305
+2.899225E-01,-1.780766E-02
1678995308
+3.616697E-01,-1.773554E-02
1678995310
+4.298584E-01,-1.764905E-02
1678995313
+4.947498E-01,-1.746370E-02
1678995315
+5.664252E-01,-1.694053E-02
1678995318
+6.313989E-01,-1.524948E-02
1678995321
+6.998078E-01,-8.991911E-03
1678995323
+7.718710E-01,+9.112972E-03
1678995326
+8.370491E-01,+3.628192E-02
1678995328
+9.060474E-01,+7.269598E-02
1678995331
+9.510623E-01,+9.999945E-02
