1678328866
-1.000756E+00,-1.812384E-02
1678328869
-9.325597E-01,-1.809107E-02
1678328871
-8.676548E-01,-1.808150E-02
1678328874
-7.959390E-01,-1.805645E-02
1678328877
-7.312155E-01,-1.803073E-02
1678328879
-6.628972E-01,-1.801053E-02
1678328882
-5.909399E-01,-1.797283E-02
1678328884
-5.261298E-01,-1.794528E-02
1678328887
-4.578760E-01,-1.793157E-02
1678328890
-3.928707E-01,-1.790577E-02
1678328892
-3.212585E-01,-1.788333E-02
1678328895
-2.528979E-01,-1.785289E-02
1678328897
-1.879884E-01,-1.782930E-02
1678328900
-1.163378E-01,-1.778604E-02
1678328903
-5.144843E-02,-1.776930E-02
1678328905
+2.028031E-02,-1.773500E-02
1678328908
+9.177130E-02,-1.769465E-02
1678328910
+1.565108E-01,-1.766866E-02
1678328913
+2.250757E-01,-1.763123E-02
1678328916
+2.899936E-01,-1.758588E-02
1678328918
+3.616881E-01,-1.753552E-02
1678328921
+4.298959E-01,-1.745601E-02
1678328923
+4.947289E-01,-1.728901E-02
1678328926
+5.664507E-01,-1.676025E-02
1678328928
+6.315441E-01,-1.504933E-02
1678328931
+6.986409E-01,-9.059465E-03
1678328934
1678328936
+7.737895E-01,+1.029442E-02
1678328939
+9.061506E-01,+7.052241E-02
1678328941
+9.564790E-01,+9.999852E-02
