1675979935
-1.000585E+00,-5.705336E-06
1675979938
-8.982671E-01,-5.306327E-06
1675979941
-7.924572E-01,-4.486209E-06
1675979943
-6.865226E-01,-4.385727E-06
1675979946
-5.804446E-01,-3.679435E-06
1675979948
-4.781236E-01,-3.661507E-06
1675979951
-3.722265E-01,-3.216217E-06
1675979954
-2.663877E-01,-2.709638E-06
1675979956
-1.605615E-01,-2.662107E-06
1675979959
-5.463764E-02,-2.303540E-06
1675979961
+5.112691E-02,-2.078394E-06
1675979964
+1.567768E-01,-2.136348E-06
1675979967
+2.594163E-01,-1.295385E-06
1675979969
+3.653063E-01,-1.227841E-06
1675979972
+4.710914E-01,-1.088178E-06
1675979974
+5.769055E-01,-9.581065E-07
1675979977
+6.794451E-01,-8.672229E-07
1675979979
+7.853717E-01,-8.113588E-07
1675979982
+8.911611E-01,-7.521593E-07
1675979985
+9.968609E-01,-7.071344E-07
