1683565792
-9.585526E-05,+7.739916E-06
1683565796
+2.742063E-02,+3.800280E-05
1683565799
+5.120171E-02,+6.461881E-05
1683565803
+7.502366E-02,+9.192694E-05
1683565806
+1.022699E-01,+1.240339E-04
1683565810
+1.262778E-01,+1.532507E-04
1683565814
+1.501689E-01,+1.844499E-04
1683565817
+1.775161E-01,+2.226632E-04
1683565821
+2.015131E-01,+2.593539E-04
1683565824
+2.255585E-01,+3.015314E-04
1683565828
+2.494948E-01,+3.537911E-04
1683565832
+2.768244E-01,+4.373998E-04
1683565835
+3.007781E-01,+5.549603E-04
1683565839
+3.245967E-01,+7.503730E-04
1683565842
+3.519021E-01,+1.145224E-03
1683565846
+3.758516E-01,+1.723361E-03
1683565849
+3.997203E-01,+2.569502E-03
1683565853
+4.271082E-01,+3.904216E-03
1683565857
+4.510069E-01,+5.365138E-03
1683565860
+4.749265E-01,+7.057746E-03
1683565864
+5.021460E-01,+9.225888E-03
1683565867
+5.261437E-01,+1.133485E-02
1683565871
+5.501408E-01,+1.359732E-02
1683565875
+5.774529E-01,+1.635353E-02
1683565878
+6.014289E-01,+1.899743E-02
1683565882
+6.255696E-01,+2.186063E-02
1683565885
+6.529480E-01,+2.531975E-02
1683565889
+6.769335E-01,+2.870840E-02
1683565892
+7.008080E-01,+3.235825E-02
1683565896
+7.282606E-01,+3.682391E-02
1683565900
+7.522629E-01,+4.124722E-02
1683565903
+7.762783E-01,+4.600402E-02
1683565907
+8.036754E-01,+5.173803E-02
1683565910
+8.276541E-01,+5.739579E-02
1683565914
+8.516561E-01,+6.342401E-02
1683565918
+8.790914E-01,+7.059418E-02
1683565921
+9.031135E-01,+7.759304E-02
1683565925
+9.270613E-01,+8.490737E-02
1683565928
+9.545862E-01,+9.350323E-02
1683565932
+9.718519E-01,+9.999971E-02
