1677013231
-9.983795E-01,-1.691752E-02
1677013234
-9.301205E-01,-1.687219E-02
1677013237
-8.651887E-01,-1.680167E-02
1677013239
-7.934765E-01,-1.675727E-02
1677013242
-7.286832E-01,-1.670375E-02
1677013244
-6.602934E-01,-1.665741E-02
1677013247
-5.884643E-01,-1.661243E-02
1677013250
-5.237327E-01,-1.657399E-02
1677013252
-4.552680E-01,-1.653003E-02
1677013255
-3.903921E-01,-1.649921E-02
1677013257
-3.187622E-01,-1.646954E-02
1677013260
-2.502841E-01,-1.644185E-02
1677013263
-1.854683E-01,-1.641324E-02
1677013265
-1.138293E-01,-1.638684E-02
1677013268
-4.885166E-02,-1.636460E-02
1677013270
+1.920920E-02,-1.633210E-02
1677013273
+9.064027E-02,-1.630845E-02
1677013275
+1.555214E-01,-1.628178E-02
1677013278
+2.239844E-01,-1.625039E-02
1677013281
+2.888989E-01,-1.620736E-02
1677013283
+3.606227E-01,-1.616894E-02
1677013286
+4.288515E-01,-1.608266E-02
1677013288
+4.937435E-01,-1.594476E-02
1677013291
+5.655330E-01,-1.542984E-02
1677013294
+6.304684E-01,-1.363919E-02
1677013296
+6.977981E-01,-7.053785E-03
1677013299
+7.709820E-01,+1.324991E-02
1677013301
+8.363737E-01,+4.338346E-02
1677013304
+9.053804E-01,+8.432664E-02
1677013307
+9.264885E-01,+9.999936E-02
