1683558611
-7.969537E-04,+1.306343E-05
1683558614
+2.661470E-02,+6.335388E-05
1683558618
+5.039003E-02,+1.086906E-04
1683558621
+7.427126E-02,+1.538175E-04
1683558625
+1.014677E-01,+2.054376E-04
1683558629
+1.254448E-01,+2.512366E-04
1683558632
+1.492510E-01,+2.973470E-04
1683558636
+1.766209E-01,+3.521471E-04
1683558639
+2.006005E-01,+4.028877E-04
1683558643
+2.246593E-01,+4.591870E-04
1683558646
+2.485680E-01,+5.291572E-04
1683558650
+2.759037E-01,+6.437715E-04
1683558654
+2.998281E-01,+8.061586E-04
1683558657
+3.237336E-01,+1.072138E-03
1683558661
+3.511309E-01,+1.571414E-03
1683558664
+3.749785E-01,+2.228887E-03
1683558668
+3.988397E-01,+3.112760E-03
1683558672
+4.261861E-01,+4.391303E-03
1683558675
+4.501507E-01,+5.716235E-03
1683558679
+4.741209E-01,+7.214440E-03
1683558682
+5.015142E-01,+9.079592E-03
1683558686
+5.254678E-01,+1.089484E-02
1683558689
+5.494214E-01,+1.285322E-02
1683558693
+5.767270E-01,+1.525985E-02
1683558696
+6.006197E-01,+1.761785E-02
1683558700
+6.247942E-01,+2.022485E-02
1683558704
+6.522183E-01,+2.341543E-02
1683558707
+6.762086E-01,+2.662142E-02
1683558711
+7.001140E-01,+3.010780E-02
1683558714
+7.275828E-01,+3.440282E-02
1683558718
+7.515879E-01,+3.873716E-02
1683558721
+7.755423E-01,+4.344607E-02
1683558725
+8.029262E-01,+4.916833E-02
1683558729
+8.269212E-01,+5.493835E-02
1683558732
+8.509182E-01,+6.114876E-02
1683558736
+8.783739E-01,+6.853730E-02
1683558739
+9.024073E-01,+7.586402E-02
1683558743
+9.263768E-01,+8.357589E-02
1683558747
+9.538740E-01,+9.268945E-02
1683558750
+9.720668E-01,+1.000003E-01
