1679746737
-9.985235E-01,-2.553142E-02
1679746740
-9.302503E-01,-2.282342E-02
1679746742
-8.653204E-01,-2.243334E-02
1679746745
-7.936633E-01,-2.203027E-02
1679746748
-7.288030E-01,-2.171804E-02
1679746750
-6.604094E-01,-2.137341E-02
1679746753
-5.885158E-01,-2.098558E-02
1679746755
-5.237224E-01,-2.065598E-02
1679746758
-4.553268E-01,-2.032642E-02
1679746760
-3.904493E-01,-2.002420E-02
1679746763
-3.188395E-01,-1.967071E-02
1679746766
-2.504397E-01,-1.936779E-02
1679746768
-1.856022E-01,-1.907075E-02
1679746771
-1.139156E-01,-1.875563E-02
1679746773
-4.894210E-02,-1.844632E-02
1679746776
+2.046733E-02,-1.814811E-02
1679746779
+9.185002E-02,-1.778663E-02
1679746781
+1.566545E-01,-1.745911E-02
1679746784
+2.252168E-01,-1.710742E-02
1679746786
+2.900980E-01,-1.675515E-02
1679746789
+3.618210E-01,-1.634968E-02
1679746792
+4.301063E-01,-1.589327E-02
1679746794
+4.949810E-01,-1.536681E-02
1679746797
+5.667155E-01,-1.425660E-02
1679746799
+6.317292E-01,-1.420906E-02
1679746802
+6.991934E-01,-6.878833E-03
1679746805
+7.722304E-01,+1.265817E-02
1679746807
+8.374929E-01,+3.924105E-02
1679746810
+9.064057E-01,+7.418796E-02
1679746812
+9.499833E-01,+9.999935E-02
