1678321790
-1.000548E+00,-1.860793E-02
1678321793
-9.323132E-01,-1.856745E-02
1678321795
-8.674253E-01,-1.855836E-02
1678321798
-7.957270E-01,-1.854930E-02
1678321800
-7.309889E-01,-1.851818E-02
1678321803
-6.626757E-01,-1.851420E-02
1678321806
-5.907812E-01,-1.849703E-02
1678321808
-5.258840E-01,-1.846872E-02
1678321811
-4.575600E-01,-1.844705E-02
1678321813
-3.926419E-01,-1.843700E-02
1678321816
-3.210853E-01,-1.839776E-02
1678321819
-2.526971E-01,-1.838338E-02
1678321821
-1.878416E-01,-1.834452E-02
1678321824
-1.161823E-01,-1.831802E-02
1678321826
-5.129015E-02,-1.831435E-02
1678321829
+2.022206E-02,-1.828107E-02
1678321831
+9.159659E-02,-1.824253E-02
1678321834
+1.564240E-01,-1.821614E-02
1678321837
+2.249140E-01,-1.820633E-02
1678321839
+2.897782E-01,-1.814547E-02
1678321842
+3.615470E-01,-1.809948E-02
1678321844
+4.298311E-01,-1.804443E-02
1678321847
+4.946735E-01,-1.784237E-02
1678321850
+5.663950E-01,-1.726110E-02
1678321852
+6.314707E-01,-1.533198E-02
1678321855
+6.985472E-01,-9.101133E-03
1678321857
+7.734217E-01,+8.770016E-03
1678321860
+8.369865E-01,+3.040971E-02
1678321863
+9.058846E-01,+5.944844E-02
1678321865
+9.712120E-01,+9.014071E-02
