1676555010
-9.960251E-01,-1.876537E-02
1676555013
-9.277838E-01,-1.876498E-02
1676555015
-8.628589E-01,-1.871104E-02
1676555018
-7.911421E-01,-1.869969E-02
1676555020
-7.263554E-01,-1.866135E-02
1676555023
-6.580908E-01,-1.863755E-02
1676555026
-5.862365E-01,-1.861789E-02
1676555028
-5.214432E-01,-1.859769E-02
1676555031
-4.530328E-01,-1.857542E-02
1676555033
-3.881897E-01,-1.855232E-02
1676555036
-3.165263E-01,-1.851250E-02
1676555039
-2.481358E-01,-1.849402E-02
1676555041
-1.832477E-01,-1.845881E-02
1676555044
-1.115618E-01,-1.844214E-02
1676555046
-4.665366E-02,-1.841156E-02
1676555049
+1.834365E-02,-1.837539E-02
1676555052
+8.976302E-02,-1.835603E-02
1676555054
+1.546364E-01,-1.832408E-02
1676555057
+2.231026E-01,-1.829680E-02
1676555059
+2.880870E-01,-1.824781E-02
1676555062
+3.597964E-01,-1.821058E-02
1676555064
+4.280991E-01,-1.814979E-02
1676555067
+4.929359E-01,-1.803813E-02
1676555070
+5.646344E-01,-1.764613E-02
1676555072
+6.296712E-01,-1.612898E-02
1676555075
+6.965458E-01,-1.028799E-02
1676555077
+7.719417E-01,+1.015640E-02
1676555080
+8.354180E-01,+3.702769E-02
1676555083
+9.043710E-01,+7.480655E-02
1676555085
+9.434925E-01,+9.999974E-02
