1679746175
-9.982471E-01,-1.916412E-02
1679746178
-9.300768E-01,-1.892855E-02
1679746180
-8.651960E-01,-1.887136E-02
1679746183
-7.935150E-01,-1.878398E-02
1679746186
-7.286959E-01,-1.869180E-02
1679746188
-6.603238E-01,-1.859655E-02
1679746191
-5.885189E-01,-1.856304E-02
1679746193
-5.237596E-01,-1.847846E-02
1679746196
-4.553384E-01,-1.839574E-02
1679746199
-3.903758E-01,-1.839776E-02
1679746201
-3.187885E-01,-1.831751E-02
1679746204
-2.504363E-01,-1.824062E-02
1679746206
-1.855087E-01,-1.818943E-02
1679746209
-1.138263E-01,-1.810087E-02
1679746211
-4.891455E-02,-1.801265E-02
1679746214
+2.036306E-02,-1.791183E-02
1679746217
+9.181578E-02,-1.778285E-02
1679746219
+1.566686E-01,-1.764284E-02
1679746222
+2.251649E-01,-1.743192E-02
1679746224
+2.901621E-01,-1.702913E-02
1679746227
+3.618740E-01,-1.606795E-02
1679746230
+4.301536E-01,-1.420932E-02
1679746232
+4.950314E-01,-1.177439E-02
1679746235
+5.655227E-01,-8.785156E-03
1679746237
+6.310417E-01,-5.480661E-03
1679746240
+6.999143E-01,-1.746967E-03
1679746243
+7.724347E-01,+2.398094E-03
1679746245
+8.377987E-01,+6.143533E-03
1679746248
+9.068679E-01,+9.931990E-03
1679746250
+9.702669E-01,+2.803036E-02
