1677005078
-9.981385E-01,-1.832544E-02
1677005081
-9.401649E-01,-1.829870E-02
1677005084
-8.753416E-01,-1.830097E-02
1677005086
-8.139095E-01,-1.826248E-02
1677005089
-7.490902E-01,-1.825949E-02
1677005091
-6.910376E-01,-1.824406E-02
1677005094
-6.295388E-01,-1.822709E-02
1677005097
-5.645404E-01,-1.820653E-02
1677005099
-5.031557E-01,-1.818125E-02
1677005102
-4.381780E-01,-1.816119E-02
1677005104
-3.801438E-01,-1.814332E-02
1677005107
-3.187718E-01,-1.812828E-02
1677005110
-2.537415E-01,-1.810735E-02
1677005112
-1.957080E-01,-1.809095E-02
1677005115
-1.274209E-01,-1.807306E-02
1677005117
-6.936747E-02,-1.805235E-02
1677005120
-7.711811E-03,-1.803830E-02
1677005122
+5.296043E-02,-1.800039E-02
1677005125
+1.142489E-01,-1.796494E-02
1677005128
+1.791059E-01,-1.796551E-02
1677005130
+2.408883E-01,-1.791869E-02
1677005133
+2.989853E-01,-1.787519E-02
1677005135
+3.638690E-01,-1.782624E-02
1677005138
+4.253285E-01,-1.771516E-02
1677005141
+4.902964E-01,-1.750251E-02
1677005143
+5.483393E-01,-1.706512E-02
1677005146
+6.097494E-01,-1.574977E-02
1677005148
+6.748993E-01,-1.118537E-02
1677005151
1677005154
