1676368177
-9.974223E-01,-1.728874E-02
1676368180
-9.293271E-01,-1.728848E-02
1676368182
-8.643907E-01,-1.725069E-02
1676368185
-7.926647E-01,-1.723147E-02
1676368187
-7.278520E-01,-1.721122E-02
1676368190
-6.594725E-01,-1.718924E-02
1676368193
-5.876496E-01,-1.716285E-02
1676368195
-5.228739E-01,-1.715079E-02
1676368198
-4.545082E-01,-1.712926E-02
1676368200
-3.895933E-01,-1.710562E-02
1676368203
-3.179624E-01,-1.707929E-02
1676368206
-2.495751E-01,-1.705918E-02
1676368208
-1.846658E-01,-1.704020E-02
1676368211
-1.130325E-01,-1.702083E-02
1676368213
-4.808155E-02,-1.700641E-02
1676368216
+1.874088E-02,-1.696633E-02
1676368219
+9.012704E-02,-1.693450E-02
1676368221
+1.549615E-01,-1.689191E-02
1676368224
+2.234989E-01,-1.686715E-02
1676368226
+2.884501E-01,-1.684112E-02
1676368229
+3.602432E-01,-1.677498E-02
1676368232
+4.284936E-01,-1.667331E-02
1676368234
+4.933630E-01,-1.644238E-02
1676368237
+5.651020E-01,-1.571489E-02
1676368239
+6.301142E-01,-1.346072E-02
1676368242
+6.975323E-01,-6.876335E-03
1676368245
+7.721139E-01,+9.043656E-03
1676368247
+8.356166E-01,+2.674165E-02
1676368250
+9.042374E-01,+4.941566E-02
1676368252
+9.694998E-01,+7.257706E-02
