1677004593
-9.981367E-01,-1.839409E-02
1677004596
-9.400956E-01,-1.839729E-02
1677004598
-8.752996E-01,-1.836650E-02
1677004601
-8.138089E-01,-1.836585E-02
1677004603
-7.489696E-01,-1.834138E-02
1677004606
-6.909184E-01,-1.831879E-02
1677004608
-6.294267E-01,-1.831075E-02
1677004611
-5.644223E-01,-1.829000E-02
1677004614
-5.030618E-01,-1.827016E-02
1677004616
-4.380930E-01,-1.826623E-02
1677004619
-3.800129E-01,-1.822612E-02
1677004621
-3.186648E-01,-1.822656E-02
1677004624
-2.537387E-01,-1.820868E-02
1677004627
-1.956251E-01,-1.818233E-02
1677004629
-1.273411E-01,-1.816468E-02
1677004632
-6.927585E-02,-1.814407E-02
1677004634
-7.754343E-03,-1.811874E-02
1677004637
+5.308814E-02,-1.810259E-02
1677004640
+1.143901E-01,-1.808938E-02
1677004642
+1.793048E-01,-1.803876E-02
1677004645
+2.409979E-01,-1.803541E-02
1677004647
+2.991034E-01,-1.799901E-02
1677004650
+3.639180E-01,-1.795336E-02
1677004653
+4.252542E-01,-1.790945E-02
1677004655
+4.901823E-01,-1.779608E-02
1677004658
+5.482734E-01,-1.752410E-02
1677004660
+6.097195E-01,-1.662939E-02
1677004663
+6.747594E-01,-1.292101E-02
1677004665
+7.363157E-01,-2.109172E-03
1677004668
+8.016867E-01,+2.233049E-02
