1678992859
-9.979654E-01,-1.889936E-02
1678992862
-9.774671E-01,-1.886899E-02
1678992864
-9.604251E-01,-1.884229E-02
1678992867
-9.399277E-01,-1.881150E-02
1678992869
-9.195030E-01,-1.879862E-02
1678992872
-8.990043E-01,-1.877111E-02
1678992874
-8.784654E-01,-1.875902E-02
1678992877
-8.579189E-01,-1.874034E-02
1678992880
-8.374348E-01,-1.871362E-02
1678992882
-8.204028E-01,-1.868546E-02
1678992885
-7.999865E-01,-1.867933E-02
1678992887
-7.794551E-01,-1.864461E-02
1678992890
-7.589991E-01,-1.861508E-02
1678992893
-7.384935E-01,-1.859169E-02
1678992895
-7.180711E-01,-1.856900E-02
1678992898
-6.974946E-01,-1.855117E-02
1678992900
-6.804574E-01,-1.853687E-02
1678992903
-6.598926E-01,-1.851889E-02
1678992906
-6.394216E-01,-1.849999E-02
1678992908
-6.189010E-01,-1.847254E-02
1678992911
-5.984535E-01,-1.845121E-02
1678992913
-5.778378E-01,-1.843726E-02
1678992916
-5.573812E-01,-1.841413E-02
1678992919
-5.404218E-01,-1.840183E-02
1678992921
-5.199853E-01,-1.839142E-02
1678992924
-4.994653E-01,-1.836502E-02
1678992926
-4.788671E-01,-1.835483E-02
1678992929
-4.583836E-01,-1.832202E-02
1678992931
-4.379330E-01,-1.831573E-02
1678992934
-4.174365E-01,-1.830807E-02
1678992937
-4.003595E-01,-1.828628E-02
1678992939
-3.798853E-01,-1.826045E-02
1678992942
-3.594663E-01,-1.824875E-02
1678992944
-3.389789E-01,-1.822329E-02
1678992947
-3.185282E-01,-1.822499E-02
1678992950
-2.979592E-01,-1.821320E-02
1678992952
-2.774692E-01,-1.818967E-02
1678992955
-2.603105E-01,-1.818901E-02
1678992957
-2.398489E-01,-1.813626E-02
1678992960
-2.193641E-01,-1.814018E-02
1678992963
-1.988124E-01,-1.812036E-02
1678992965
-1.783008E-01,-1.812115E-02
1678992968
-1.577417E-01,-1.809675E-02
1678992970
-1.373177E-01,-1.809052E-02
1678992973
-1.202665E-01,-1.807498E-02
1678992976
-9.980169E-02,-1.805302E-02
1678992978
-7.925590E-02,-1.804889E-02
1678992981
-5.878099E-02,-1.801958E-02
1678992983
-3.819017E-02,-1.801171E-02
1678992986
-1.763939E-02,-1.800507E-02
1678992988
+2.716856E-03,-1.797562E-02
1678992991
+2.014578E-02,-1.797565E-02
1678992994
+4.055195E-02,-1.794788E-02
1678992996
+6.091893E-02,-1.793866E-02
1678992999
+8.139100E-02,-1.792563E-02
1678993001
+1.018288E-01,-1.790391E-02
1678993004
+1.187582E-01,-1.788825E-02
1678993007
+1.393812E-01,-1.787859E-02
1678993009
+1.597507E-01,-1.785382E-02
1678993012
+1.802719E-01,-1.783701E-02
1678993014
+2.008541E-01,-1.781696E-02
1678993017
+2.214270E-01,-1.779654E-02
1678993020
+2.420058E-01,-1.776474E-02
1678993022
+2.591128E-01,-1.774410E-02
1678993025
+2.796416E-01,-1.771750E-02
1678993027
+3.001902E-01,-1.769169E-02
1678993030
+3.206056E-01,-1.767683E-02
1678993033
+3.411370E-01,-1.761539E-02
1678993035
+3.615848E-01,-1.758253E-02
1678993038
+3.819960E-01,-1.750968E-02
1678993040
+3.990206E-01,-1.745876E-02
1678993043
+4.195791E-01,-1.738754E-02
1678993045
+4.400745E-01,-1.728174E-02
1678993048
+4.605907E-01,-1.716348E-02
1678993051
+4.809820E-01,-1.702709E-02
1678993053
+5.014231E-01,-1.683602E-02
1678993056
+5.219796E-01,-1.661057E-02
1678993058
+5.391168E-01,-1.635872E-02
1678993061
+5.596154E-01,-1.598593E-02
1678993064
+5.800583E-01,-1.551500E-02
1678993066
+6.004985E-01,-1.491197E-02
1678993069
+6.212100E-01,-1.410563E-02
1678993071
+6.417802E-01,-1.309891E-02
1678993074
+6.622297E-01,-1.163816E-02
1678993077
+6.793621E-01,-1.004360E-02
1678993079
+6.997664E-01,-7.555041E-03
1678993082
+7.203626E-01,-4.343882E-03
1678993084
+7.409908E-01,-2.938387E-04
1678993087
+7.615595E-01,+4.753223E-03
1678993090
+7.821575E-01,+1.042819E-02
1678993092
+8.027123E-01,+1.680913E-02
1678993095
+8.232524E-01,+2.382203E-02
1678993097
+8.403786E-01,+3.011015E-02
1678993100
+8.610318E-01,+3.814175E-02
1678993103
+8.817222E-01,+4.667711E-02
1678993105
+9.023703E-01,+5.557321E-02
1678993108
+9.230216E-01,+6.483422E-02
1678993110
+9.436572E-01,+7.446377E-02
1678993113
+9.643284E-01,+8.445564E-02
1678993115
+9.814827E-01,+9.305530E-02
