1685503475
1685503478
1685503481
1685503484
1685503487
1685503490
1685503493
1685503496
1685503499
1685503502
1685503505
1685503508
1685503511
1685503514
1685503517
1685503520
1685503523
1685503526
1685503529
1685503532
1685503535
1685503538
1685503541
1685503544
1685503547
1685503550
1685503553
1685503556
1685503559
1685503562
1685503565
1685503568
1685503571
1685503574
1685503577
1685503580
1685503583
1685503586
1685503589
1685503592
1685503595
1685503598
1685503601
1685503604
1685503607
1685503610
1685503613
