1678993991
-9.979602E-01,-1.924136E-02
1678993994
-9.298251E-01,-1.915425E-02
1678993996
-8.649218E-01,-1.909091E-02
1678993999
-7.931733E-01,-1.900358E-02
1678994001
-7.283791E-01,-1.892254E-02
1678994004
-6.600730E-01,-1.881043E-02
1678994007
-5.881663E-01,-1.878932E-02
1678994009
-5.233396E-01,-1.872752E-02
1678994012
-4.550035E-01,-1.867443E-02
1678994014
-3.901534E-01,-1.860522E-02
1678994017
-3.184952E-01,-1.854123E-02
1678994020
-2.501022E-01,-1.848779E-02
1678994022
-1.851981E-01,-1.842446E-02
1678994025
-1.135399E-01,-1.836200E-02
1678994027
-4.861813E-02,-1.830174E-02
1678994030
+2.024831E-02,-1.824365E-02
1678994033
+9.171771E-02,-1.819024E-02
1678994035
+1.564845E-01,-1.812470E-02
1678994038
+2.251276E-01,-1.803171E-02
1678994040
+2.899646E-01,-1.792124E-02
1678994043
+3.616392E-01,-1.781958E-02
1678994046
+4.299019E-01,-1.771304E-02
1678994048
+4.947614E-01,-1.748477E-02
1678994051
+5.665302E-01,-1.678399E-02
1678994053
+6.315022E-01,-1.461501E-02
1678994056
+6.998543E-01,-7.886982E-03
1678994058
+7.719623E-01,+7.563789E-03
1678994061
+8.370968E-01,+2.840922E-02
1678994064
+9.059428E-01,+5.536876E-02
1678994066
+9.713194E-01,+8.499952E-02
