1685119244
-1.998211E+00,-6.096129E-04
1685119248
-1.970875E+00,-5.771159E-04
1685119251
-1.940189E+00,-5.498671E-04
1685119255
-1.909432E+00,-5.276471E-04
1685119258
-1.878568E+00,-5.071955E-04
1685119262
-1.847908E+00,-4.883953E-04
1685119265
-1.820549E+00,-4.715149E-04
1685119269
-1.789823E+00,-4.544541E-04
1685119273
-1.759158E+00,-4.390649E-04
1685119276
-1.728423E+00,-4.244123E-04
1685119280
-1.697723E+00,-4.094662E-04
1685119283
-1.670400E+00,-3.970019E-04
1685119287
-1.639695E+00,-3.839735E-04
1685119291
-1.608962E+00,-3.710676E-04
1685119294
-1.578280E+00,-3.582314E-04
1685119298
-1.547421E+00,-3.457384E-04
1685119301
-1.520141E+00,-3.346889E-04
1685119305
-1.489412E+00,-3.236815E-04
1685119308
-1.458490E+00,-3.121596E-04
1685119312
-1.427767E+00,-3.016559E-04
1685119316
-1.400480E+00,-2.924228E-04
1685119319
-1.369807E+00,-2.820046E-04
1685119323
-1.339025E+00,-2.717768E-04
1685119326
-1.308324E+00,-2.618181E-04
1685119330
-1.277562E+00,-2.525295E-04
1685119334
-1.250275E+00,-2.441261E-04
1685119337
-1.219578E+00,-2.348958E-04
1685119341
-1.188772E+00,-2.259394E-04
1685119344
-1.158026E+00,-2.173379E-04
1685119348
-1.127283E+00,-2.087314E-04
1685119351
-1.100007E+00,-2.011248E-04
1685119355
-1.069224E+00,-1.929774E-04
1685119359
-1.038469E+00,-1.851506E-04
1685119362
-1.007501E+00,-1.774022E-04
1685119366
-9.768450E-01,-1.695484E-04
1685119369
-9.495140E-01,-1.627957E-04
1685119373
-9.187975E-01,-1.553074E-04
1685119377
-8.880846E-01,-1.480957E-04
1685119380
-8.573308E-01,-1.409373E-04
1685119384
-8.299990E-01,-1.346112E-04
1685119387
-7.993253E-01,-1.275750E-04
1685119391
-7.686523E-01,-1.209332E-04
1685119394
-7.379021E-01,-1.145616E-04
1685119398
-7.071941E-01,-1.081788E-04
1685119402
-6.798266E-01,-1.025632E-04
1685119405
-6.490855E-01,-9.649643E-05
1685119409
-6.182607E-01,-9.051428E-05
1685119412
-5.874180E-01,-8.477236E-05
1685119416
-5.566760E-01,-7.905460E-05
1685119420
-5.294511E-01,-7.411488E-05
1685119423
-4.987332E-01,-6.875652E-05
1685119427
-4.679510E-01,-6.337147E-05
1685119430
-4.371923E-01,-5.829332E-05
1685119434
-4.063919E-01,-5.339905E-05
1685119438
-3.790545E-01,-4.895676E-05
1685119441
-3.484442E-01,-4.426096E-05
1685119445
-3.177606E-01,-3.966481E-05
1685119448
-2.871478E-01,-3.519375E-05
1685119452
-2.596911E-01,-3.133813E-05
1685119455
-2.289283E-01,-2.712559E-05
1685119459
-1.981405E-01,-2.312404E-05
1685119463
-1.674218E-01,-1.928092E-05
1685119466
-1.366773E-01,-1.549410E-05
1685119470
-1.094291E-01,-1.225933E-05
1685119473
-7.868130E-02,-8.765628E-06
1685119477
-4.782588E-02,-5.302364E-06
1685119481
-1.703888E-02,-1.938340E-06
1685119484
+1.098141E-02,+1.182365E-06
1685119488
+4.159193E-02,+4.822478E-06
1685119491
+7.229000E-02,+9.093806E-06
1685119495
+1.028355E-01,+1.475305E-05
1685119498
+1.301576E-01,+2.248021E-05
1685119502
+1.608691E-01,+3.769773E-05
1685119506
+1.916573E-01,+6.722598E-05
1685119509
+2.225304E-01,+1.256145E-04
1685119513
+2.499635E-01,+2.209336E-04
1685119516
+2.806715E-01,+4.048682E-04
1685119520
+3.114239E-01,+7.054793E-04
1685119524
+3.422253E-01,+1.161407E-03
1685119527
+3.728816E-01,+1.802584E-03
1685119531
+4.001203E-01,+2.558985E-03
1685119534
+4.309085E-01,+3.631156E-03
1685119538
+4.617456E-01,+4.981324E-03
1685119541
+4.924428E-01,+6.627814E-03
1685119545
+5.232611E-01,+8.598139E-03
1685119549
+5.505356E-01,+1.065269E-02
1685119552
+5.812460E-01,+1.323568E-02
1685119556
+6.120674E-01,+1.620608E-02
1685119559
+6.430326E-01,+1.956281E-02
1685119563
+6.738281E-01,+2.327838E-02
1685119567
+7.011609E-01,+2.695720E-02
1685119570
+7.321006E-01,+3.139026E-02
1685119574
+7.628630E-01,+3.620972E-02
1685119577
+7.936336E-01,+4.139074E-02
1685119581
+8.244265E-01,+4.687015E-02
1685119584
+8.517470E-01,+5.218479E-02
1685119588
+8.826028E-01,+5.831484E-02
1685119591
+9.135258E-01,+6.472144E-02
1685119595
+9.443572E-01,+7.100958E-02
1685119598
+9.718214E-01,+7.634008E-02
