1676999095
-9.971494E-01,-1.724302E-02
1676999098
-9.392153E-01,-1.720699E-02
1676999100
-8.743933E-01,-1.715559E-02
1676999103
-8.128699E-01,-1.711927E-02
1676999106
-7.480581E-01,-1.707139E-02
1676999108
-6.900410E-01,-1.704431E-02
1676999111
-6.285429E-01,-1.700984E-02
1676999113
-5.635831E-01,-1.694297E-02
1676999116
-5.021126E-01,-1.692381E-02
1676999119
-4.371788E-01,-1.688471E-02
1676999121
-3.790984E-01,-1.684535E-02
1676999124
-3.177003E-01,-1.682157E-02
1676999126
-2.526922E-01,-1.680897E-02
1676999129
-1.945886E-01,-1.677583E-02
1676999131
-1.263795E-01,-1.675010E-02
1676999134
-6.820165E-02,-1.672942E-02
1676999137
-6.624306E-03,-1.669849E-02
1676999139
+5.265287E-02,-1.668686E-02
1676999142
+1.139599E-01,-1.665180E-02
1676999144
+1.788773E-01,-1.662827E-02
1676999147
+2.405363E-01,-1.662091E-02
1676999150
+2.986676E-01,-1.656738E-02
1676999152
+3.635465E-01,-1.651924E-02
1676999155
+4.249346E-01,-1.643804E-02
1676999157
+4.898944E-01,-1.627411E-02
1676999160
+5.479107E-01,-1.585780E-02
1676999163
+6.093652E-01,-1.449181E-02
1676999165
+6.730591E-01,-1.002604E-02
1676999168
+7.365599E-01,+1.669258E-03
1676999170
+8.013278E-01,+2.095576E-02
