1683544002
+1.170077E-03,+3.846456E-06
1683544005
+2.820101E-02,+1.851706E-05
1683544007
+5.213290E-02,+3.219028E-05
1683544010
+7.622738E-02,+4.621016E-05
1683544012
+1.037496E-01,+6.293569E-05
1683544015
+1.281335E-01,+7.898115E-05
1683544017
+1.522579E-01,+9.852665E-05
1683544020
+1.779529E-01,+1.254020E-04
1683544023
+2.020516E-01,+1.668643E-04
1683544025
+2.262378E-01,+2.353874E-04
1683544028
+2.503723E-01,+3.504705E-04
1683544030
+2.780714E-01,+5.779166E-04
1683544033
+3.025853E-01,+9.016789E-04
1683544036
+3.251294E-01,+1.286290E-03
1683544038
+3.526159E-01,+1.952628E-03
1683544041
+3.766460E-01,+2.694806E-03
1683544043
+4.006172E-01,+3.576952E-03
1683544046
+4.282386E-01,+4.754273E-03
1683544048
+4.523715E-01,+5.938097E-03
1683544051
+4.765235E-01,+7.261566E-03
1683544054
+5.041075E-01,+8.935853E-03
1683544056
+5.264865E-01,+1.040649E-02
1683544059
+5.503665E-01,+1.215226E-02
1683544061
+5.776826E-01,+1.438330E-02
1683544064
+6.015537E-01,+1.662020E-02
1683544066
+6.256781E-01,+1.911477E-02
1683544069
+6.531369E-01,+2.221458E-02
1683544072
+6.770671E-01,+2.534384E-02
1683544074
+7.010242E-01,+2.878190E-02
1683544077
+7.284779E-01,+3.302625E-02
1683544079
+7.524699E-01,+3.732879E-02
1683544082
+7.764693E-01,+4.198284E-02
1683544085
+8.038909E-01,+4.767485E-02
1683544087
+8.278609E-01,+5.338949E-02
1683544090
+8.517895E-01,+5.956197E-02
1683544092
+8.792799E-01,+6.699912E-02
1683544095
+9.033963E-01,+7.431227E-02
1683544097
+9.273430E-01,+8.210062E-02
1683544100
+9.548091E-01,+9.132885E-02
1683544103
+9.774132E-01,+9.994928E-02
