1678326655
-1.000733E+00,-1.876917E-02
1678326658
-9.324538E-01,-1.871731E-02
1678326660
-8.675478E-01,-1.867682E-02
1678326663
-7.959195E-01,-1.861545E-02
1678326666
-7.310693E-01,-1.855455E-02
1678326668
-6.628422E-01,-1.850683E-02
1678326671
-5.908612E-01,-1.844102E-02
1678326673
-5.260468E-01,-1.838784E-02
1678326676
-4.577813E-01,-1.833180E-02
1678326679
-3.928008E-01,-1.826075E-02
1678326681
-3.212144E-01,-1.822803E-02
1678326684
-2.527555E-01,-1.816792E-02
1678326686
-1.879911E-01,-1.811554E-02
1678326689
-1.162554E-01,-1.805464E-02
1678326692
-5.135842E-02,-1.799858E-02
1678326694
+2.031452E-02,-1.793790E-02
1678326697
+9.182559E-02,-1.787476E-02
1678326699
+1.566661E-01,-1.780803E-02
1678326702
+2.251208E-01,-1.774083E-02
1678326704
+2.900439E-01,-1.767161E-02
1678326707
+3.616892E-01,-1.755662E-02
1678326710
+4.299822E-01,-1.742082E-02
1678326712
+4.947875E-01,-1.713380E-02
1678326715
+5.664421E-01,-1.629973E-02
1678326717
+6.315603E-01,-1.399293E-02
1678326720
+6.999694E-01,-6.670612E-03
1678326723
+7.720299E-01,+1.067193E-02
1678326725
+8.371698E-01,+3.356263E-02
1678326728
+9.059728E-01,+6.281976E-02
1678326730
+9.713489E-01,+9.534047E-02
