1676288480
-9.991861E-01,-1.738591E-02
1676288483
-9.309672E-01,-1.736310E-02
1676288485
-8.661639E-01,-1.733530E-02
1676288488
-7.944407E-01,-1.731869E-02
1676288490
-7.295649E-01,-1.728801E-02
1676288493
-6.611534E-01,-1.726967E-02
1676288495
-5.893514E-01,-1.724210E-02
1676288498
-5.245863E-01,-1.721674E-02
1676288501
-4.562373E-01,-1.719325E-02
1676288503
-3.913320E-01,-1.717383E-02
1676288506
-3.196903E-01,-1.714727E-02
1676288508
-2.513005E-01,-1.711729E-02
1676288511
-1.864395E-01,-1.708939E-02
1676288514
-1.147035E-01,-1.702850E-02
1676288516
-4.979072E-02,-1.697393E-02
1676288519
+1.954135E-02,-1.683645E-02
1676288521
+9.108677E-02,-1.650724E-02
1676288524
+1.559390E-01,-1.589411E-02
1676288527
+2.243797E-01,-1.476972E-02
1676288529
+2.893562E-01,-1.330018E-02
1676288532
+3.610333E-01,-1.139241E-02
1676288534
+4.279847E-01,-9.499087E-03
1676288537
+4.931262E-01,-7.521396E-03
1676288540
+5.652230E-01,-5.267550E-03
1676288542
+6.305873E-01,-3.179820E-03
1676288545
+6.976168E-01,-1.048485E-03
1676288547
+7.714656E-01,+1.442104E-03
1676288550
+8.365554E-01,+3.608942E-03
1676288552
+9.052967E-01,+5.921209E-03
1676288555
+9.706541E-01,+8.138932E-03
