1685080603
-1.999404E+00,-1.565298E-02
1685080606
-1.972039E+00,-1.567567E-02
1685080610
-1.941321E+00,-1.560673E-02
1685080614
-1.910524E+00,-1.555633E-02
1685080617
-1.879790E+00,-1.550335E-02
1685080621
-1.849148E+00,-1.543311E-02
1685080624
-1.821825E+00,-1.538399E-02
1685080628
-1.791100E+00,-1.529981E-02
1685080632
-1.760371E+00,-1.525923E-02
1685080635
-1.729621E+00,-1.533953E-02
1685080639
-1.698927E+00,-1.528186E-02
1685080642
-1.671646E+00,-1.519435E-02
1685080646
-1.641010E+00,-1.514364E-02
1685080649
-1.610196E+00,-1.505880E-02
1685080653
-1.579374E+00,-1.499049E-02
1685080657
-1.548638E+00,-1.492162E-02
1685080660
-1.521312E+00,-1.486959E-02
1685080664
-1.490672E+00,-1.480811E-02
1685080667
-1.459750E+00,-1.473859E-02
1685080671
-1.429033E+00,-1.466119E-02
1685080675
-1.401780E+00,-1.461930E-02
1685080678
-1.371014E+00,-1.453996E-02
1685080682
-1.340245E+00,-1.447178E-02
1685080685
-1.309584E+00,-1.443366E-02
1685080689
-1.278791E+00,-1.436824E-02
1685080692
-1.251379E+00,-1.429456E-02
1685080696
-1.220722E+00,-1.422996E-02
1685080700
-1.189974E+00,-1.413924E-02
1685080703
-1.159326E+00,-1.410083E-02
1685080707
-1.128505E+00,-1.403980E-02
1685080710
-1.101262E+00,-1.398377E-02
1685080714
-1.070500E+00,-1.391555E-02
1685080718
-1.039672E+00,-1.383622E-02
1685080721
-1.008733E+00,-1.379263E-02
1685080725
-9.780155E-01,-1.370746E-02
1685080728
-9.507373E-01,-1.364541E-02
1685080732
-9.200621E-01,-1.357448E-02
1685080735
-8.892443E-01,-1.349446E-02
1685080739
-8.585121E-01,-1.341769E-02
1685080743
-8.311520E-01,-1.335265E-02
1685080746
-8.004827E-01,-1.329159E-02
1685080750
-7.697564E-01,-1.319543E-02
1685080753
-7.390622E-01,-1.312483E-02
1685080757
-7.083596E-01,-1.303034E-02
1685080761
-6.809779E-01,-1.295309E-02
1685080764
-6.501184E-01,-1.287585E-02
1685080768
-6.194400E-01,-1.278032E-02
1685080771
-5.885579E-01,-1.268195E-02
1685080775
-5.578694E-01,-1.257970E-02
1685080778
-5.305446E-01,-1.248925E-02
1685080782
-4.999018E-01,-1.239895E-02
1685080786
-4.690822E-01,-1.229518E-02
1685080789
-4.383076E-01,-1.218149E-02
1685080793
-4.076608E-01,-1.206837E-02
1685080796
-3.801983E-01,-1.197475E-02
1685080800
-3.495321E-01,-1.185742E-02
1685080804
-3.188978E-01,-1.172462E-02
1685080807
-2.881183E-01,-1.158856E-02
1685080811
-2.606547E-01,-1.145097E-02
1685080814
-2.299802E-01,-1.130444E-02
1685080818
-1.992632E-01,-1.112597E-02
1685080822
-1.685762E-01,-1.101490E-02
1685080825
-1.378925E-01,-1.084805E-02
1685080829
-1.105408E-01,-1.068013E-02
1685080832
-7.981964E-02,-1.041370E-02
1685080836
-4.901088E-02,-1.009441E-02
1685080839
-1.818043E-02,-9.660891E-03
1685080843
+1.118608E-02,-9.167302E-03
1685080847
+4.173579E-02,-8.558981E-03
1685080850
+7.237814E-02,-7.848157E-03
1685080854
+1.030129E-01,-7.000601E-03
1685080857
+1.303879E-01,-6.146585E-03
1685080861
+1.610352E-01,-5.111545E-03
1685080865
+1.919435E-01,-3.993319E-03
1685080868
+2.227561E-01,-2.843323E-03
1685080872
+2.502220E-01,-1.780191E-03
1685080875
+2.808458E-01,-5.924859E-04
1685080879
+3.116234E-01,+6.397783E-04
1685080882
+3.424917E-01,+1.865009E-03
1685080886
+3.731481E-01,+3.140866E-03
1685080890
+4.004246E-01,+4.364290E-03
1685080893
+4.313156E-01,+5.880135E-03
1685080897
+4.620678E-01,+7.580800E-03
1685080900
+4.928136E-01,+9.519714E-03
1685080904
+5.235837E-01,+1.174093E-02
1685080908
+5.509311E-01,+1.401992E-02
1685080911
+5.816737E-01,+1.686586E-02
1685080915
+6.124204E-01,+2.013477E-02
1685080918
+6.433305E-01,+2.385104E-02
1685080922
+6.739918E-01,+2.802237E-02
1685080925
+7.014691E-01,+3.228925E-02
1685080929
+7.323384E-01,+3.745194E-02
1685080933
+7.631418E-01,+4.321643E-02
1685080936
+7.939797E-01,+4.958024E-02
1685080940
+8.248120E-01,+5.658057E-02
1685080943
+8.522111E-01,+6.353822E-02
1685080947
+8.831602E-01,+7.178556E-02
1685080951
+9.139836E-01,+8.078674E-02
1685080954
+9.448999E-01,+9.058087E-02
1685080958
+9.718044E-01,+9.994487E-02
