1688727852
-1.994694E+00,-1.034076E-03
1688727856
-1.967423E+00,-9.931903E-04
1688727860
-1.936723E+00,-9.596559E-04
1688727863
-1.905953E+00,-9.285734E-04
1688727867
-1.875209E+00,-8.979567E-04
1688727870
-1.844532E+00,-8.695122E-04
1688727874
-1.817273E+00,-8.444309E-04
1688727878
-1.786584E+00,-8.177492E-04
1688727881
-1.755800E+00,-7.913935E-04
1688727885
-1.725080E+00,-7.653724E-04
1688727888
-1.694396E+00,-7.397523E-04
1688727892
-1.667071E+00,-7.182519E-04
1688727895
-1.636394E+00,-6.950192E-04
1688727899
-1.605601E+00,-6.713401E-04
1688727903
-1.574846E+00,-6.486442E-04
1688727906
-1.544072E+00,-6.265533E-04
1688727910
-1.516732E+00,-6.074687E-04
1688727913
-1.486022E+00,-5.864550E-04
1688727917
-1.455144E+00,-5.654917E-04
1688727920
-1.424365E+00,-5.462144E-04
1688727924
-1.397087E+00,-5.289396E-04
1688727927
-1.366411E+00,-5.096447E-04
1688727931
-1.335642E+00,-4.907746E-04
1688727935
-1.304952E+00,-4.727274E-04
1688727938
-1.274235E+00,-4.547629E-04
1688727942
-1.246893E+00,-4.393180E-04
1688727945
-1.216175E+00,-4.220799E-04
1688727949
-1.185477E+00,-4.055161E-04
1688727952
-1.154789E+00,-3.890858E-04
1688727956
-1.123978E+00,-3.729659E-04
1688727960
-1.096747E+00,-3.591474E-04
1688727963
-1.065988E+00,-3.438635E-04
1688727967
-1.035172E+00,-3.283650E-04
1688727970
-1.004164E+00,-3.136094E-04
1688727974
-9.735398E-01,-2.994077E-04
1688727978
-9.462054E-01,-2.868480E-04
1688727981
-9.154664E-01,-2.732191E-04
1688727985
-8.847223E-01,-2.599939E-04
1688727988
-8.539732E-01,-2.468825E-04
1688727992
-8.266473E-01,-2.352227E-04
1688727995
-7.958607E-01,-2.226379E-04
1688727999
-7.652451E-01,-2.102917E-04
1688728003
-7.345027E-01,-1.985734E-04
1688728006
-7.038036E-01,-1.868951E-04
1688728010
-6.764201E-01,-1.768260E-04
1688728013
-6.456617E-01,-1.657144E-04
1688728017
-6.148888E-01,-1.549265E-04
1688728021
-5.841531E-01,-1.444575E-04
1688728024
-5.534433E-01,-1.340681E-04
1688728028
-5.261481E-01,-1.251849E-04
1688728031
-4.954567E-01,-1.158075E-04
1688728035
-4.646218E-01,-1.064781E-04
1688728038
-4.338510E-01,-9.733260E-05
1688728042
-4.030378E-01,-8.866328E-05
1688728046
-3.757637E-01,-8.100514E-05
1688728049
-3.450621E-01,-7.284909E-05
1688728053
-3.143124E-01,-6.478773E-05
1688728056
-2.835742E-01,-5.718169E-05
1688728060
-2.562307E-01,-5.049797E-05
1688728064
-2.254575E-01,-4.344235E-05
1688728067
-1.947328E-01,-3.664234E-05
1688728071
-1.639755E-01,-3.011293E-05
1688728074
-1.332907E-01,-2.393586E-05
1688728078
-1.060607E-01,-1.863028E-05
1688728082
-7.531428E-02,-1.290563E-05
1688728085
-4.444354E-02,-7.420749E-06
1688728089
-1.363286E-02,-2.109744E-06
1688728092
+1.041917E-02,+1.991722E-06
1688728096
+4.108253E-02,+7.180463E-06
1688728099
+7.172920E-02,+1.247885E-05
1688728103
+1.023083E-01,+1.815791E-05
1688728107
+1.295664E-01,+2.406752E-05
1688728110
+1.602857E-01,+3.299449E-05
1688728114
+1.911342E-01,+4.819880E-05
1688728117
+2.219117E-01,+7.965684E-05
1688728121
+2.493184E-01,+1.393301E-04
1688728125
+2.799575E-01,+2.808493E-04
1688728128
+3.107602E-01,+5.709276E-04
1688728132
+3.415776E-01,+1.094525E-03
1688728135
+3.722594E-01,+1.925978E-03
1688728139
+3.994749E-01,+2.968614E-03
1688728142
+4.303676E-01,+4.494434E-03
1688728146
+4.610685E-01,+6.386302E-03
1688728150
+4.918828E-01,+8.652344E-03
1688728153
+5.226403E-01,+1.127711E-02
1688728157
+5.499584E-01,+1.393497E-02
1688728160
+5.807153E-01,+1.721130E-02
1688728164
+6.116414E-01,+2.087106E-02
1688728168
+6.426198E-01,+2.490914E-02
1688728171
+6.734316E-01,+2.931666E-02
1688728175
+7.006738E-01,+3.359445E-02
1688728178
+7.316474E-01,+3.869033E-02
1688728182
+7.624433E-01,+4.412888E-02
1688728185
+7.932275E-01,+5.001146E-02
1688728189
+8.240868E-01,+5.625388E-02
1688728192
+8.514323E-01,+6.222693E-02
1688728196
+8.823320E-01,+6.908368E-02
1688728199
+9.131708E-01,+7.628275E-02
1688728203
+9.439761E-01,+8.375437E-02
1688728207
+9.714094E-01,+9.070505E-02
