1682926404
+1.033518E-03,+1.298141E-06
1682926407
+2.908175E-02,+5.874632E-06
1682926409
+5.353877E-02,+9.968989E-06
1682926412
+7.584327E-02,+1.338198E-05
1682926414
+1.031175E-01,+1.690677E-05
1682926417
+1.272292E-01,+2.502342E-05
1682926419
+1.512417E-01,+3.351741E-05
1682926422
+1.788454E-01,+4.858270E-05
1682926425
+2.032540E-01,+7.004616E-05
1682926427
+2.277703E-01,+1.001336E-04
1682926430
+2.501965E-01,+1.395745E-04
1682926432
+2.776426E-01,+1.969186E-04
1682926435
+3.016742E-01,+2.560461E-04
1682926438
+3.257225E-01,+3.209577E-04
1682926440
+3.531794E-01,+4.010936E-04
1682926443
+3.772211E-01,+4.748480E-04
1682926445
+4.011710E-01,+5.522271E-04
1682926448
+4.286813E-01,+6.418678E-04
1682926451
+4.527571E-01,+7.215920E-04
1682926453
+4.768212E-01,+8.040692E-04
1682926456
+5.042087E-01,+8.989378E-04
1682926458
+5.282821E-01,+9.850009E-04
1682926461
+5.506083E-01,+1.049475E-03
1682926463
+5.780042E-01,+1.146234E-03
1682926466
+6.019609E-01,+1.227513E-03
1682926469
+6.260484E-01,+1.315091E-03
1682926471
+6.533985E-01,+1.412330E-03
1682926474
+6.772891E-01,+1.495622E-03
1682926476
+7.022491E-01,+7.975235E-04
1682926479
+7.294455E-01,+6.832952E-04
1682926482
+7.533246E-01,+6.698017E-04
1682926484
+7.772333E-01,+6.690114E-04
1682926487
+8.045438E-01,+6.961357E-04
1682926489
+8.284568E-01,+7.263304E-04
1682926492
+8.523405E-01,+7.343175E-04
1682926495
+8.796682E-01,+7.408568E-04
1682926497
+9.035295E-01,+7.445586E-04
1682926500
+9.274997E-01,+7.495795E-04
1682926502
+9.548788E-01,+7.651420E-04
1682926505
+9.787999E-01,+7.906311E-04
