1683553535
-8.720002E-04,+7.155727E-06
1683553539
+2.637123E-02,+3.847266E-05
1683553542
+5.011910E-02,+6.604792E-05
1683553546
+7.395535E-02,+9.394169E-05
1683553549
+1.012002E-01,+1.264419E-04
1683553553
+1.251666E-01,+1.555691E-04
1683553556
+1.489394E-01,+1.860287E-04
1683553560
+1.762978E-01,+2.241652E-04
1683553564
+2.003943E-01,+2.631673E-04
1683553567
+2.244082E-01,+3.119865E-04
1683553571
+2.484063E-01,+3.810340E-04
1683553574
+2.756687E-01,+5.038274E-04
1683553578
+2.996242E-01,+6.794099E-04
1683553582
+3.235139E-01,+9.451919E-04
1683553585
+3.508296E-01,+1.388617E-03
1683553589
+3.747218E-01,+1.915774E-03
1683553592
+3.985530E-01,+2.564583E-03
1683553596
+4.259988E-01,+3.441982E-03
1683553599
+4.498876E-01,+4.309159E-03
1683553603
+4.738007E-01,+5.098396E-03
1683553607
+5.011231E-01,+6.198185E-03
1683553610
+5.251095E-01,+7.059128E-03
1683553614
+5.490248E-01,+7.997444E-03
1683553617
+5.763801E-01,+8.976928E-03
1683553621
+6.002396E-01,+9.262793E-03
1683553625
+6.243100E-01,+8.000175E-03
1683553628
+6.516652E-01,+1.060313E-02
1683553632
+6.756365E-01,+1.206656E-02
1683553635
+6.994253E-01,+1.103509E-02
1683553639
+7.268251E-01,+1.018231E-02
1683553643
+7.508115E-01,+1.176521E-02
1683553646
+7.747695E-01,+1.335457E-02
1683553650
+8.020918E-01,+1.439277E-02
1683553653
+8.259590E-01,+1.530361E-02
1683553657
+8.499153E-01,+1.527908E-02
1683553660
+8.771777E-01,+2.018276E-02
1683553664
+9.012427E-01,+2.397054E-02
1683553668
+9.251255E-01,+2.690007E-02
1683553671
+9.524795E-01,+2.945677E-02
1683553675
+9.764518E-01,+2.958996E-02
