1677012034
-9.982226E-01,-1.823096E-02
1677012037
-9.300806E-01,-1.820999E-02
1677012040
-8.652481E-01,-1.820543E-02
1677012042
-7.935316E-01,-1.817720E-02
1677012045
-7.286400E-01,-1.816656E-02
1677012047
-6.603046E-01,-1.813397E-02
1677012050
-5.884087E-01,-1.811588E-02
1677012053
-5.236621E-01,-1.811198E-02
1677012055
-4.552658E-01,-1.809026E-02
1677012058
-3.903468E-01,-1.808574E-02
1677012060
-3.187437E-01,-1.804952E-02
1677012063
-2.503865E-01,-1.802777E-02
1677012066
-1.855541E-01,-1.801158E-02
1677012068
-1.137975E-01,-1.799005E-02
1677012071
-4.895505E-02,-1.795236E-02
1677012073
+1.923503E-02,-1.794401E-02
1677012076
+9.068437E-02,-1.792436E-02
1677012078
+1.554637E-01,-1.789062E-02
1677012081
+2.239276E-01,-1.786073E-02
1677012084
+2.889237E-01,-1.781107E-02
1677012086
+3.606225E-01,-1.776582E-02
1677012089
+4.288734E-01,-1.764784E-02
1677012091
+4.937296E-01,-1.741515E-02
1677012094
+5.654817E-01,-1.672878E-02
1677012097
+6.304905E-01,-1.461225E-02
1677012099
+6.978549E-01,-7.737522E-03
1677012102
+7.710373E-01,+1.090794E-02
1677012104
+8.362562E-01,+3.587885E-02
1677012107
+9.050151E-01,+6.807140E-02
1677012110
+9.658231E-01,+9.999938E-02
