1678994150
-9.979440E-01,-1.934894E-02
1678994152
-9.297338E-01,-1.928680E-02
1678994155
-8.648173E-01,-1.920971E-02
1678994158
-7.930577E-01,-1.911987E-02
1678994160
-7.282295E-01,-1.908422E-02
1678994163
-6.598899E-01,-1.900817E-02
1678994165
-5.880098E-01,-1.893266E-02
1678994168
-5.232056E-01,-1.886555E-02
1678994171
-4.548343E-01,-1.880092E-02
1678994173
-3.899551E-01,-1.874397E-02
1678994176
-3.183711E-01,-1.867562E-02
1678994178
-2.499640E-01,-1.860287E-02
1678994181
-1.851097E-01,-1.855784E-02
1678994184
-1.134131E-01,-1.849725E-02
1678994186
-4.851390E-02,-1.843038E-02
1678994189
+2.026834E-02,-1.836933E-02
1678994191
+9.163687E-02,-1.832264E-02
1678994194
+1.564705E-01,-1.823041E-02
1678994196
+2.249928E-01,-1.814264E-02
1678994199
+2.899566E-01,-1.805208E-02
1678994202
+3.616128E-01,-1.793637E-02
1678994204
+4.299433E-01,-1.783081E-02
1678994207
+4.947478E-01,-1.762131E-02
1678994209
+5.664081E-01,-1.691580E-02
1678994212
+6.315128E-01,-1.472390E-02
1678994215
+6.998417E-01,-8.005192E-03
1678994217
+7.718791E-01,+7.502513E-03
1678994220
+8.369977E-01,+2.845526E-02
1678994222
+9.057873E-01,+5.558323E-02
1678994225
+9.712065E-01,+8.541343E-02
