1677009019
-9.982353E-01,-1.688103E-02
1677009022
-9.301191E-01,-1.680944E-02
1677009025
-8.652076E-01,-1.675519E-02
1677009027
-7.934442E-01,-1.669488E-02
1677009030
-7.286128E-01,-1.663256E-02
1677009032
-6.603418E-01,-1.655666E-02
1677009035
-5.884833E-01,-1.649653E-02
1677009037
-5.235618E-01,-1.644520E-02
1677009040
-4.552273E-01,-1.636501E-02
1677009043
-3.902757E-01,-1.631415E-02
1677009045
-3.187118E-01,-1.624553E-02
1677009048
-2.503289E-01,-1.617768E-02
1677009050
-1.854514E-01,-1.612475E-02
1677009053
-1.137532E-01,-1.606773E-02
1677009056
-4.883325E-02,-1.601464E-02
1677009058
+1.935177E-02,-1.595933E-02
1677009061
+9.078691E-02,-1.589324E-02
1677009063
+1.556212E-01,-1.582500E-02
1677009066
+2.241358E-01,-1.574201E-02
1677009069
+2.889385E-01,-1.569787E-02
1677009071
+3.606896E-01,-1.559198E-02
1677009074
+4.290025E-01,-1.545268E-02
1677009076
+4.938770E-01,-1.518932E-02
1677009079
+5.655980E-01,-1.447977E-02
1677009081
+6.306108E-01,-1.241392E-02
1677009084
+6.980986E-01,-5.817847E-03
1677009087
+7.710083E-01,+1.238545E-02
1677009089
+8.361844E-01,+3.739992E-02
1677009092
+9.050711E-01,+7.026942E-02
1677009094
+9.563365E-01,+9.999935E-02
