1677003025
-9.978822E-01,-1.896183E-02
1677003028
-9.399192E-01,-1.894722E-02
1677003030
-8.750505E-01,-1.892724E-02
1677003033
-8.135034E-01,-1.891054E-02
1677003035
-7.487682E-01,-1.890154E-02
1677003038
-6.906334E-01,-1.887418E-02
1677003040
-6.292042E-01,-1.884962E-02
1677003043
-5.641945E-01,-1.884146E-02
1677003046
-5.028027E-01,-1.882978E-02
1677003048
-4.378755E-01,-1.880100E-02
1677003051
-3.798134E-01,-1.878567E-02
1677003053
-3.183809E-01,-1.876839E-02
1677003056
-2.534462E-01,-1.874463E-02
1677003059
-1.953481E-01,-1.874525E-02
1677003061
-1.270647E-01,-1.869723E-02
1677003064
-6.905258E-02,-1.868877E-02
1677003066
-7.489142E-03,-1.864467E-02
1677003069
+5.286405E-02,-1.863051E-02
1677003072
+1.141446E-01,-1.860619E-02
1677003074
+1.790554E-01,-1.858230E-02
1677003077
+2.408256E-01,-1.855613E-02
1677003079
+2.989279E-01,-1.851672E-02
1677003082
+3.638186E-01,-1.849231E-02
1677003085
+4.251959E-01,-1.843637E-02
1677003087
+4.900274E-01,-1.828317E-02
1677003090
+5.481756E-01,-1.797353E-02
1677003092
+6.095888E-01,-1.686898E-02
1677003095
+6.746629E-01,-1.251548E-02
1677003097
+7.363012E-01,-1.725812E-03
1677003100
+8.016465E-01,+1.859459E-02
