1678994586
-9.988965E-01,-6.446876E-02
1678994589
-9.305713E-01,-6.019250E-02
1678994591
-8.656028E-01,-5.665117E-02
1678994594
-7.938042E-01,-5.292479E-02
1678994596
-7.289115E-01,-4.965730E-02
1678994599
-6.605217E-01,-4.629536E-02
1678994602
-5.886281E-01,-4.284274E-02
1678994604
-5.237479E-01,-3.980612E-02
1678994607
-4.553255E-01,-3.668094E-02
1678994609
-3.903654E-01,-3.377907E-02
1678994612
-3.186335E-01,-3.064785E-02
1678994615
-2.501854E-01,-2.770475E-02
1678994617
-1.852519E-01,-2.495978E-02
1678994620
-1.135643E-01,-2.197012E-02
1678994622
-4.847144E-02,-1.930636E-02
1678994625
+2.025255E-02,-1.644679E-02
1678994628
+9.171045E-02,-1.346870E-02
1678994630
+1.565217E-01,-1.073948E-02
1678994633
+2.251441E-01,-7.805004E-03
1678994635
+2.901346E-01,-4.925889E-03
1678994638
+3.619244E-01,-1.641588E-03
1678994641
+4.302683E-01,+1.640126E-03
1678994643
+4.951482E-01,+5.031709E-03
1678994646
+5.669696E-01,+9.436793E-03
1678994648
+6.319991E-01,+1.467853E-02
1678994651
+7.003441E-01,+2.328758E-02
1678994653
+7.723658E-01,+4.002333E-02
1678994656
+8.376206E-01,+6.336197E-02
1678994659
+9.064016E-01,+9.449512E-02
1678994661
+9.150229E-01,+9.999946E-02
