1678992030
-9.979499E-01,-1.929024E-02
1678992032
-9.297379E-01,-1.920648E-02
1678992035
-8.648595E-01,-1.910557E-02
1678992037
-7.931757E-01,-1.901864E-02
1678992040
-7.283610E-01,-1.893186E-02
1678992043
-6.600446E-01,-1.884187E-02
1678992045
-5.881562E-01,-1.877612E-02
1678992048
-5.233522E-01,-1.871180E-02
1678992050
-4.548684E-01,-1.863713E-02
1678992053
-3.900653E-01,-1.858067E-02
1678992056
-3.184965E-01,-1.851152E-02
1678992058
-2.500176E-01,-1.845284E-02
1678992061
-1.851578E-01,-1.841565E-02
1678992063
-1.135480E-01,-1.832580E-02
1678992066
-4.854716E-02,-1.830836E-02
1678992069
+2.030080E-02,-1.823923E-02
1678992071
+9.169836E-02,-1.819423E-02
1678992074
+1.565469E-01,-1.811997E-02
1678992076
+2.250406E-01,-1.806141E-02
1678992079
+2.899683E-01,-1.797571E-02
1678992081
+3.616528E-01,-1.786685E-02
1678992084
+4.299314E-01,-1.772154E-02
1678992087
+4.946990E-01,-1.747018E-02
1678992089
+5.664952E-01,-1.674658E-02
1678992092
+6.315122E-01,-1.445215E-02
1678992094
+6.999291E-01,-6.847291E-03
1678992097
+7.720089E-01,+1.150844E-02
1678992100
+8.372059E-01,+3.641166E-02
1678992102
+9.060867E-01,+6.857651E-02
1678992105
+9.652375E-01,+9.999941E-02
