1676388941
-9.964573E-01,-1.649969E-02
1676388943
-9.281870E-01,-1.647702E-02
1676388946
-8.632461E-01,-1.644353E-02
1676388949
-7.915476E-01,-1.642862E-02
1676388951
-7.266644E-01,-1.641604E-02
1676388954
-6.583072E-01,-1.640328E-02
1676388956
-5.864895E-01,-1.638667E-02
1676388959
-5.216603E-01,-1.635020E-02
1676388961
-4.533614E-01,-1.633381E-02
1676388964
-3.884047E-01,-1.631238E-02
1676388967
-3.167754E-01,-1.628034E-02
1676388969
-2.484031E-01,-1.626803E-02
1676388972
-1.835747E-01,-1.625313E-02
1676388974
-1.118112E-01,-1.623198E-02
1676388977
-4.687854E-02,-1.619622E-02
1676388980
+1.835094E-02,-1.619468E-02
1676388982
+8.981065E-02,-1.614446E-02
1676388985
+1.546293E-01,-1.610305E-02
1676388987
+2.231016E-01,-1.610206E-02
1676388990
+2.880447E-01,-1.606060E-02
1676388993
+3.598088E-01,-1.600089E-02
1676388995
+4.280227E-01,-1.590748E-02
1676388998
+4.928232E-01,-1.570721E-02
1676389000
+5.645581E-01,-1.502571E-02
1676389003
+6.296404E-01,-1.293887E-02
1676389006
+6.979587E-01,-5.925444E-03
1676389008
+7.700298E-01,+1.047832E-02
1676389011
+8.350912E-01,+3.171938E-02
1676389013
+9.039191E-01,+5.793943E-02
1676389016
+9.692699E-01,+8.430089E-02
