1677005887
-9.982737E-01,-1.829182E-02
1677005890
-9.300602E-01,-1.827374E-02
1677005892
-8.652244E-01,-1.824759E-02
1677005895
-7.935134E-01,-1.822640E-02
1677005898
-7.287210E-01,-1.820029E-02
1677005900
-6.604103E-01,-1.819447E-02
1677005903
-5.884762E-01,-1.816894E-02
1677005905
-5.236945E-01,-1.815920E-02
1677005908
-4.553474E-01,-1.812191E-02
1677005911
-3.904566E-01,-1.810099E-02
1677005913
-3.187740E-01,-1.808658E-02
1677005916
-2.504127E-01,-1.806197E-02
1677005918
-1.854960E-01,-1.804903E-02
1677005921
-1.138894E-01,-1.801414E-02
1677005924
-4.894176E-02,-1.799075E-02
1677005926
+1.908996E-02,-1.795764E-02
1677005929
+9.051024E-02,-1.794152E-02
1677005931
+1.553589E-01,-1.791406E-02
1677005934
+2.238811E-01,-1.788311E-02
1677005936
+2.888065E-01,-1.783240E-02
1677005939
+3.605060E-01,-1.777044E-02
1677005942
+4.287714E-01,-1.768890E-02
1677005944
+4.936167E-01,-1.750127E-02
1677005947
+5.653955E-01,-1.691809E-02
1677005949
+6.303927E-01,-1.513096E-02
1677005952
+6.975631E-01,-8.835729E-03
1677005955
+7.709980E-01,+1.115069E-02
1677005957
+8.362705E-01,+4.083149E-02
1677005960
+9.051966E-01,+8.080909E-02
1677005962
+9.333200E-01,+9.999933E-02
