1675980377
-1.000524E+00,-8.442943E-07
1675980379
-8.980760E-01,-8.401253E-07
1675980382
-7.922158E-01,-8.422098E-07
1675980384
-6.864281E-01,-8.409591E-07
1675980387
-5.803951E-01,-8.480464E-07
1675980390
-4.780610E-01,-8.426267E-07
1675980392
-3.722592E-01,-8.355395E-07
1675980395
-2.663505E-01,-8.501309E-07
1675980397
-1.604236E-01,-8.526322E-07
1675980400
-5.464506E-02,-8.480464E-07
1675980402
+5.113266E-02,-8.467957E-07
1675980405
+1.567256E-01,-8.530492E-07
1675980408
+2.594366E-01,-8.447112E-07
1675980410
+3.652355E-01,-8.351227E-07
1675980413
+4.711272E-01,-8.492971E-07
1675980415
+5.769285E-01,-8.472127E-07
1675980418
+6.795920E-01,-8.413761E-07
1675980421
+7.853967E-01,-8.422099E-07
1675980423
+8.910483E-01,-8.392915E-07
1675980426
+9.969888E-01,-8.397085E-07
