1678345475
-9.980929E-01,-3.268757E-02
1678345477
-9.298472E-01,-3.083482E-02
1678345480
-8.649395E-01,-2.960021E-02
1678345483
-7.931806E-01,-2.835890E-02
1678345485
-7.283993E-01,-2.731370E-02
1678345488
-6.600018E-01,-2.626104E-02
1678345490
-5.881455E-01,-2.520056E-02
1678345493
-5.232977E-01,-2.428380E-02
1678345496
-4.548350E-01,-2.332901E-02
1678345498
-3.899597E-01,-2.246085E-02
1678345501
-3.182734E-01,-2.156227E-02
1678345503
-2.498657E-01,-2.070708E-02
1678345506
-1.850129E-01,-1.993125E-02
1678345509
-1.133291E-01,-1.910208E-02
1678345511
-4.837201E-02,-1.835382E-02
1678345514
+1.871266E-02,-1.756998E-02
1678345516
+9.029431E-02,-1.667457E-02
1678345519
+1.551324E-01,-1.583826E-02
1678345522
+2.236726E-01,-1.489053E-02
1678345524
+2.885375E-01,-1.393567E-02
1678345527
+3.601834E-01,-1.287188E-02
1678345529
+4.284950E-01,-1.176335E-02
1678345532
+4.933757E-01,-1.056072E-02
1678345534
+5.639131E-01,-8.913008E-03
1678345537
+6.293751E-01,-6.124131E-03
1678345540
+6.989002E-01,+1.420128E-03
1678345542
+7.705835E-01,+1.871527E-02
1678345545
+8.358021E-01,+4.324782E-02
1678345547
+9.046965E-01,+7.523873E-02
1678345550
+9.512056E-01,+9.999932E-02
