1684998343
-1.997075E+00,-1.365154E-03
1684998346
-1.969788E+00,-1.250197E-03
1684998350
-1.939095E+00,-1.179227E-03
1684998353
-1.908303E+00,-1.120183E-03
1684998357
-1.877513E+00,-1.075486E-03
1684998361
-1.846809E+00,-1.031827E-03
1684998364
-1.819458E+00,-9.970963E-04
1684998368
-1.788807E+00,-9.597060E-04
1684998371
-1.758049E+00,-9.269841E-04
1684998375
-1.727398E+00,-8.932460E-04
1684998378
-1.696678E+00,-8.623431E-04
1684998382
-1.669448E+00,-8.234791E-04
1684998386
-1.638717E+00,-7.958375E-04
1684998389
-1.607984E+00,-7.704443E-04
1684998393
-1.577283E+00,-7.450267E-04
1684998396
-1.546414E+00,-7.206679E-04
1684998400
-1.519133E+00,-6.983637E-04
1684998404
-1.488477E+00,-6.760412E-04
1684998407
-1.457559E+00,-6.535677E-04
1684998411
-1.426875E+00,-6.308259E-04
1684998414
-1.399530E+00,-6.108068E-04
1684998418
-1.368775E+00,-5.897366E-04
1684998421
-1.338026E+00,-5.698648E-04
1684998425
-1.307332E+00,-5.502479E-04
1684998429
-1.276579E+00,-5.310069E-04
1684998432
-1.249283E+00,-5.151518E-04
1684998436
-1.218522E+00,-4.964576E-04
1684998439
-1.187844E+00,-4.776912E-04
1684998443
-1.157081E+00,-4.599687E-04
1684998447
-1.126302E+00,-4.428144E-04
1684998450
-1.099028E+00,-4.277377E-04
1684998454
-1.068224E+00,-4.108876E-04
1684998457
-1.037464E+00,-3.940722E-04
1684998461
-1.006552E+00,-3.781829E-04
1684998464
-9.757918E-01,-3.623131E-04
1684998468
-9.485079E-01,-3.487850E-04
1684998472
-9.177880E-01,-3.341470E-04
1684998475
-8.870955E-01,-3.195686E-04
1684998479
-8.563153E-01,-3.046975E-04
1684998482
-8.289434E-01,-2.922140E-04
1684998486
-7.982509E-01,-2.783165E-04
1684998490
-7.675874E-01,-2.650640E-04
1684998493
-7.369176E-01,-2.513070E-04
1684998497
-7.060875E-01,-2.385124E-04
1684998500
-6.786938E-01,-2.270350E-04
1684998504
-6.479720E-01,-2.141566E-04
1684998507
-6.172220E-01,-2.017510E-04
1684998511
-5.863895E-01,-1.896127E-04
1684998515
-5.556644E-01,-1.775473E-04
1684998518
-5.283817E-01,-1.668823E-04
1684998522
-4.977101E-01,-1.554140E-04
1684998525
-4.668608E-01,-1.440675E-04
1684998529
-4.360649E-01,-1.330758E-04
1684998533
-4.052964E-01,-1.223427E-04
1684998536
-3.780186E-01,-1.129797E-04
1684998540
-3.473705E-01,-1.024509E-04
1684998543
-3.166821E-01,-9.229487E-05
1684998547
-2.859621E-01,-8.248365E-05
1684998550
-2.584867E-01,-7.408930E-05
1684998554
-2.278218E-01,-6.451494E-05
1684998558
-1.970475E-01,-5.536043E-05
1684998561
-1.663301E-01,-4.624433E-05
1684998565
-1.355885E-01,-3.736587E-05
1684998568
-1.083415E-01,-2.965241E-05
1684998572
-7.761487E-02,-2.107750E-05
1684998576
-4.681901E-02,-1.240711E-05
1684998579
-1.601398E-02,-3.451521E-06
1684998583
+1.042380E-02,+4.885536E-06
1684998586
+4.107653E-02,+1.563929E-05
1684998590
+7.165087E-02,+2.867029E-05
1684998594
+1.022811E-01,+4.538440E-05
1684998597
+1.296679E-01,+6.546560E-05
1684998601
+1.602623E-01,+9.764179E-05
1684998604
+1.911294E-01,+1.487097E-04
1684998608
+2.220398E-01,+2.365826E-04
1684998611
+2.493400E-01,+3.730981E-04
1684998615
+2.800877E-01,+6.434419E-04
1684998619
+3.108781E-01,+1.115272E-03
1684998622
+3.415949E-01,+1.865419E-03
1684998626
+3.722860E-01,+2.960777E-03
1684998629
+3.994844E-01,+4.254536E-03
1684998633
+4.303907E-01,+6.088592E-03
1684998637
+4.611951E-01,+8.329072E-03
1684998640
+4.919429E-01,+1.097060E-02
1684998644
+5.228132E-01,+1.402193E-02
1684998647
+5.500733E-01,+1.707780E-02
1684998651
+5.808596E-01,+2.083753E-02
1684998654
+6.116398E-01,+2.500206E-02
1684998658
+6.426886E-01,+2.958618E-02
1684998662
+6.734290E-01,+3.450301E-02
1684998665
+7.007672E-01,+3.924902E-02
1684998669
+7.316601E-01,+4.483534E-02
1684998672
+7.625888E-01,+5.079599E-02
1684998676
+7.933936E-01,+5.709147E-02
1684998680
+8.241637E-01,+6.370611E-02
1684998683
+8.515697E-01,+6.996850E-02
1684998687
+8.824969E-01,+7.713223E-02
1684998690
+9.133587E-01,+8.460648E-02
1684998694
+9.442249E-01,+9.228979E-02
1684998697
+9.716191E-01,+9.943006E-02
