1684996893
-1.996290E+00,-1.964706E-02
1684996897
-1.969043E+00,-1.954253E-02
1684996900
-1.938264E+00,-1.946783E-02
1684996904
-1.907496E+00,-1.942565E-02
1684996907
-1.876754E+00,-1.936071E-02
1684996911
-1.846057E+00,-1.929786E-02
1684996914
-1.818749E+00,-1.923468E-02
1684996918
-1.788012E+00,-1.918528E-02
1684996922
-1.757270E+00,-1.911554E-02
1684996925
-1.726590E+00,-1.904609E-02
1684996929
-1.695816E+00,-1.897061E-02
1684996932
-1.668568E+00,-1.893553E-02
1684996936
-1.637939E+00,-1.884135E-02
1684996940
-1.607110E+00,-1.880006E-02
1684996943
-1.576452E+00,-1.875920E-02
1684996947
-1.545622E+00,-1.868427E-02
1684996950
-1.518342E+00,-1.863597E-02
1684996954
-1.487636E+00,-1.858835E-02
1684996957
-1.456684E+00,-1.849850E-02
1684996961
-1.426085E+00,-1.844444E-02
1684996965
-1.398757E+00,-1.839470E-02
1684996968
-1.368011E+00,-1.835177E-02
1684996972
-1.337291E+00,-1.830077E-02
1684996975
-1.306567E+00,-1.832061E-02
1684996979
-1.275869E+00,-1.826315E-02
1684996983
-1.248529E+00,-1.820781E-02
1684996986
-1.217796E+00,-1.815451E-02
1684996990
-1.187135E+00,-1.810309E-02
1684996993
-1.156295E+00,-1.804755E-02
1684996997
-1.125529E+00,-1.797607E-02
1684997000
-1.098256E+00,-1.794123E-02
1684997004
-1.067493E+00,-1.792396E-02
1684997008
-1.036703E+00,-1.787825E-02
1684997011
-1.005731E+00,-1.780626E-02
1684997015
-9.750734E-01,-1.775482E-02
1684997018
-9.477640E-01,-1.773632E-02
1684997022
-9.171099E-01,-1.768718E-02
1684997026
-8.863615E-01,-1.766699E-02
1684997029
-8.556198E-01,-1.756920E-02
1684997033
-8.282911E-01,-1.757222E-02
1684997036
-7.975022E-01,-1.749558E-02
1684997040
-7.668447E-01,-1.746943E-02
1684997043
-7.361917E-01,-1.741762E-02
1684997047
-7.054342E-01,-1.737412E-02
1684997051
-6.780665E-01,-1.728462E-02
1684997054
-6.474025E-01,-1.726776E-02
1684997058
-6.165200E-01,-1.720616E-02
1684997061
-5.857202E-01,-1.713962E-02
1684997065
-5.549563E-01,-1.710786E-02
1684997069
-5.277470E-01,-1.702580E-02
1684997072
-4.971006E-01,-1.694126E-02
1684997076
-4.662839E-01,-1.688828E-02
1684997079
-4.355399E-01,-1.683362E-02
1684997083
-4.047342E-01,-1.673636E-02
1684997086
-3.774875E-01,-1.669000E-02
1684997090
-3.467852E-01,-1.657819E-02
1684997094
-3.160580E-01,-1.648745E-02
1684997097
-2.853507E-01,-1.639810E-02
1684997101
-2.579404E-01,-1.631109E-02
1684997104
-2.271823E-01,-1.618700E-02
1684997108
-1.965009E-01,-1.607484E-02
1684997112
-1.657336E-01,-1.596878E-02
1684997115
-1.349530E-01,-1.584246E-02
1684997119
-1.077563E-01,-1.568785E-02
1684997122
-7.700488E-02,-1.551149E-02
1684997126
-4.620505E-02,-1.534938E-02
1684997129
-1.537690E-02,-1.510444E-02
1684997133
+9.901244E-03,-1.491318E-02
1684997137
+4.049119E-02,-1.465297E-02
1684997140
+7.116535E-02,-1.431287E-02
1684997144
+1.017578E-01,-1.390182E-02
1684997147
+1.291018E-01,-1.348870E-02
1684997151
+1.598343E-01,-1.285766E-02
1684997155
+1.907354E-01,-1.204701E-02
1684997158
+2.215405E-01,-1.098641E-02
1684997162
+2.474925E-01,-9.886714E-03
1684997165
+2.785861E-01,-8.157434E-03
1684997169
+3.096897E-01,-6.013449E-03
1684997172
+3.408867E-01,-3.447267E-03
1684997176
+3.710020E-01,-7.099332E-04
1684997180
+3.998621E-01,+2.474086E-03
1684997183
+4.312661E-01,+6.084470E-03
1684997187
+4.627416E-01,+1.009465E-02
1684997190
+4.917712E-01,+1.385710E-02
1684997194
+5.225977E-01,+1.851507E-02
1684997198
+5.499741E-01,+2.307826E-02
1684997201
+5.808609E-01,+2.871675E-02
1684997205
+6.116333E-01,+3.497126E-02
1684997208
+6.426750E-01,+4.192906E-02
1684997212
+6.735725E-01,+4.958150E-02
1684997215
+7.009738E-01,+5.715660E-02
1684997219
+7.319441E-01,+6.627679E-02
1684997223
+7.628466E-01,+7.621841E-02
1684997226
+7.937201E-01,+8.701982E-02
1684997230
+8.246918E-01,+9.876378E-02
1684997233
+8.227485E-01,+9.999985E-02
1684997237
+8.200420E-01,+9.999983E-02
1684997241
+8.179887E-01,+9.999983E-02
1684997244
+8.161638E-01,+9.999979E-02
1684997248
+8.146777E-01,+9.999981E-02
