1678345817
-9.979090E-01,-1.870786E-02
1678345820
-9.297197E-01,-1.864254E-02
1678345823
-8.648012E-01,-1.859619E-02
1678345825
-7.930408E-01,-1.854787E-02
1678345828
-7.282529E-01,-1.851464E-02
1678345830
-6.598712E-01,-1.846088E-02
1678345833
-5.880716E-01,-1.841781E-02
1678345836
-5.233314E-01,-1.838496E-02
1678345838
-4.549354E-01,-1.836429E-02
1678345841
-3.901151E-01,-1.832860E-02
1678345843
-3.184416E-01,-1.829062E-02
1678345846
-2.499798E-01,-1.827064E-02
1678345849
-1.851162E-01,-1.823333E-02
1678345851
-1.133966E-01,-1.820661E-02
1678345854
-4.843286E-02,-1.819432E-02
1678345856
+1.869262E-02,-1.817475E-02
1678345859
+9.016331E-02,-1.814067E-02
1678345861
+1.550406E-01,-1.810609E-02
1678345864
+2.236106E-01,-1.807638E-02
1678345867
+2.884989E-01,-1.802975E-02
1678345869
+3.601572E-01,-1.798845E-02
1678345872
+4.284779E-01,-1.787440E-02
1678345874
+4.932752E-01,-1.763886E-02
1678345877
+5.649475E-01,-1.689650E-02
1678345880
+6.299767E-01,-1.480642E-02
1678345882
+6.972067E-01,-8.215935E-03
1678345885
1678345887
1678345890
+8.355562E-01,+3.290078E-02
+9.043839E-01,+6.251952E-02
1678345893
+9.698933E-01,+9.439386E-02
