1684956737
-1.999694E+00,-8.815306E-04
1684956741
-1.972309E+00,-8.648390E-04
1684956744
-1.941630E+00,-8.343391E-04
1684956748
-1.910741E+00,-8.031816E-04
1684956752
-1.879905E+00,-7.770715E-04
1684956755
-1.849148E+00,-7.529922E-04
1684956759
-1.821876E+00,-7.275338E-04
1684956762
-1.791017E+00,-7.045046E-04
1684956766
-1.760268E+00,-6.798395E-04
1684956769
-1.729504E+00,-6.542896E-04
1684956773
-1.698780E+00,-6.273817E-04
1684956777
-1.671453E+00,-6.093444E-04
1684956780
-1.640678E+00,-5.906402E-04
1684956784
-1.609858E+00,-5.691307E-04
1684956787
-1.579079E+00,-5.508483E-04
1684956791
-1.548247E+00,-5.324546E-04
1684956795
-1.520919E+00,-5.161570E-04
1684956798
-1.490158E+00,-5.003134E-04
1684956802
-1.459242E+00,-4.828143E-04
1684956805
-1.428448E+00,-4.658039E-04
1684956809
-1.401099E+00,-4.513582E-04
1684956812
-1.370283E+00,-4.348082E-04
1684956816
-1.339563E+00,-4.196713E-04
1684956820
-1.308757E+00,-4.042911E-04
1684956823
-1.278043E+00,-3.894072E-04
1684956827
-1.250660E+00,-3.763881E-04
1684956830
-1.219890E+00,-3.624806E-04
1684956834
-1.189223E+00,-3.490688E-04
1684956838
-1.158405E+00,-3.357250E-04
1684956841
-1.127640E+00,-3.219224E-04
1684956845
-1.100363E+00,-3.102717E-04
1684956848
-1.069526E+00,-2.975539E-04
1684956852
-1.038733E+00,-2.855758E-04
1684956855
-1.007752E+00,-2.735888E-04
1684956859
-9.770273E-01,-2.612948E-04
1684956863
-9.496303E-01,-2.512790E-04
1684956866
-9.189339E-01,-2.401088E-04
1684956870
-8.881415E-01,-2.289903E-04
1684956873
-8.574660E-01,-2.180120E-04
1684956877
-8.300998E-01,-2.087436E-04
1684956881
-7.993107E-01,-1.983548E-04
1684956884
-7.687311E-01,-1.885104E-04
1684956888
-7.379814E-01,-1.782703E-04
1684956891
-7.072965E-01,-1.686246E-04
1684956895
-6.798536E-01,-1.598186E-04
1684956898
-6.491389E-01,-1.509843E-04
1684956902
-6.183617E-01,-1.416917E-04
1684956906
-5.873598E-01,-1.329277E-04
1684956909
-5.566226E-01,-1.241385E-04
1684956913
-5.294008E-01,-1.164338E-04
1684956916
-4.986526E-01,-1.081369E-04
1684956920
-4.700021E-01,-1.009943E-04
1684956924
-4.390137E-01,-9.327045E-05
1684956927
-4.081021E-01,-8.549351E-05
1684956931
-3.805351E-01,-7.873005E-05
1684956934
-3.496877E-01,-7.155587E-05
1684956938
-3.188094E-01,-6.423619E-05
1684956942
-2.879654E-01,-5.712378E-05
1684956945
-2.604634E-01,-5.101062E-05
1684956949
-2.295610E-01,-4.436327E-05
1684956952
-1.986293E-01,-3.773613E-05
1684956956
-1.677461E-01,-3.130854E-05
1684956959
-1.369480E-01,-2.514919E-05
1684956963
-1.094702E-01,-1.972527E-05
1684956967
-7.861610E-02,-1.376447E-05
1684956970
-4.934509E-02,-8.382051E-06
1684956974
-1.710152E-02,-1.915043E-06
1684956977
+1.167379E-02,+4.200014E-06
1684956981
+4.179424E-02,+1.078519E-05
1684956985
+7.249260E-02,+1.878485E-05
1684956988
+1.032344E-01,+2.980210E-05
1684956992
+1.309129E-01,+4.318717E-05
1684956995
+1.620442E-01,+6.828892E-05
1684956999
+1.918252E-01,+1.099590E-04
1684957002
+2.228054E-01,+1.960661E-04
1684957006
+2.504815E-01,+3.434446E-04
1684957010
+2.817427E-01,+6.482389E-04
1684957013
+3.114997E-01,+1.111720E-03
1684957017
+3.423997E-01,+1.854706E-03
1684957020
+3.733436E-01,+2.907615E-03
1684957024
+4.008476E-01,+4.135683E-03
1684957028
+4.319605E-01,+5.848904E-03
1684957031
+4.630585E-01,+7.943567E-03
1684957035
+4.923841E-01,+1.020382E-02
1684957038
+5.232316E-01,+1.295599E-02
1684957042
+5.506292E-01,+1.577489E-02
1684957045
+5.813149E-01,+1.923515E-02
1684957049
+6.121259E-01,+2.310811E-02
1684957053
+6.431170E-01,+2.737593E-02
1684957056
+6.738404E-01,+3.196791E-02
1684957060
+7.012421E-01,+3.643218E-02
1684957063
+7.321095E-01,+4.167689E-02
1684957067
+7.628814E-01,+4.725076E-02
1684957071
+7.936649E-01,+5.311970E-02
1684957074
+8.244711E-01,+5.928388E-02
1684957078
+8.518884E-01,+6.508616E-02
1684957081
+8.828292E-01,+7.167938E-02
1684957085
+9.136153E-01,+7.844215E-02
1684957088
+9.444736E-01,+8.538718E-02
1684957092
+9.719086E-01,+9.179990E-02
