1676389576
-9.967030E-01,-1.657169E-02
1676389579
-9.284999E-01,-1.655425E-02
1676389582
-8.636212E-01,-1.653230E-02
1676389584
-7.919044E-01,-1.654345E-02
1676389587
-7.271291E-01,-1.651844E-02
1676389589
-6.587332E-01,-1.649440E-02
1676389592
-5.868923E-01,-1.647408E-02
1676389595
-5.220653E-01,-1.645748E-02
1676389597
-4.536952E-01,-1.645358E-02
1676389600
-3.888181E-01,-1.642511E-02
1676389602
-3.171336E-01,-1.638653E-02
1676389605
-2.487251E-01,-1.639520E-02
1676389608
-1.839206E-01,-1.637140E-02
1676389610
-1.122452E-01,-1.634286E-02
1676389613
-4.719977E-02,-1.633567E-02
1676389615
+1.850696E-02,-1.632207E-02
1676389618
+8.998686E-02,-1.628919E-02
1676389621
+1.547672E-01,-1.627140E-02
1676389623
+2.232923E-01,-1.623243E-02
1676389626
+2.882487E-01,-1.619888E-02
1676389628
+3.599419E-01,-1.614032E-02
1676389631
+4.282636E-01,-1.604402E-02
1676389633
+4.931574E-01,-1.584630E-02
1676389636
+5.648751E-01,-1.522893E-02
1676389639
+6.298896E-01,-1.341163E-02
1676389641
+6.982010E-01,-6.951645E-03
1676389644
+7.702971E-01,+1.059756E-02
1676389646
+8.354744E-01,+3.584015E-02
1676389649
+9.043819E-01,+6.905095E-02
1676389652
+9.612884E-01,+9.999962E-02
