1676554076
-9.929487E-01,-1.676009E-02
1676554079
-9.724922E-01,-1.674522E-02
1676554081
-9.554793E-01,-1.674416E-02
1676554084
-9.350289E-01,-1.672819E-02
1676554086
-9.145960E-01,-1.671149E-02
1676554089
-8.940812E-01,-1.670952E-02
1676554092
-8.736461E-01,-1.668839E-02
1676554094
-8.531314E-01,-1.668348E-02
1676554097
-8.326619E-01,-1.667392E-02
1676554099
-8.156123E-01,-1.666718E-02
1676554102
-7.951568E-01,-1.665377E-02
1676554104
-7.747267E-01,-1.665585E-02
1676554107
-7.542489E-01,-1.664913E-02
1676554110
-7.338735E-01,-1.663841E-02
1676554112
-7.133808E-01,-1.663839E-02
1676554115
-6.928136E-01,-1.662402E-02
1676554117
-6.758116E-01,-1.662263E-02
1676554120
-6.552832E-01,-1.661349E-02
1676554123
-6.347629E-01,-1.659106E-02
1676554125
-6.142561E-01,-1.652311E-02
1676554128
-5.937667E-01,-1.660319E-02
1676554130
-5.731947E-01,-1.658995E-02
1676554133
-5.526969E-01,-1.661265E-02
1676554136
-5.357285E-01,-1.660034E-02
1676554138
-5.152249E-01,-1.660569E-02
1676554141
-4.947557E-01,-1.659234E-02
1676554143
-4.741955E-01,-1.658363E-02
1676554146
-4.536753E-01,-1.658446E-02
1676554149
-4.332317E-01,-1.657142E-02
1676554151
-4.127425E-01,-1.654934E-02
1676554154
-3.956290E-01,-1.654779E-02
1676554156
-3.751539E-01,-1.653173E-02
1676554159
-3.547263E-01,-1.653485E-02
1676554161
-3.343096E-01,-1.652789E-02
1676554164
-3.138246E-01,-1.652173E-02
1676554167
-2.932820E-01,-1.649988E-02
1676554169
-2.727394E-01,-1.649433E-02
1676554172
-2.556400E-01,-1.648722E-02
1676554174
-2.351659E-01,-1.647825E-02
1676554177
-2.146975E-01,-1.647149E-02
1676554180
-1.942000E-01,-1.646740E-02
1676554182
-1.736983E-01,-1.646616E-02
1676554185
-1.532016E-01,-1.646874E-02
1676554187
-1.327434E-01,-1.646969E-02
1676554190
-1.156983E-01,-1.644984E-02
1676554193
-9.525336E-02,-1.644578E-02
1676554195
-7.473172E-02,-1.643379E-02
1676554198
-5.419590E-02,-1.642181E-02
1676554200
-3.363841E-02,-1.641140E-02
1676554203
-1.315517E-02,-1.641111E-02
1676554206
+7.352422E-03,-1.640619E-02
1676554208
+1.730487E-02,-1.639245E-02
1676554211
+3.773438E-02,-1.639646E-02
1676554213
+5.809130E-02,-1.637784E-02
1676554216
+7.857916E-02,-1.636223E-02
1676554219
+9.902031E-02,-1.636495E-02
1676554221
+1.160737E-01,-1.634679E-02
1676554224
+1.366249E-01,-1.635113E-02
1676554226
+1.570476E-01,-1.633462E-02
1676554229
+1.775162E-01,-1.631598E-02
1676554231
+1.981558E-01,-1.630493E-02
1676554234
+2.186962E-01,-1.631417E-02
1676554237
+2.392407E-01,-1.630429E-02
1676554239
+2.563732E-01,-1.629436E-02
1676554242
+2.768010E-01,-1.627731E-02
1676554244
+2.973579E-01,-1.626846E-02
1676554247
+3.178365E-01,-1.625188E-02
1676554250
+3.383435E-01,-1.623530E-02
1676554252
+3.588304E-01,-1.622719E-02
1676554255
+3.793382E-01,-1.619996E-02
1676554257
+3.963129E-01,-1.617959E-02
1676554260
+4.168823E-01,-1.616787E-02
1676554263
+4.374376E-01,-1.613231E-02
1676554265
+4.579695E-01,-1.609374E-02
1676554268
+4.783813E-01,-1.604488E-02
1676554270
+4.988749E-01,-1.595671E-02
1676554273
+5.194034E-01,-1.587129E-02
1676554276
+5.364549E-01,-1.575101E-02
1676554278
+5.570194E-01,-1.553141E-02
1676554281
+5.774743E-01,-1.522898E-02
1676554283
+5.978953E-01,-1.474364E-02
1676554286
+6.184896E-01,-1.401315E-02
1676554288
+6.390967E-01,-1.291783E-02
1676554291
+6.596485E-01,-1.130133E-02
1676554294
+6.753130E-01,-9.846723E-03
1676554296
+6.962726E-01,-6.827236E-03
1676554299
+7.175535E-01,-2.685716E-03
1676554301
+7.390736E-01,+2.999889E-03
1676554304
+7.606945E-01,+9.901413E-03
1676554307
+7.795358E-01,+1.596590E-02
1676554309
+8.001677E-01,+2.408213E-02
1676554312
+8.208469E-01,+3.312246E-02
1676554314
+8.381001E-01,+4.137173E-02
1676554317
+8.587896E-01,+5.184678E-02
1676554320
+8.794456E-01,+6.302300E-02
1676554322
+9.001441E-01,+7.487400E-02
1676554325
+9.208342E-01,+8.736756E-02
1676554327
+9.405062E-01,+1.000003E-01
1676554330
+9.382614E-01,+1.000003E-01
1676554333
+9.368894E-01,+1.000003E-01
