1682919304
-1.999113E+00,-5.124471E-04
1682919307
-1.971780E+00,-4.894487E-04
1682919310
-1.941021E+00,-4.701107E-04
1682919312
-1.910124E+00,-4.526007E-04
1682919315
-1.879367E+00,-4.357189E-04
1682919317
-1.848715E+00,-4.201917E-04
1682919320
-1.821362E+00,-4.061774E-04
1682919323
-1.790592E+00,-3.920051E-04
1682919325
-1.759810E+00,-3.779090E-04
1682919328
-1.729085E+00,-3.643492E-04
1682919330
-1.698397E+00,-3.508770E-04
1682919333
-1.671107E+00,-3.395135E-04
1682919335
-1.640378E+00,-3.270935E-04
1682919338
-1.609540E+00,-3.148484E-04
1682919341
-1.578831E+00,-3.031259E-04
1682919343
-1.548030E+00,-2.922942E-04
1682919346
-1.520741E+00,-2.825994E-04
1682919348
-1.490054E+00,-2.721938E-04
1682919351
-1.459088E+00,-2.616461E-04
1682919354
-1.428381E+00,-2.517210E-04
1682919356
-1.400988E+00,-2.429133E-04
1682919359
-1.370264E+00,-2.333426E-04
1682919361
-1.339517E+00,-2.243471E-04
1682919364
-1.308829E+00,-2.153855E-04
1682919367
-1.277997E+00,-2.065922E-04
1682919369
-1.250621E+00,-1.990643E-04
1682919372
-1.219862E+00,-1.908843E-04
1682919374
-1.189094E+00,-1.828315E-04
1682919377
-1.158446E+00,-1.749536E-04
1682919379
-1.127623E+00,-1.674896E-04
1682919382
-1.100347E+00,-1.611375E-04
1682919385
-1.069550E+00,-1.537345E-04
1682919387
-1.038739E+00,-1.467731E-04
1682919390
-1.007803E+00,-1.399723E-04
1682919392
-9.770462E-01,-1.333581E-04
1682919395
-9.496415E-01,-1.277156E-04
1682919398
-9.190760E-01,-1.217918E-04
1682919400
-8.883788E-01,-1.157922E-04
1682919403
-8.575150E-01,-1.098729E-04
1682919405
-8.301714E-01,-1.049690E-04
1682919408
-8.015698E-01,-1.000737E-04
1682919411
-7.707421E-01,-9.480769E-05
1682919413
-7.399333E-01,-8.968222E-05
1682919416
-7.090189E-01,-8.464148E-05
1682919418
-6.816390E-01,-8.032643E-05
1682919421
-6.507304E-01,-7.555605E-05
1682919423
-6.198234E-01,-7.110972E-05
1682919426
-5.888599E-01,-6.661706E-05
1682919428
-5.581682E-01,-6.236968E-05
1682919431
-5.308735E-01,-5.865088E-05
1682919434
-5.000284E-01,-5.462273E-05
1682919436
-4.691789E-01,-5.069918E-05
1682919439
-4.383228E-01,-4.685912E-05
1682919441
-4.074401E-01,-4.321161E-05
1682919444
-3.800095E-01,-4.000471E-05
1682919447
-3.493169E-01,-3.654541E-05
1682919449
-3.184876E-01,-3.323285E-05
1682919452
-2.877499E-01,-2.997445E-05
1682919454
-2.602008E-01,-2.717692E-05
1682919457
-2.294582E-01,-2.412554E-05
1682919459
-1.987230E-01,-2.113755E-05
1682919462
-1.678946E-01,-1.820355E-05
1682919465
-1.371453E-01,-1.532518E-05
1682919467
-1.097230E-01,-1.272160E-05
1682919470
-8.095032E-02,-1.001836E-05
1682919472
-4.936364E-02,-6.508303E-06
1682919475
-1.749672E-02,-2.047737E-06
1682919478
+1.329554E-02,+4.352932E-06
1682919480
+4.334632E-02,+1.405939E-05
1682919483
+7.427857E-02,+3.200796E-05
1682919485
+1.054727E-01,+6.529826E-05
1682919488
+1.319049E-01,+1.101094E-04
1682919490
+1.627746E-01,+1.978819E-04
1682919493
+1.937978E-01,+3.368072E-04
1682919496
+2.249418E-01,+5.387857E-04
1682919498
+2.527584E-01,+7.770403E-04
1682919501
+2.822437E-01,+1.069525E-03
1682919503
+3.130485E-01,+1.442824E-03
1682919506
+3.439724E-01,+1.864660E-03
1682919509
+3.746853E-01,+2.326742E-03
1682919511
+4.020240E-01,+2.767828E-03
1682919514
+4.329254E-01,+3.297745E-03
1682919516
+4.637718E-01,+3.868840E-03
1682919519
+4.945982E-01,+4.494052E-03
1682919522
+5.254295E-01,+5.180636E-03
1682919524
+5.528182E-01,+5.870552E-03
1682919527
+5.836306E-01,+6.714509E-03
1682919529
+6.145068E-01,+7.677794E-03
1682919532
+6.456593E-01,+8.798903E-03
1682919535
+6.766017E-01,+1.008773E-02
1682919537
+7.021323E-01,+1.131393E-02
1682919540
+7.329772E-01,+1.293689E-02
1682919542
+7.637966E-01,+1.483339E-02
1682919545
+7.945663E-01,+1.703543E-02
1682919547
+8.253033E-01,+1.954356E-02
1682919550
+8.526487E-01,+2.217153E-02
1682919553
+8.833860E-01,+2.527236E-02
1682919555
+9.141663E-01,+2.875377E-02
1682919558
+9.448926E-01,+3.255663E-02
1682919560
+9.723483E-01,+3.622987E-02
