1701320236
-1.352186E+00,-2.967797E-05
1701320239
+1.443039E+00,-4.611170E-10
1701320241
+4.236223E+00,-3.427548E-10
1701320244
+7.021498E+00,+2.082121E-10
1701320246
+9.811028E+00,+1.315269E-10
1701320249
+1.260432E+01,+4.215973E-10
1701320251
+1.539264E+01,+5.891378E-10
1701320254
+1.818033E+01,+1.035079E-09
1701320256
+2.096379E+01,+1.778592E-09
1701320259
+2.375466E+01,+2.477095E-09
1701320262
+2.654242E+01,+3.616538E-09
1701320264
+2.933493E+01,+4.393393E-09
1701320267
+3.212433E+01,+5.756225E-09
1701320269
+3.490947E+01,+7.049455E-09
1701320272
+3.770244E+01,+8.347270E-09
1701320274
+4.049200E+01,+1.015771E-08
1701320277
+4.328381E+01,+1.088414E-08
1701320279
+4.607148E+01,+1.189063E-08
1701320282
+4.885498E+01,+1.229989E-08
1701320285
+5.164584E+01,+1.500471E-08
