1685503100
-1.998301E+00,-5.276702E-04
1685503104
-1.971053E+00,-5.272634E-04
1685503107
-1.940354E+00,-5.192937E-04
1685503111
-1.909501E+00,-5.060135E-04
1685503114
-1.878732E+00,-4.936781E-04
1685503118
-1.848019E+00,-4.800821E-04
1685503122
-1.820694E+00,-4.690893E-04
1685503125
-1.789972E+00,-4.562886E-04
1685503129
-1.759181E+00,-4.422250E-04
1685503132
-1.728490E+00,-4.292515E-04
1685503136
-1.697706E+00,-4.160872E-04
1685503139
-1.670396E+00,-4.041097E-04
1685503143
-1.639715E+00,-3.917625E-04
1685503147
-1.608899E+00,-3.796257E-04
1685503150
-1.578136E+00,-3.671523E-04
1685503154
-1.547337E+00,-3.554419E-04
1685503157
-1.520000E+00,-3.448140E-04
1685503161
-1.489188E+00,-3.333612E-04
1685503165
-1.458321E+00,-3.219480E-04
1685503168
-1.427526E+00,-3.112919E-04
1685503172
-1.400194E+00,-3.017223E-04
1685503175
-1.369508E+00,-2.913743E-04
1685503179
-1.338695E+00,-2.811292E-04
1685503182
-1.307997E+00,-2.714137E-04
1685503186
-1.277210E+00,-2.616949E-04
1685503190
-1.249866E+00,-2.528566E-04
1685503193
-1.219069E+00,-2.436534E-04
1685503197
-1.188402E+00,-2.343588E-04
1685503200
-1.157638E+00,-2.252088E-04
1685503204
-1.126823E+00,-2.164929E-04
1685503208
-1.099470E+00,-2.087151E-04
1685503211
-1.068625E+00,-2.001681E-04
1685503215
-1.037946E+00,-1.919736E-04
1685503218
-1.006939E+00,-1.836573E-04
1685503222
-9.762250E-01,-1.756747E-04
1685503225
-9.490054E-01,-1.689504E-04
1685503229
-9.182284E-01,-1.613119E-04
1685503233
-8.874739E-01,-1.535702E-04
1685503236
-8.566288E-01,-1.460648E-04
1685503240
-8.293082E-01,-1.395870E-04
1685503243
-7.985307E-01,-1.326530E-04
1685503247
-7.678615E-01,-1.255533E-04
1685503251
-7.371535E-01,-1.186712E-04
1685503254
-7.063726E-01,-1.120527E-04
1685503258
-6.790087E-01,-1.062358E-04
1685503261
-6.503109E-01,-1.003955E-04
1685503265
-6.193540E-01,-9.404464E-05
1685503268
-5.884871E-01,-8.787613E-05
1685503272
-5.576062E-01,-8.182136E-05
1685503276
-5.301895E-01,-7.659656E-05
1685503279
-4.992650E-01,-7.089817E-05
1685503283
-4.684356E-01,-6.521009E-05
1685503286
-4.375770E-01,-5.978971E-05
1685503290
-4.067075E-01,-5.448090E-05
1685503294
-3.793070E-01,-4.985417E-05
1685503297
-3.485268E-01,-4.485563E-05
1685503301
-3.176798E-01,-3.995365E-05
1685503304
-2.868629E-01,-3.525332E-05
1685503308
-2.593022E-01,-3.114154E-05
1685503311
-2.285195E-01,-2.675999E-05
1685503315
-1.976217E-01,-2.251371E-05
1685503319
-1.667406E-01,-1.843279E-05
1685503322
-1.360071E-01,-1.452274E-05
1685503326
-1.086248E-01,-1.120369E-05
1685503329
-7.938848E-02,-7.921035E-06
1685503333
-4.774338E-02,-4.350196E-06
1685503337
1685503340
1685503344
1685503347
1685503351
1685503354
1685503358
1685503362
1685503365
-1.998267E+00,-4.785065E-04
-1.970960E+00,-4.791600E-04
-1.940262E+00,-4.760577E-04
-1.909451E+00,-4.695704E-04
-1.878692E+00,-4.616389E-04
-1.847976E+00,-4.518271E-04
-1.820601E+00,-4.425756E-04
-1.789880E+00,-4.311401E-04
-1.759198E+00,-4.202401E-04
-1.728456E+00,-4.090930E-04
-1.697692E+00,-3.971083E-04
-1.670404E+00,-3.873695E-04
-1.639638E+00,-3.753692E-04
-1.608855E+00,-3.639025E-04
-1.578148E+00,-3.531855E-04
-1.547311E+00,-3.424507E-04
-1.519974E+00,-3.327326E-04
-1.489234E+00,-3.219000E-04
-1.458340E+00,-3.115376E-04
-1.427570E+00,-3.011001E-04
-1.400213E+00,-2.921488E-04
-1.369518E+00,-2.822166E-04
-1.338726E+00,-2.725059E-04
-1.308029E+00,-2.630884E-04
-1.277288E+00,-2.535621E-04
-1.249925E+00,-2.451896E-04
-1.219116E+00,-2.363405E-04
-1.188417E+00,-2.276894E-04
-1.157625E+00,-2.189229E-04
-1.126861E+00,-2.104277E-04
-1.099548E+00,-2.028935E-04
-1.068744E+00,-1.945548E-04
-1.037972E+00,-1.864611E-04
-1.006961E+00,-1.785338E-04
-9.762368E-01,-1.706654E-04
-9.489478E-01,-1.638388E-04
-9.181862E-01,-1.564175E-04
-8.874311E-01,-1.490660E-04
-8.566365E-01,-1.418824E-04
-8.292877E-01,-1.355238E-04
-7.986386E-01,-1.286414E-04
-7.679486E-01,-1.220213E-04
-7.373043E-01,-1.153159E-04
-7.065383E-01,-1.088421E-04
-6.790643E-01,-1.030456E-04
-6.502367E-01,-9.748202E-05
-6.192622E-01,-9.140016E-05
