1682922179
+2.179689E-03,-1.039647E-02
1682922181
+2.945241E-02,-9.967759E-03
1682922184
+5.323591E-02,-9.516127E-03
1682922186
+7.707357E-02,-8.958365E-03
1682922189
+1.043797E-01,-8.209375E-03
1682922192
+1.283900E-01,-7.440621E-03
1682922194
+1.521776E-01,-6.575310E-03
1682922197
+1.795004E-01,-5.476363E-03
1682922199
+2.034423E-01,-4.440591E-03
1682922202
+2.275468E-01,-3.347601E-03
1682922205
+2.514671E-01,-2.225746E-03
1682922207
+2.787732E-01,-9.355482E-04
1682922210
+3.027502E-01,+2.283776E-04
1682922212
+3.266046E-01,+1.352062E-03
1682922215
+3.539882E-01,+2.633578E-03
1682922218
+3.778333E-01,+3.761739E-03
1682922220
+4.017127E-01,+4.901406E-03
1682922223
+4.290447E-01,+6.240625E-03
1682922225
+4.530183E-01,+7.481751E-03
1682922228
+4.769386E-01,+8.801982E-03
1682922230
+5.042873E-01,+1.040633E-02
1682922233
+5.282574E-01,+1.197434E-02
1682922236
+5.522035E-01,+1.367831E-02
1682922238
+5.795163E-01,+1.577018E-02
1682922241
+6.034015E-01,+1.788085E-02
1682922243
+6.275495E-01,+2.020729E-02
1682922246
+6.549372E-01,+2.303308E-02
1682922249
+6.788241E-01,+2.593988E-02
1682922251
+7.027220E-01,+2.916397E-02
1682922254
+7.302465E-01,+3.313920E-02
1682922256
+7.542469E-01,+3.709490E-02
1682922259
+7.782437E-01,+4.149687E-02
1682922261
+8.056647E-01,+4.676809E-02
1682922264
+8.295679E-01,+5.212305E-02
1682922266
+8.535613E-01,+5.782464E-02
1682922269
+8.809593E-01,+6.457198E-02
1682922272
+9.049827E-01,+7.126751E-02
1682922274
+9.289490E-01,+7.828069E-02
1682922277
+9.564133E-01,+8.655149E-02
1682922279
+9.804412E-01,+9.458081E-02
