1677005362
-9.982733E-01,-1.826715E-02
1677005364
-9.402981E-01,-1.824931E-02
1677005367
-8.754730E-01,-1.822722E-02
1677005370
-8.139150E-01,-1.821244E-02
1677005372
-7.491249E-01,-1.818859E-02
1677005375
-6.911241E-01,-1.817679E-02
1677005377
-6.296484E-01,-1.815579E-02
1677005380
-5.646108E-01,-1.815010E-02
1677005383
-5.032811E-01,-1.812705E-02
1677005385
-4.382492E-01,-1.810845E-02
1677005388
-3.801849E-01,-1.808837E-02
1677005390
-3.188219E-01,-1.807036E-02
1677005393
-2.538325E-01,-1.805823E-02
1677005395
-1.957424E-01,-1.805656E-02
1677005398
-1.275428E-01,-1.802867E-02
1677005401
-6.954014E-02,-1.800491E-02
1677005403
-7.875267E-03,-1.799149E-02
1677005406
+5.315392E-02,-1.796805E-02
1677005408
+1.143975E-01,-1.794157E-02
1677005411
+1.792286E-01,-1.791080E-02
1677005414
+2.409450E-01,-1.787185E-02
1677005416
+2.991355E-01,-1.783401E-02
1677005419
+3.639165E-01,-1.778832E-02
1677005421
+4.253185E-01,-1.768544E-02
1677005424
+4.902456E-01,-1.749125E-02
1677005427
+5.483559E-01,-1.704567E-02
1677005429
+6.098595E-01,-1.572167E-02
1677005432
+6.749345E-01,-1.122000E-02
1677005434
1677005437
