1678350191
-9.964716E-01,-3.267827E-02
1678350193
-9.281854E-01,-3.106522E-02
1678350196
-8.632880E-01,-2.982349E-02
1678350198
-7.915578E-01,-2.857183E-02
1678350201
-7.266981E-01,-2.748336E-02
1678350203
-6.583176E-01,-2.639467E-02
1678350206
-5.864348E-01,-2.526697E-02
1678350209
-5.216377E-01,-2.430646E-02
1678350211
-4.532624E-01,-2.332233E-02
1678350214
-3.883459E-01,-2.244512E-02
1678350216
-3.166969E-01,-2.149715E-02
1678350219
-2.483174E-01,-2.063204E-02
1678350222
-1.834320E-01,-1.985647E-02
1678350224
-1.117446E-01,-1.898821E-02
1678350227
-4.679915E-02,-1.822750E-02
1678350229
+1.828718E-02,-1.744671E-02
1678350232
+8.974390E-02,-1.653398E-02
1678350235
+1.545711E-01,-1.569346E-02
1678350237
+2.230738E-01,-1.472068E-02
1678350240
+2.880027E-01,-1.380078E-02
1678350242
+3.598079E-01,-1.274022E-02
1678350245
+4.280736E-01,-1.164000E-02
1678350248
+4.930393E-01,-1.047619E-02
1678350250
+5.634842E-01,-8.839305E-03
1678350253
+6.290001E-01,-6.076533E-03
1678350255
+6.985835E-01,+1.355925E-03
1678350258
+7.703369E-01,+1.810449E-02
1678350260
+8.355283E-01,+4.166673E-02
1678350263
+9.043786E-01,+7.240622E-02
1678350266
+9.589939E-01,+9.999984E-02
