1676950398
-1.000322E+00,-1.844654E-02
1676950400
-9.423105E-01,-1.843461E-02
1676950403
-8.774429E-01,-1.842478E-02
1676950405
-8.159297E-01,-1.841791E-02
1676950408
-7.511668E-01,-1.840013E-02
1676950411
-6.931216E-01,-1.836981E-02
1676950413
-6.316125E-01,-1.835247E-02
1676950416
-5.666118E-01,-1.833658E-02
1676950418
-5.052048E-01,-1.831312E-02
1676950421
-4.401563E-01,-1.830626E-02
1676950423
-3.821685E-01,-1.829615E-02
1676950426
-3.207923E-01,-1.828542E-02
1676950429
-2.557689E-01,-1.825096E-02
1676950431
-1.977536E-01,-1.824517E-02
1676950434
-1.295069E-01,-1.823034E-02
1676950436
-7.150418E-02,-1.820903E-02
1676950439
-9.941098E-03,-1.817494E-02
1676950442
+5.405870E-02,-1.815551E-02
1676950444
+1.153731E-01,-1.813336E-02
1676950447
+1.802616E-01,-1.810656E-02
1676950449
+2.420139E-01,-1.807771E-02
1676950452
+3.001952E-01,-1.804419E-02
1676950454
+3.649869E-01,-1.797551E-02
1676950457
+4.264239E-01,-1.784959E-02
1676950460
+4.911950E-01,-1.759642E-02
1676950462
+5.493046E-01,-1.698700E-02
1676950465
+6.106884E-01,-1.524078E-02
1676950467
+6.744177E-01,-1.037476E-02
1676950470
1676950473
