1676369338
-9.974617E-01,-1.724260E-02
1676369341
-9.292646E-01,-1.721108E-02
1676369343
-8.643625E-01,-1.717546E-02
1676369346
-7.926193E-01,-1.717426E-02
1676369349
-7.277836E-01,-1.714804E-02
1676369351
-6.594540E-01,-1.712529E-02
1676369354
-5.875275E-01,-1.709271E-02
1676369356
-5.227201E-01,-1.708536E-02
1676369359
-4.543915E-01,-1.704753E-02
1676369361
-3.895601E-01,-1.703190E-02
1676369364
-3.179428E-01,-1.701920E-02
1676369367
-2.494967E-01,-1.700204E-02
1676369369
-1.846344E-01,-1.697890E-02
1676369372
-1.129779E-01,-1.696679E-02
1676369374
-4.805972E-02,-1.685155E-02
1676369377
+1.886588E-02,-1.680230E-02
1676369380
+9.025094E-02,-1.686776E-02
1676369382
+1.550810E-01,-1.686925E-02
1676369385
+2.236081E-01,-1.685766E-02
1676369387
+2.885407E-01,-1.681777E-02
1676369390
+3.602918E-01,-1.676790E-02
1676369393
+4.285812E-01,-1.668431E-02
1676369395
+4.934131E-01,-1.651216E-02
1676369398
+5.651575E-01,-1.599064E-02
1676369400
+6.301252E-01,-1.438786E-02
1676369403
+6.972061E-01,-8.563712E-03
1676369406
+7.706614E-01,+1.135832E-02
1676369408
+8.359282E-01,+4.269606E-02
1676369411
+9.050115E-01,+8.651744E-02
1676369413
+9.222305E-01,+9.999949E-02
