1677011424
-9.982911E-01,-1.833962E-02
1677011427
-9.300839E-01,-1.831461E-02
1677011429
-8.652459E-01,-1.829600E-02
1677011432
-7.934625E-01,-1.828409E-02
1677011434
-7.287176E-01,-1.828597E-02
1677011437
-6.602979E-01,-1.825429E-02
1677011440
-5.883936E-01,-1.825019E-02
1677011442
-5.236781E-01,-1.823015E-02
1677011445
-4.552618E-01,-1.820271E-02
1677011447
-3.903968E-01,-1.820295E-02
1677011450
-3.188203E-01,-1.818872E-02
1677011453
-2.503899E-01,-1.816296E-02
1677011455
-1.855358E-01,-1.814700E-02
1677011458
-1.138976E-01,-1.813493E-02
1677011460
-4.892420E-02,-1.810580E-02
1677011463
+1.926756E-02,-1.808019E-02
1677011466
+9.073193E-02,-1.803944E-02
1677011468
+1.555379E-01,-1.803722E-02
1677011471
+2.240400E-01,-1.800683E-02
1677011473
+2.890529E-01,-1.797033E-02
1677011476
+3.607867E-01,-1.795645E-02
1677011478
+4.290203E-01,-1.788932E-02
1677011481
+4.937828E-01,-1.774537E-02
1677011483
+5.655182E-01,-1.724683E-02
1677011486
+6.304718E-01,-1.561889E-02
1677011489
+6.974940E-01,-9.789922E-03
1677011491
+7.726302E-01,+9.181148E-03
1677011494
+8.360977E-01,+3.332465E-02
1677011496
+9.049867E-01,+6.655781E-02
1677011499
+9.661347E-01,+9.999932E-02
