1684947273
-1.995611E+00,-1.929205E-02
1684947277
-1.968238E+00,-1.931491E-02
1684947281
-1.937561E+00,-1.931490E-02
1684947284
-1.906803E+00,-1.926159E-02
1684947288
-1.876099E+00,-1.923226E-02
1684947291
-1.845371E+00,-1.916509E-02
1684947295
-1.818026E+00,-1.911296E-02
1684947298
-1.787288E+00,-1.905138E-02
1684947302
-1.756682E+00,-1.900438E-02
1684947306
-1.725978E+00,-1.890107E-02
1684947309
-1.695258E+00,-1.885718E-02
1684947313
-1.667926E+00,-1.879415E-02
1684947316
-1.637246E+00,-1.872762E-02
1684947320
-1.606479E+00,-1.866391E-02
1684947324
-1.575712E+00,-1.860654E-02
1684947327
-1.544940E+00,-1.852809E-02
1684947331
-1.517662E+00,-1.849786E-02
1684947334
-1.486913E+00,-1.841979E-02
1684947338
-1.456000E+00,-1.838395E-02
1684947341
-1.425287E+00,-1.831482E-02
1684947345
-1.398013E+00,-1.828251E-02
1684947349
-1.367324E+00,-1.816695E-02
1684947352
-1.336548E+00,-1.813023E-02
1684947356
-1.305900E+00,-1.809545E-02
1684947359
-1.275124E+00,-1.803065E-02
1684947363
-1.247824E+00,-1.797052E-02
1684947367
-1.217037E+00,-1.789770E-02
1684947370
-1.186350E+00,-1.784218E-02
1684947374
-1.155666E+00,-1.781810E-02
1684947377
-1.124824E+00,-1.773967E-02
1684947381
-1.097496E+00,-1.770149E-02
1684947384
-1.066709E+00,-1.766387E-02
1684947388
-1.035979E+00,-1.758236E-02
1684947392
-1.005014E+00,-1.755309E-02
1684947395
-9.743671E-01,-1.747369E-02
1684947399
-9.470508E-01,-1.741715E-02
1684947402
-9.163280E-01,-1.738683E-02
1684947406
-8.855669E-01,-1.731363E-02
1684947410
-8.548926E-01,-1.724026E-02
1684947413
-8.274995E-01,-1.718091E-02
1684947417
-7.968219E-01,-1.714888E-02
1684947420
-7.660775E-01,-1.703586E-02
1684947424
-7.353675E-01,-1.696806E-02
1684947427
-7.046797E-01,-1.691872E-02
1684947431
-6.772928E-01,-1.685456E-02
1684947435
-6.466676E-01,-1.678732E-02
1684947438
-6.158158E-01,-1.673564E-02
1684947442
-5.849414E-01,-1.666524E-02
1684947445
-5.542462E-01,-1.658377E-02
1684947449
-5.269618E-01,-1.651607E-02
1684947453
-4.962867E-01,-1.640019E-02
1684947456
-4.654563E-01,-1.631970E-02
1684947460
-4.346829E-01,-1.621797E-02
1684947463
-4.039328E-01,-1.610216E-02
1684947467
-3.766524E-01,-1.601500E-02
1684947470
-3.460242E-01,-1.589667E-02
1684947474
-3.153441E-01,-1.577551E-02
1684947478
-2.846398E-01,-1.567139E-02
1684947481
-2.572394E-01,-1.552598E-02
1684947485
-2.265444E-01,-1.539134E-02
1684947488
-1.957451E-01,-1.525415E-02
1684947492
-1.649934E-01,-1.506566E-02
1684947496
-1.342376E-01,-1.488126E-02
1684947499
-1.069640E-01,-1.471933E-02
1684947503
-7.620726E-02,-1.447155E-02
1684947506
-4.542720E-02,-1.422611E-02
1684947510
-1.463463E-02,-1.393673E-02
1684947514
+9.856360E-03,-1.368317E-02
1684947517
+4.048827E-02,-1.329390E-02
1684947521
+7.108595E-02,-1.287870E-02
1684947524
+1.016736E-01,-1.230833E-02
1684947528
+1.290079E-01,-1.172685E-02
1684947531
+1.597990E-01,-1.086559E-02
1684947535
+1.891623E-01,-9.924812E-03
1684947539
+2.202596E-01,-8.645892E-03
1684947542
+2.478290E-01,-7.286228E-03
1684947546
+2.788287E-01,-5.566330E-03
1684947549
+3.099992E-01,-3.608470E-03
1684947553
+3.410639E-01,-1.483804E-03
1684947557
1684947560
1684947564
1684947567
1684947571
1684947574
1684947578
1684947582
1684947585
1684947589
1684947592
1684947596
1684947600
1684947603
1684947607
1684947610
1684947614
1684947617
1684947621
1684947625
1684947628
