1677011618
-9.982085E-01,-1.837228E-02
1677011620
-9.299756E-01,-1.832920E-02
1677011623
-8.650725E-01,-1.834925E-02
1677011625
-7.934507E-01,-1.832192E-02
1677011628
-7.286010E-01,-1.831149E-02
1677011631
-6.603220E-01,-1.829480E-02
1677011633
-5.884771E-01,-1.829002E-02
1677011636
-5.236489E-01,-1.827164E-02
1677011638
-4.552618E-01,-1.824322E-02
1677011641
-3.903993E-01,-1.822764E-02
1677011644
-3.187370E-01,-1.821251E-02
1677011646
-2.503132E-01,-1.823058E-02
1677011649
-1.854357E-01,-1.820057E-02
1677011651
-1.137583E-01,-1.818484E-02
1677011654
-4.887917E-02,-1.816921E-02
1677011657
+1.916917E-02,-1.813986E-02
1677011659
+9.060770E-02,-1.811294E-02
1677011662
+1.554479E-01,-1.809353E-02
1677011664
+2.240009E-01,-1.806051E-02
1677011667
+2.889630E-01,-1.803847E-02
1677011669
+3.605932E-01,-1.796469E-02
1677011672
+4.288844E-01,-1.792413E-02
1677011675
+4.937530E-01,-1.779348E-02
1677011677
+5.654727E-01,-1.733489E-02
1677011680
+6.304520E-01,-1.581165E-02
1677011682
+6.974096E-01,-1.015482E-02
1677011685
+7.727885E-01,+1.019817E-02
1677011688
+8.362294E-01,+3.791402E-02
1677011690
+9.052186E-01,+7.731205E-02
1677011693
+9.391533E-01,+9.999934E-02
