1676440371
-1.000222E+00,-1.756361E-02
1676440374
-9.797965E-01,-1.756020E-02
1676440377
-9.627385E-01,-1.754231E-02
1676440379
-9.422737E-01,-1.753070E-02
1676440382
-9.218136E-01,-1.752165E-02
1676440384
-9.012988E-01,-1.751268E-02
1676440387
-8.809071E-01,-1.751646E-02
1676440390
-8.604074E-01,-1.749359E-02
1676440392
-8.398573E-01,-1.747963E-02
1676440395
-8.228603E-01,-1.748809E-02
1676440397
-8.023260E-01,-1.748163E-02
1676440400
-7.819110E-01,-1.747826E-02
1676440403
-7.614879E-01,-1.747028E-02
1676440405
-7.409907E-01,-1.744621E-02
1676440408
-7.205509E-01,-1.743801E-02
1676440410
-7.000754E-01,-1.742918E-02
1676440413
-6.829264E-01,-1.743755E-02
1676440415
-6.624125E-01,-1.743025E-02
1676440418
-6.418332E-01,-1.740592E-02
1676440421
-6.213715E-01,-1.740375E-02
1676440423
-6.008723E-01,-1.740571E-02
1676440426
-5.803257E-01,-1.741039E-02
1676440428
-5.598676E-01,-1.738841E-02
1676440431
-5.428113E-01,-1.739032E-02
1676440434
-5.223773E-01,-1.738206E-02
1676440436
-5.019464E-01,-1.736363E-02
1676440439
-4.813598E-01,-1.734791E-02
1676440441
-4.608892E-01,-1.735457E-02
1676440444
-4.403869E-01,-1.734766E-02
1676440447
-4.198969E-01,-1.735212E-02
1676440449
-4.027697E-01,-1.732663E-02
1676440452
-3.822422E-01,-1.733598E-02
1676440454
-3.617982E-01,-1.731415E-02
1676440457
-3.413784E-01,-1.732302E-02
1676440460
-3.208535E-01,-1.729339E-02
1676440462
-3.003728E-01,-1.731254E-02
1676440465
-2.798863E-01,-1.729103E-02
1676440467
-2.626064E-01,-1.727114E-02
1676440470
-2.421915E-01,-1.727825E-02
1676440473
-2.216866E-01,-1.726924E-02
1676440475
-2.011883E-01,-1.726881E-02
1676440478
-1.807885E-01,-1.725608E-02
1676440480
-1.603020E-01,-1.724916E-02
1676440483
-1.398429E-01,-1.724852E-02
1676440485
-1.228525E-01,-1.724171E-02
1676440488
-1.023617E-01,-1.723805E-02
1676440491
-8.176342E-02,-1.722619E-02
1676440493
-6.130851E-02,-1.721655E-02
1676440496
-4.077439E-02,-1.720671E-02
1676440498
-2.029198E-02,-1.719777E-02
1676440501
+2.605132E-04,-1.718131E-02
1676440504
+1.992617E-02,-1.719850E-02
1676440506
+4.032152E-02,-1.717834E-02
1676440509
+6.058760E-02,-1.715130E-02
1676440511
+8.110469E-02,-1.715486E-02
1676440514
+1.015292E-01,-1.721596E-02
1676440517
+1.185355E-01,-1.720288E-02
1676440519
+1.391184E-01,-1.718340E-02
1676440522
+1.595438E-01,-1.717602E-02
1676440524
+1.800467E-01,-1.715487E-02
1676440527
+2.006531E-01,-1.714685E-02
1676440530
+2.211643E-01,-1.714855E-02
1676440532
+2.417531E-01,-1.712709E-02
1676440535
+2.589095E-01,-1.711155E-02
1676440537
+2.793457E-01,-1.709976E-02
1676440540
+2.998395E-01,-1.707314E-02
1676440542
+3.202699E-01,-1.708840E-02
1676440545
+3.406978E-01,-1.706217E-02
1676440548
+3.612341E-01,-1.703858E-02
1676440550
+3.818204E-01,-1.702289E-02
1676440553
+3.987975E-01,-1.698434E-02
1676440555
+4.193296E-01,-1.697548E-02
1676440558
+4.397717E-01,-1.693244E-02
1676440561
+4.603045E-01,-1.689051E-02
1676440563
+4.807843E-01,-1.683842E-02
1676440566
+5.011847E-01,-1.673817E-02
1676440568
+5.217486E-01,-1.663002E-02
1676440571
+5.387590E-01,-1.647589E-02
1676440574
+5.592811E-01,-1.624421E-02
1676440576
+5.796729E-01,-1.584642E-02
1676440579
+6.001685E-01,-1.533177E-02
1676440581
+6.208431E-01,-1.449474E-02
1676440584
+6.414370E-01,-1.325575E-02
1676440587
+6.618872E-01,-1.151604E-02
1676440589
+6.790327E-01,-9.560237E-03
1676440592
+6.995040E-01,-6.538092E-03
1676440594
+7.201303E-01,-2.649607E-03
1676440597
+7.407635E-01,+2.275557E-03
1676440599
+7.612963E-01,+7.852109E-03
1676440602
+7.817824E-01,+1.416057E-02
1676440605
+8.023987E-01,+2.121238E-02
1676440607
+8.229831E-01,+2.884630E-02
1676440610
+8.400903E-01,+3.562256E-02
1676440612
+8.607534E-01,+4.421308E-02
1676440615
+8.813639E-01,+5.326311E-02
1676440618
+9.020637E-01,+6.273009E-02
1676440620
+9.227400E-01,+7.255194E-02
1676440623
+9.433699E-01,+8.275596E-02
1676440625
+9.642039E-01,+9.337745E-02
1676440628
+9.762273E-01,+9.999871E-02
