1683543837
+5.812664E-04,+3.472842E-08
1683543839
+2.804247E-02,+1.830225E-07
1683543842
+5.213110E-02,+3.160507E-07
1683543844
+7.577100E-02,+5.046205E-07
1683543847
+1.035817E-01,+5.639056E-07
1683543850
+1.279271E-01,+8.085644E-07
1683543852
+1.505571E-01,+1.305070E-06
1683543855
+1.779058E-01,+1.560682E-06
1683543857
+2.021470E-01,+2.427134E-06
1683543860
+2.263241E-01,+3.173082E-06
1683543862
+2.505295E-01,+4.537427E-06
1683543865
+2.776322E-01,+3.789705E-06
1683543867
1683543870
+3.252257E-01,+2.656957E-05
1683543873
+3.507920E-01,+5.356950E-06
1683543875
+3.767922E-01,+4.830723E-06
1683543878
+4.006990E-01,+4.651999E-06
1683543880
+4.281262E-01,+5.771523E-06
1683543883
1683543885
+4.763693E-01,+7.417415E-06
1683543888
+4.959370E-01,+8.091967E-06
1683543891
+5.278210E-01,+8.804088E-06
1683543893
+5.519045E-01,+9.544277E-06
1683543896
+5.793756E-01,+9.989520E-06
1683543898
1683543901
+6.015223E-01,+1.070420E-05
+6.255599E-01,+1.155854E-05
1683543904
+6.529619E-01,+1.221359E-05
1683543906
+6.768612E-01,+1.286888E-05
1683543909
+7.007605E-01,+1.462532E-05
1683543911
+7.282094E-01,+1.581454E-05
1683543914
+7.521280E-01,+1.635249E-05
1683543916
+7.760256E-01,+1.722085E-05
1683543919
+8.033426E-01,+1.855122E-05
1683543922
+7.917222E-01,+2.733528E-05
1683543924
+8.511490E-01,+2.135781E-05
1683543927
+8.785373E-01,+2.166780E-05
1683543929
+9.024795E-01,+2.146571E-05
1683543932
+9.263545E-01,+2.564470E-05
1683543935
+9.537477E-01,+2.543593E-05
1683543937
+9.776079E-01,+2.545267E-05
