1677008529
-9.982966E-01,-1.670015E-02
1677008532
-9.301142E-01,-1.666308E-02
1677008535
-8.652885E-01,-1.659168E-02
1677008537
-7.935221E-01,-1.653549E-02
1677008540
-7.287113E-01,-1.649958E-02
1677008542
-6.604078E-01,-1.644361E-02
1677008545
-5.884692E-01,-1.639139E-02
1677008548
-5.236310E-01,-1.636160E-02
1677008550
-4.552232E-01,-1.633470E-02
1677008553
-3.902981E-01,-1.628793E-02
1677008555
-3.187509E-01,-1.625636E-02
1677008558
-2.503038E-01,-1.622166E-02
1677008561
-1.854406E-01,-1.620962E-02
1677008563
-1.137366E-01,-1.617325E-02
1677008566
-4.878988E-02,-1.615379E-02
1677008568
+1.933425E-02,-1.612589E-02
1677008571
+9.071601E-02,-1.611344E-02
1677008573
+1.555128E-01,-1.608592E-02
1677008576
+2.240784E-01,-1.603372E-02
1677008579
+2.889503E-01,-1.602195E-02
1677008581
+3.607114E-01,-1.596465E-02
1677008584
+4.290101E-01,-1.588053E-02
1677008586
+4.938661E-01,-1.573592E-02
1677008589
+5.655956E-01,-1.514348E-02
1677008592
+6.306518E-01,-1.345716E-02
1677008594
+6.980741E-01,-6.966741E-03
1677008597
+7.710861E-01,+1.302615E-02
1677008599
+8.363749E-01,+4.284811E-02
1677008602
+9.053713E-01,+8.339468E-02
1677008605
+9.284931E-01,+9.999941E-02
