1676998878
-9.970884E-01,-1.726350E-02
1676998881
-9.390923E-01,-1.722007E-02
1676998884
-8.742536E-01,-1.717185E-02
1676998886
-8.127527E-01,-1.712804E-02
1676998889
-7.479666E-01,-1.705804E-02
1676998891
-6.898228E-01,-1.701159E-02
1676998894
-6.284140E-01,-1.700258E-02
1676998897
-5.634159E-01,-1.698714E-02
1676998899
-5.019770E-01,-1.693585E-02
1676998902
-4.370858E-01,-1.691125E-02
1676998904
-3.789990E-01,-1.689220E-02
1676998907
-3.176310E-01,-1.685856E-02
1676998910
-2.526488E-01,-1.683900E-02
1676998912
-1.945694E-01,-1.681093E-02
1676998915
-1.263336E-01,-1.678639E-02
1676998917
-6.828588E-02,-1.677414E-02
1676998920
-6.696862E-03,-1.674831E-02
1676998922
+5.261366E-02,-1.672565E-02
1676998925
+1.139474E-01,-1.667498E-02
1676998928
+1.787229E-01,-1.667066E-02
1676998930
+2.405236E-01,-1.662684E-02
1676998933
+2.985482E-01,-1.659822E-02
1676998935
+3.634371E-01,-1.655132E-02
1676998938
+4.249102E-01,-1.646280E-02
1676998941
+4.897833E-01,-1.631321E-02
1676998943
+5.478395E-01,-1.589119E-02
1676998946
+6.093458E-01,-1.451591E-02
1676998948
+6.730132E-01,-1.005006E-02
1676998951
+7.365217E-01,+1.592537E-03
1676998954
+8.013099E-01,+2.071049E-02
