1675981098
-1.001397E+00,-3.827970E-02
1675981101
-8.986444E-01,-2.184590E-02
1675981104
-7.924633E-01,-5.247720E-03
1675981106
-6.862975E-01,+8.482557E-03
1675981109
-5.800653E-01,+1.580281E-02
1675981111
-4.775887E-01,+1.763260E-02
1675981114
-3.717017E-01,+1.801052E-02
1675981116
-2.658908E-01,+1.809227E-02
1675981119
-1.600256E-01,+1.816265E-02
1675981122
-5.418049E-02,+1.821225E-02
1675981124
+5.146202E-02,+1.824130E-02
1675981127
+1.570566E-01,+1.827885E-02
1675981129
+2.596975E-01,+1.833498E-02
1675981132
+3.654597E-01,+1.835276E-02
1675981135
+4.713362E-01,+1.838987E-02
1675981137
+5.770618E-01,+1.840611E-02
1675981140
+6.796875E-01,+1.842911E-02
1675981142
+7.855408E-01,+1.846044E-02
1675981145
+8.913445E-01,+1.850601E-02
1675981148
+9.971334E-01,+1.852788E-02
