1679727617
-9.981860E-01,-1.591893E-02
1679727620
-9.299114E-01,-1.435517E-02
1679727623
-8.650827E-01,-1.419008E-02
1679727625
-7.932907E-01,-1.353965E-02
1679727628
-7.285186E-01,-1.277174E-02
1679727630
-6.601511E-01,-1.219324E-02
1679727633
-5.882189E-01,-1.162857E-02
1679727636
-5.234945E-01,-1.108216E-02
1679727638
-4.550887E-01,-1.040249E-02
1679727641
-3.923977E-01,-9.791556E-03
1679727643
-3.205590E-01,-9.059946E-03
1679727646
-2.519663E-01,-8.407956E-03
1679727649
-1.869641E-01,-7.792994E-03
1679727651
-1.151571E-01,-7.131510E-03
1679727654
-5.004320E-02,-6.540000E-03
1679727656
+1.965100E-02,-5.948881E-03
1679727659
+9.122997E-02,-5.345322E-03
1679727662
+1.561456E-01,-4.759681E-03
1679727664
+2.247915E-01,-4.155017E-03
1679727667
+2.898199E-01,-3.588815E-03
1679727669
+3.616489E-01,-2.977006E-03
1679727672
+4.300606E-01,-2.393425E-03
1679727674
+4.950290E-01,-1.843533E-03
1679727677
+5.667905E-01,-1.250413E-03
1679727680
+6.307780E-01,-7.339607E-04
1679727682
+7.000536E-01,-1.610074E-04
1679727685
+7.728677E-01,+4.407697E-04
1679727687
+8.385063E-01,+9.752619E-04
1679727690
+9.052300E-01,+1.464003E-03
1679727693
+9.701976E-01,+1.979792E-03
