1676870989
-1.000312E+00,-1.853458E-02
1676870992
-9.797528E-01,-1.853170E-02
1676870994
-9.661775E-01,-1.852441E-02
1676870997
-9.457225E-01,-1.851434E-02
1676870999
-9.321058E-01,-1.850770E-02
1676871002
-9.115793E-01,-1.849395E-02
1676871004
-8.911352E-01,-1.849718E-02
1676871007
-8.774793E-01,-1.848168E-02
1676871010
-8.569309E-01,-1.846869E-02
1676871012
-8.398772E-01,-1.845843E-02
1676871015
-8.228057E-01,-1.842951E-02
1676871017
-8.023276E-01,-1.843533E-02
1676871020
-7.853105E-01,-1.841423E-02
1676871023
-7.682425E-01,-1.841669E-02
1676871025
-7.512330E-01,-1.842135E-02
1676871028
-7.307375E-01,-1.839993E-02
1676871030
-7.102051E-01,-1.839848E-02
1676871033
-6.964350E-01,-1.839509E-02
1676871035
-6.759800E-01,-1.839221E-02
1676871038
-6.622980E-01,-1.838354E-02
1676871041
-6.418348E-01,-1.840347E-02
1676871043
-6.213875E-01,-1.837484E-02
1676871046
-6.077266E-01,-1.836922E-02
1676871048
-5.870844E-01,-1.836894E-02
1676871051
-5.700905E-01,-1.835424E-02
1676871054
-5.530300E-01,-1.836529E-02
1676871056
-5.325504E-01,-1.834779E-02
1676871059
-5.154775E-01,-1.834272E-02
1676871061
-4.950484E-01,-1.833457E-02
1676871064
-4.812308E-01,-1.832186E-02
1676871067
-4.607415E-01,-1.830160E-02
1676871069
-4.402042E-01,-1.831899E-02
1676871072
-4.265631E-01,-1.831433E-02
1676871074
-4.060475E-01,-1.829511E-02
1676871077
-3.924691E-01,-1.830518E-02
1676871080
-3.719718E-01,-1.827848E-02
1676871082
-3.515754E-01,-1.826410E-02
1676871085
-3.379345E-01,-1.827724E-02
1676871087
-3.174371E-01,-1.825733E-02
1676871090
-3.003858E-01,-1.824015E-02
1676871093
-2.798292E-01,-1.824439E-02
1676871095
-2.626413E-01,-1.823737E-02
1676871098
-2.456084E-01,-1.822272E-02
1676871100
-2.251452E-01,-1.822196E-02
1676871103
-2.114200E-01,-1.822912E-02
1676871105
-1.909744E-01,-1.821311E-02
1676871108
-1.704461E-01,-1.820207E-02
1676871111
-1.567885E-01,-1.820384E-02
1676871113
-1.363913E-01,-1.820686E-02
1676871116
-1.227402E-01,-1.818413E-02
1676871118
-1.022587E-01,-1.817442E-02
1676871121
-8.178977E-02,-1.816078E-02
1676871124
-6.464764E-02,-1.817099E-02
1676871126
-4.757306E-02,-1.815074E-02
1676871129
-3.039172E-02,-1.815704E-02
1676871131
-9.909400E-03,-1.814068E-02
1676871134
+9.798891E-03,-1.811853E-02
1676871137
+2.688764E-02,-1.813922E-02
1676871139
+4.377290E-02,-1.811343E-02
1676871142
+6.075157E-02,-1.809992E-02
1676871144
+8.122858E-02,-1.808679E-02
1676871147
+1.016764E-01,-1.809107E-02
1676871150
+1.153493E-01,-1.808807E-02
1676871152
+1.359364E-01,-1.806475E-02
1676871155
+1.494926E-01,-1.806619E-02
1676871157
+1.699946E-01,-1.805838E-02
1676871160
+1.905716E-01,-1.806857E-02
1676871163
+2.042379E-01,-1.805371E-02
1676871165
+2.249301E-01,-1.805153E-02
1676871168
+2.418954E-01,-1.803744E-02
1676871170
+2.590351E-01,-1.801540E-02
1676871173
+2.794527E-01,-1.801638E-02
1676871175
+2.966191E-01,-1.799565E-02
1676871178
+3.169909E-01,-1.799059E-02
1676871181
+3.307699E-01,-1.799054E-02
1676871183
+3.511725E-01,-1.796519E-02
1676871186
+3.716236E-01,-1.795123E-02
1676871188
+3.852032E-01,-1.792691E-02
1676871191
+4.057060E-01,-1.794138E-02
1676871194
+4.193833E-01,-1.789961E-02
1676871196
+4.398721E-01,-1.787677E-02
1676871199
+4.604591E-01,-1.783933E-02
1676871201
+4.740812E-01,-1.781699E-02
1676871204
+4.945565E-01,-1.775037E-02
1676871207
+5.116194E-01,-1.768630E-02
1676871209
+5.321072E-01,-1.755101E-02
1676871212
+5.491560E-01,-1.742016E-02
1676871214
+5.662152E-01,-1.721627E-02
1676871217
+5.867308E-01,-1.684663E-02
1676871220
+6.003304E-01,-1.651496E-02
1676871222
+6.210306E-01,-1.576607E-02
1676871225
+6.415601E-01,-1.465353E-02
1676871227
+6.552466E-01,-1.366005E-02
1676871230
+6.757535E-01,-1.164311E-02
1676871232
+6.894348E-01,-9.927364E-03
1676871235
+7.099349E-01,-6.679558E-03
1676871238
+7.305698E-01,-2.638024E-03
1676871240
+7.476758E-01,+1.474138E-03
1676871243
+7.648822E-01,+5.939831E-03
1676871245
+7.820336E-01,+1.084231E-02
