1683543392
+1.200109E-03,+3.392745E-06
1683543394
+2.809348E-02,+1.597309E-05
1683543397
+5.211211E-02,+2.756656E-05
1683543399
+7.620832E-02,+3.923341E-05
1683543402
+1.036204E-01,+5.306063E-05
1683543404
+1.278634E-01,+6.669916E-05
1683543407
+1.520038E-01,+8.383447E-05
1683543410
+1.779305E-01,+1.083737E-04
1683543412
+2.020335E-01,+1.468515E-04
1683543415
+2.261839E-01,+2.115529E-04
1683543417
+2.502926E-01,+3.206795E-04
1683543420
+2.780433E-01,+5.320924E-04
1683543422
+3.024774E-01,+8.233282E-04
1683543425
+3.250724E-01,+1.165338E-03
1683543428
+3.525160E-01,+1.736180E-03
1683543430
+3.764922E-01,+2.351698E-03
1683543433
+4.004750E-01,+3.071901E-03
1683543435
+4.280006E-01,+4.013334E-03
1683543438
+4.520351E-01,+4.934997E-03
1683543441
+4.761068E-01,+5.952020E-03
1683543443
+5.036442E-01,+7.202466E-03
1683543446
+5.277828E-01,+8.420193E-03
1683543448
+5.518524E-01,+9.725138E-03
1683543451
+5.774771E-01,+1.112546E-02
1683543453
+6.013808E-01,+1.260296E-02
1683543456
+6.255162E-01,+1.419595E-02
1683543459
+6.529390E-01,+1.610672E-02
1683543461
+6.768960E-01,+1.793868E-02
1683543464
+7.007444E-01,+1.984812E-02
1683543466
+7.282910E-01,+2.211449E-02
1683543469
+7.521253E-01,+2.423693E-02
1683543472
+7.760316E-01,+2.643400E-02
1683543474
+8.034334E-01,+2.900030E-02
1683543477
+8.273754E-01,+3.138917E-02
1683543479
+8.513024E-01,+3.382251E-02
1683543482
+8.787253E-01,+3.659390E-02
1683543484
+9.026904E-01,+3.912889E-02
1683543487
+9.265205E-01,+4.165013E-02
1683543490
+9.539002E-01,+4.446056E-02
1683543492
+9.778423E-01,+4.672920E-02
