1679746403
-9.984080E-01,-1.959636E-02
1679746406
-9.301243E-01,-1.945765E-02
1679746408
-8.652733E-01,-1.934518E-02
1679746411
-7.935569E-01,-1.921294E-02
1679746414
-7.287450E-01,-1.910699E-02
1679746416
-6.604563E-01,-1.900571E-02
1679746419
-5.886146E-01,-1.889054E-02
1679746421
-5.237947E-01,-1.880505E-02
1679746424
-4.554500E-01,-1.873289E-02
1679746427
-3.906308E-01,-1.864360E-02
1679746429
-3.188902E-01,-1.856018E-02
1679746432
-2.504838E-01,-1.849589E-02
1679746434
-1.856454E-01,-1.842530E-02
1679746437
-1.139556E-01,-1.835217E-02
1679746440
-4.899294E-02,-1.828366E-02
1679746442
+2.038474E-02,-1.821347E-02
1679746445
+9.176736E-02,-1.812057E-02
1679746447
+1.566435E-01,-1.803040E-02
1679746450
+2.251190E-01,-1.795073E-02
1679746453
+2.900860E-01,-1.785527E-02
1679746455
+3.618523E-01,-1.770974E-02
1679746458
+4.301602E-01,-1.752829E-02
1679746460
+4.950607E-01,-1.721176E-02
1679746463
+5.667400E-01,-1.632374E-02
1679746465
+6.318096E-01,-1.370604E-02
1679746468
+6.992836E-01,-6.184789E-03
1679746471
+7.721707E-01,+1.097732E-02
1679746473
+8.373345E-01,+3.226607E-02
1679746476
+9.060652E-01,+5.881969E-02
1679746478
+9.713801E-01,+8.685461E-02
