1678993663
-9.979625E-01,-1.907352E-02
1678993666
-9.298121E-01,-1.898516E-02
1678993668
-8.649145E-01,-1.891945E-02
1678993671
-7.930920E-01,-1.883931E-02
1678993673
-7.283596E-01,-1.876798E-02
1678993676
-6.600451E-01,-1.869479E-02
1678993679
-5.882133E-01,-1.862752E-02
1678993681
-5.234175E-01,-1.855973E-02
1678993684
-4.549936E-01,-1.850214E-02
1678993686
-3.901285E-01,-1.844803E-02
1678993689
-3.184487E-01,-1.837629E-02
1678993692
-2.500373E-01,-1.831278E-02
1678993694
-1.851889E-01,-1.824527E-02
1678993697
-1.135641E-01,-1.818017E-02
1678993699
-4.858394E-02,-1.813562E-02
1678993702
+2.014240E-02,-1.809852E-02
1678993705
+9.168107E-02,-1.801752E-02
1678993707
+1.564237E-01,-1.795194E-02
1678993710
+2.248967E-01,-1.787265E-02
1678993712
+2.898938E-01,-1.775585E-02
1678993715
+3.616126E-01,-1.764308E-02
1678993718
+4.297887E-01,-1.753432E-02
1678993720
+4.946140E-01,-1.733146E-02
1678993723
+5.663936E-01,-1.663028E-02
1678993725
+6.314349E-01,-1.443937E-02
1678993728
+6.998531E-01,-7.688105E-03
1678993731
+7.718912E-01,+7.658394E-03
1678993733
+8.369707E-01,+2.812039E-02
1678993736
+9.058073E-01,+5.453589E-02
1678993738
+9.712012E-01,+8.366040E-02
