1678329115
-1.000609E+00,-1.811660E-02
1678329118
-9.324772E-01,-1.809146E-02
1678329120
-8.676805E-01,-1.806208E-02
1678329123
-7.959724E-01,-1.803702E-02
1678329125
-7.311748E-01,-1.801612E-02
1678329128
-6.628650E-01,-1.799067E-02
1678329130
-5.909100E-01,-1.795557E-02
1678329133
-5.261810E-01,-1.795933E-02
1678329136
-4.578230E-01,-1.791591E-02
1678329138
-3.929437E-01,-1.789445E-02
1678329141
-3.213314E-01,-1.786890E-02
1678329143
-2.529326E-01,-1.783733E-02
1678329146
-1.880692E-01,-1.780909E-02
1678329149
-1.163961E-01,-1.779792E-02
1678329151
-5.150510E-02,-1.775152E-02
1678329154
+2.027195E-02,-1.771843E-02
1678329156
+9.176788E-02,-1.769571E-02
1678329159
+1.565032E-01,-1.765427E-02
1678329162
+2.250229E-01,-1.761560E-02
1678329164
+2.899542E-01,-1.760058E-02
1678329167
+3.616461E-01,-1.753647E-02
1678329169
+4.299247E-01,-1.744756E-02
1678329172
+4.947919E-01,-1.727869E-02
1678329175
+5.664195E-01,-1.675091E-02
1678329177
+6.315492E-01,-1.507034E-02
1678329180
+6.985479E-01,-9.144399E-03
1678329182
+7.737082E-01,+1.031494E-02
1678329185
+8.371049E-01,+3.556291E-02
1678329187
+9.060925E-01,+7.094234E-02
1678329190
+9.557104E-01,+9.999850E-02
