1688739222
-1.994339E+00,-1.871859E-02
1688739225
-1.966970E+00,-1.878067E-02
1688739229
-1.936233E+00,-1.889807E-02
1688739233
-1.905490E+00,-1.879514E-02
1688739236
-1.874763E+00,-1.866229E-02
1688739240
-1.844108E+00,-1.872477E-02
1688739243
-1.816741E+00,-1.869438E-02
1688739247
-1.786020E+00,-1.858503E-02
1688739250
-1.755341E+00,-1.864483E-02
1688739254
-1.724572E+00,-1.862862E-02
1688739258
-1.693819E+00,-1.843355E-02
1688739261
-1.666526E+00,-1.844471E-02
1688739265
-1.635860E+00,-1.838361E-02
1688739268
-1.605136E+00,-1.827610E-02
1688739272
-1.574461E+00,-1.820841E-02
1688739276
-1.543609E+00,-1.808832E-02
1688739279
-1.516263E+00,-1.817119E-02
1688739283
-1.485570E+00,-1.812047E-02
1688739286
-1.454616E+00,-1.809405E-02
1688739290
-1.423956E+00,-1.793976E-02
1688739294
-1.396659E+00,-1.794594E-02
1688739297
-1.366006E+00,-1.773268E-02
1688739301
-1.335260E+00,-1.779322E-02
1688739304
-1.304451E+00,-1.768646E-02
1688739308
-1.273672E+00,-1.772889E-02
1688739311
-1.246341E+00,-1.769407E-02
1688739315
-1.215657E+00,-1.759814E-02
1688739319
-1.184963E+00,-1.759898E-02
1688739322
-1.154223E+00,-1.749637E-02
1688739326
-1.123325E+00,-1.746252E-02
1688739329
-1.096117E+00,-1.737458E-02
1688739333
-1.065281E+00,-1.732529E-02
1688739337
-1.034436E+00,-1.733866E-02
1688739340
-1.003501E+00,-1.722685E-02
1688739344
-9.729262E-01,-1.722416E-02
1688739347
-9.456110E-01,-1.720404E-02
1688739351
-9.148359E-01,-1.719897E-02
1688739354
-8.840951E-01,-1.729112E-02
1688739358
-8.534023E-01,-1.721931E-02
1688739362
-8.260288E-01,-1.720139E-02
1688739365
-7.952430E-01,-1.714922E-02
1688739369
-7.645624E-01,-1.704736E-02
1688739372
-7.338397E-01,-1.706266E-02
1688739376
-7.031279E-01,-1.699849E-02
1688739380
-6.757318E-01,-1.695719E-02
1688739383
-6.450765E-01,-1.688128E-02
1688739387
-6.142609E-01,-1.686433E-02
1688739390
-5.833889E-01,-1.681801E-02
1688739394
-5.526689E-01,-1.674062E-02
1688739397
-5.254480E-01,-1.667629E-02
1688739401
-4.947220E-01,-1.662534E-02
1688739405
-4.639495E-01,-1.654830E-02
1688739408
-4.331569E-01,-1.650468E-02
1688739412
-4.024243E-01,-1.650322E-02
1688739415
-3.751082E-01,-1.645776E-02
1688739419
-3.445000E-01,-1.628597E-02
1688739423
-3.137241E-01,-1.624987E-02
1688739426
-2.830099E-01,-1.624444E-02
1688739430
-2.555987E-01,-1.609921E-02
1688739433
-2.248245E-01,-1.600966E-02
1688739437
-1.941020E-01,-1.588749E-02
1688739440
-1.633044E-01,-1.579026E-02
1688739444
-1.325727E-01,-1.573514E-02
1688739448
-1.053183E-01,-1.567131E-02
1688739451
-7.453659E-02,-1.562681E-02
1688739455
-4.372817E-02,-1.547168E-02
1688739458
-1.290392E-02,-1.529953E-02
1688739462
+9.960618E-03,-1.521477E-02
1688739466
+4.057918E-02,-1.501376E-02
1688739469
+7.125279E-02,-1.477553E-02
1688739473
+1.018389E-01,-1.461493E-02
1688739476
+1.291698E-01,-1.431326E-02
1688739480
+1.598492E-01,-1.400649E-02
1688739483
+1.906462E-01,-1.359066E-02
1688739487
+2.215116E-01,-1.303459E-02
1688739491
+2.489018E-01,-1.227716E-02
1688739494
+2.796664E-01,-1.123135E-02
1688739498
+3.103924E-01,-9.685284E-03
1688739501
+3.412170E-01,-7.627911E-03
1688739505
+3.719106E-01,-4.951425E-03
1688739509
+3.992189E-01,-2.177717E-03
1688739512
+4.300761E-01,+1.490781E-03
1688739516
+4.609315E-01,+5.434378E-03
1688739519
+4.917779E-01,+9.633474E-03
1688739523
+5.225556E-01,+1.406538E-02
1688739526
+5.499105E-01,+1.820412E-02
1688739530
+5.806835E-01,+2.303172E-02
1688739534
+6.114886E-01,+2.816424E-02
1688739537
+6.424617E-01,+3.363298E-02
1688739541
+6.732053E-01,+3.941218E-02
1688739544
+7.006947E-01,+4.500940E-02
1688739548
+7.315894E-01,+5.159349E-02
1688739552
+7.624797E-01,+5.865496E-02
1688739555
+7.932868E-01,+6.617899E-02
1688739559
+8.241131E-01,+7.420018E-02
1688739562
+8.515815E-01,+8.191301E-02
1688739566
+8.824252E-01,+9.074831E-02
1688739569
+9.125390E-01,+9.996001E-02
1688739573
+9.077829E-01,+1.000005E-01
1688739577
+9.055845E-01,+1.000005E-01
