1679747032
-9.983524E-01,-1.958220E-02
1679747035
-9.301115E-01,-1.938731E-02
1679747037
-8.652056E-01,-1.925857E-02
1679747040
-7.934477E-01,-1.914801E-02
1679747042
-7.286244E-01,-1.904285E-02
1679747045
-6.602088E-01,-1.893383E-02
1679747048
-5.884327E-01,-1.884053E-02
1679747050
-5.236827E-01,-1.873918E-02
1679747053
-4.553296E-01,-1.866005E-02
1679747055
-3.904093E-01,-1.857733E-02
1679747058
-3.188026E-01,-1.850472E-02
1679747061
-2.503719E-01,-1.842199E-02
1679747063
-1.855159E-01,-1.836251E-02
1679747066
-1.138108E-01,-1.828981E-02
1679747068
-4.886296E-02,-1.821317E-02
1679747071
+2.040067E-02,-1.813286E-02
1679747074
+9.180435E-02,-1.806129E-02
1679747076
+1.566390E-01,-1.798978E-02
1679747079
+2.251423E-01,-1.789596E-02
1679747081
+2.899469E-01,-1.776892E-02
1679747084
+3.617476E-01,-1.764327E-02
1679747087
+4.300064E-01,-1.745268E-02
1679747089
+4.948619E-01,-1.716241E-02
1679747092
+5.665777E-01,-1.634376E-02
1679747094
+6.316383E-01,-1.389800E-02
1679747097
+6.991391E-01,-6.545325E-03
1679747099
+7.721149E-01,+1.177535E-02
1679747102
+8.372914E-01,+3.576070E-02
1679747105
+9.060591E-01,+6.645825E-02
1679747107
+9.715371E-01,+9.959934E-02
