1688714093
-1.994510E+00,-5.640062E-04
1688714097
-1.967266E+00,-5.519816E-04
1688714100
-1.936541E+00,-5.387258E-04
1688714104
-1.905713E+00,-5.238728E-04
1688714107
-1.874972E+00,-5.099485E-04
1688714111
-1.844295E+00,-4.965401E-04
1688714115
-1.817037E+00,-4.838018E-04
1688714118
-1.786280E+00,-4.704375E-04
1688714122
-1.755602E+00,-4.566329E-04
1688714125
-1.724793E+00,-4.443975E-04
1688714129
-1.694116E+00,-4.316458E-04
1688714133
-1.666850E+00,-4.202854E-04
1688714136
-1.636153E+00,-4.077474E-04
1688714140
-1.605365E+00,-3.956502E-04
1688714143
-1.574600E+00,-3.837284E-04
1688714147
-1.543840E+00,-3.718136E-04
1688714150
-1.516511E+00,-3.615138E-04
1688714154
-1.485883E+00,-3.502602E-04
1688714158
-1.454938E+00,-3.388912E-04
1688714161
-1.424226E+00,-3.283912E-04
1688714165
-1.396958E+00,-3.190763E-04
1688714168
-1.366267E+00,-3.087889E-04
1688714172
-1.335487E+00,-2.984286E-04
1688714176
-1.304849E+00,-2.880946E-04
1688714179
-1.274123E+00,-2.785324E-04
1688714183
-1.246802E+00,-2.698138E-04
1688714186
-1.216043E+00,-2.604100E-04
1688714190
-1.185341E+00,-2.514571E-04
1688714193
-1.154670E+00,-2.416126E-04
1688714197
-1.123805E+00,-2.327843E-04
1688714201
-1.096532E+00,-2.249542E-04
1688714204
-1.065722E+00,-2.160984E-04
1688714208
-1.035044E+00,-2.076813E-04
1688714211
-1.004048E+00,-1.990577E-04
1688714215
-9.734005E-01,-1.907969E-04
1688714219
-9.459854E-01,-1.834147E-04
1688714222
-9.153506E-01,-1.753628E-04
1688714226
-8.846031E-01,-1.677658E-04
1688714229
-8.537781E-01,-1.600055E-04
1688714233
-8.264868E-01,-1.531420E-04
1688714236
-7.957786E-01,-1.457573E-04
1688714240
-7.651297E-01,-1.382862E-04
1688714244
-7.344440E-01,-1.309833E-04
1688714247
-7.037005E-01,-1.240239E-04
1688714251
-6.763258E-01,-1.177671E-04
1688714254
-6.455957E-01,-1.110016E-04
1688714258
-6.148578E-01,-1.043850E-04
1688714262
-5.840193E-01,-9.796390E-05
1688714265
-5.532918E-01,-9.149574E-05
1688714269
-5.259889E-01,-8.597702E-05
1688714272
-4.952806E-01,-7.972652E-05
1688714276
-4.644804E-01,-7.366322E-05
1688714279
-4.336918E-01,-6.776630E-05
1688714283
-4.030409E-01,-6.210122E-05
1688714287
-3.756656E-01,-5.715377E-05
1688714290
-3.449881E-01,-5.165967E-05
1688714294
-3.143114E-01,-4.638781E-05
1688714297
-2.835722E-01,-4.127191E-05
1688714301
-2.561792E-01,-3.669056E-05
1688714305
-2.254835E-01,-3.175772E-05
1688714308
-1.946851E-01,-2.700959E-05
1688714312
-1.639233E-01,-2.240990E-05
1688714315
-1.332050E-01,-1.794699E-05
1688714319
-1.058655E-01,-1.411079E-05
1688714322
-7.513049E-02,-9.949355E-06
1688714326
-4.433707E-02,-5.882984E-06
1688714330
-1.354700E-02,-1.890421E-06
1688714333
+9.881386E-03,+1.165794E-06
1688714337
+4.053165E-02,+5.207999E-06
1688714340
+7.111520E-02,+9.467014E-06
1688714344
+1.016846E-01,+1.431224E-05
1688714348
+1.290873E-01,+1.958733E-05
1688714351
+1.597959E-01,+2.835801E-05
1688714355
+1.906479E-01,+4.419494E-05
1688714358
+2.213724E-01,+7.647755E-05
1688714362
+2.488501E-01,+1.335470E-04
1688714366
+2.795588E-01,+2.569425E-04
1688714369
+3.102966E-01,+4.866711E-04
1688714373
+3.411770E-01,+8.787881E-04
1688714376
+3.718405E-01,+1.490429E-03
1688714380
+3.990939E-01,+2.268585E-03
1688714383
+4.299009E-01,+3.451887E-03
1688714387
+4.606562E-01,+5.003090E-03
1688714391
+4.914249E-01,+6.964029E-03
1688714394
+5.222218E-01,+9.366918E-03
1688714398
+5.495343E-01,+1.192535E-02
1688714401
+5.802478E-01,+1.519905E-02
1688714405
+6.110781E-01,+1.900242E-02
1688714409
+6.420546E-01,+2.335285E-02
1688714412
+6.728458E-01,+2.823875E-02
1688714416
+7.003344E-01,+3.316227E-02
1688714419
+7.312812E-01,+3.911242E-02
1688714423
+7.620324E-01,+4.565833E-02
1688714426
+7.929217E-01,+5.282801E-02
1688714430
+8.237389E-01,+6.055810E-02
1688714434
+8.511788E-01,+6.808604E-02
1688714437
+8.819890E-01,+7.690195E-02
1688714441
+9.128725E-01,+8.633737E-02
1688714444
+9.436774E-01,+9.640072E-02
1688714448
+9.505360E-01,+1.000000E-01
