1679729485
-9.992495E-01,-5.988766E-02
1679729487
-9.307337E-01,-4.572145E-02
1679729490
-8.657107E-01,-3.803545E-02
1679729492
-7.938635E-01,-3.383548E-02
1679729495
-7.290519E-01,-3.038989E-02
1679729497
-6.605983E-01,-2.784806E-02
1679729500
-5.886790E-01,-2.435755E-02
1679729503
-5.237910E-01,-2.126330E-02
1679729505
-4.553719E-01,-1.825615E-02
1679729508
-3.904557E-01,-1.549470E-02
1679729510
-3.187855E-01,-1.253592E-02
1679729513
-2.525582E-01,-1.005140E-02
1679729516
-1.870157E-01,-7.412958E-03
1679729518
-1.147175E-01,-4.450370E-03
1679729521
-4.908069E-02,-1.757045E-03
1679729523
+2.099948E-02,+1.341680E-03
1679729526
+9.290779E-02,+4.553291E-03
1679729529
+1.584281E-01,+8.088872E-03
1679729531
+2.256771E-01,+1.996003E-02
1679729534
+2.906978E-01,+2.523920E-02
1679729536
+3.625794E-01,+3.178361E-02
1679729539
+4.310011E-01,+4.004096E-02
1679729542
+4.960067E-01,+5.050398E-02
1679729544
+5.677623E-01,+5.110190E-02
1679729547
+6.330842E-01,+7.173191E-02
1679729549
+7.010120E-01,+5.029118E-02
1679729552
+7.727552E-01,+5.028663E-02
1679729555
+8.377459E-01,+6.337002E-02
1679729557
+9.059149E-01,+5.239659E-02
1679729560
+9.681132E-01,+8.388776E-02
