1675981595
-1.000916E+00,-1.781563E-02
1675981597
-8.982307E-01,-9.626726E-03
1675981600
-7.922551E-01,-2.435459E-03
1675981603
-6.863538E-01,+4.452653E-03
1675981605
-5.801113E-01,+1.054297E-02
1675981608
-4.776229E-01,+1.512935E-02
1675981610
-3.717159E-01,+1.731891E-02
1675981613
-2.658705E-01,+1.781563E-02
1675981616
-1.599342E-01,+1.793881E-02
1675981618
-5.409885E-02,+1.798425E-02
1675981621
+5.145712E-02,+1.803845E-02
1675981623
+1.570928E-01,+1.809273E-02
1675981626
+2.597480E-01,+1.810764E-02
1675981629
+3.656330E-01,+1.814205E-02
1675981631
+4.714588E-01,+1.815697E-02
1675981634
+5.772712E-01,+1.819367E-02
1675981636
+6.797931E-01,+1.821722E-02
1675981639
+7.856153E-01,+1.825094E-02
1675981642
+8.913837E-01,+1.825636E-02
1675981644
+9.971679E-01,+1.829743E-02
