1691050424
-1.388954E-01,-1.000015E-01
1691050428
-1.352823E-01,-1.000015E-01
1691050431
-1.298777E-01,-1.000015E-01
1691050435
-1.259870E-01,-1.000015E-01
1691050439
-1.252830E-01,-1.000015E-01
1691050442
-1.247734E-01,-1.000015E-01
1691050446
-1.245949E-01,-1.000015E-01
1691050449
-1.232154E-01,-1.000015E-01
1691050453
-1.203104E-01,-1.000016E-01
1691050457
-1.173613E-01,-1.000016E-01
1691050460
-1.170869E-01,-1.000016E-01
1691050464
-1.166498E-01,-1.000016E-01
1691050467
-1.155088E-01,-1.000015E-01
1691050471
-1.155864E-01,-1.000016E-01
1691050474
-1.152953E-01,-1.000015E-01
1691050478
-1.164371E-01,-1.000015E-01
1691050482
-1.152152E-01,-1.000015E-01
1691050485
-1.147115E-01,-1.000016E-01
1691050489
-1.135321E-01,-1.000016E-01
1691050492
-1.130709E-01,-1.000016E-01
1691050496
-1.134112E-01,-1.000016E-01
1691050500
-1.119400E-01,-1.000016E-01
1691050503
-1.116739E-01,-1.000015E-01
1691050507
-1.119683E-01,-1.000016E-01
1691050510
-1.120258E-01,-1.000016E-01
1691050514
-1.119991E-01,-1.000016E-01
1691050517
-1.130759E-01,-1.000016E-01
1691050521
-1.127248E-01,-1.000016E-01
1691050525
-1.125721E-01,-1.000016E-01
1691050528
-1.118890E-01,-1.000016E-01
1691050532
-1.106813E-01,-1.000016E-01
1691050535
-1.094620E-01,-1.000017E-01
1691050539
-1.092326E-01,-1.000017E-01
1691050542
-1.089465E-01,-1.000017E-01
1691050546
-1.087747E-01,-1.000016E-01
1691050549
-1.083235E-01,-1.000016E-01
1691050553
-1.080574E-01,-1.000016E-01
1691050557
-1.077104E-01,-1.000016E-01
1691050560
-1.070441E-01,-1.000016E-01
1691050564
-1.067530E-01,-1.000016E-01
1691050567
-1.067187E-01,-1.000016E-01
1691050571
-1.064886E-01,-1.000016E-01
1691050574
-1.061733E-01,-1.000017E-01
1691050578
-1.060524E-01,-1.000016E-01
1691050582
-1.059923E-01,-1.000016E-01
1691050585
-1.058797E-01,-1.000016E-01
1691050589
-1.058472E-01,-1.000016E-01
1691050592
-1.058705E-01,-1.000016E-01
1691050596
-1.057671E-01,-1.000016E-01
1691050600
-1.056412E-01,-1.000016E-01
1691050603
-1.056095E-01,-1.000017E-01
1691050607
-1.055453E-01,-1.000017E-01
1691050610
-1.054885E-01,-1.000016E-01
1691050614
-1.053668E-01,-1.000017E-01
1691050618
-1.052900E-01,-1.000017E-01
1691050621
-1.052191E-01,-1.000017E-01
1691050625
-1.052149E-01,-1.000017E-01
1691050628
-1.051332E-01,-1.000016E-01
1691050632
-1.050782E-01,-1.000017E-01
1691050635
-1.050139E-01,-1.000017E-01
1691050639
-1.050064E-01,-1.000016E-01
1691050643
-1.049530E-01,-1.000016E-01
1691050646
-1.049330E-01,-1.000017E-01
1691050650
-1.049347E-01,-1.000016E-01
1691050653
-7.942898E-02,-7.404118E-02
1691050657
-4.800747E-02,-4.207499E-02
1691050661
1691050664
1691050668
1691050671
1691050675
1691050678
-1.659512E-02,-1.004672E-02
+1.117060E-02,+1.921927E-02
1691050682
+7.356795E-02,+8.345939E-02
+8.968166E-02,+9.999958E-02
+8.962577E-02,+9.999952E-02
1691050686
+8.953318E-02,+9.999951E-02
1691050689
+8.948731E-02,+9.999952E-02
1691050693
+8.945809E-02,+9.999949E-02
1691050696
+8.942389E-02,+9.999950E-02
1691050700
+8.938469E-02,+9.999949E-02
1691050704
+8.934135E-02,+9.999949E-02
1691050707
+8.936723E-02,+9.999949E-02
1691050711
+8.936888E-02,+9.999947E-02
1691050714
+8.927130E-02,+9.999949E-02
1691050718
+8.922043E-02,+9.999949E-02
1691050721
+8.920206E-02,+9.999947E-02
1691050725
+8.917702E-02,+9.999947E-02
1691050729
+8.913534E-02,+9.999945E-02
1691050732
+8.910194E-02,+9.999943E-02
1691050736
+8.908526E-02,+9.999946E-02
1691050739
+8.905190E-02,+9.999941E-02
1691050743
+8.903937E-02,+9.999943E-02
1691050747
+8.904608E-02,+9.999946E-02
1691050750
+8.901271E-02,+9.999946E-02
1691050754
+8.901105E-02,+9.999944E-02
1691050757
+8.899352E-02,+9.999947E-02
1691050761
+8.898186E-02,+9.999945E-02
1691050764
+8.895684E-02,+9.999949E-02
1691050768
+8.894762E-02,+9.999943E-02
1691050772
+8.886843E-02,+9.999948E-02
1691050775
+8.883008E-02,+9.999944E-02
1691050779
+8.883591E-02,+9.999942E-02
