1677006957
-9.984818E-01,-1.826220E-02
1677006960
-9.302399E-01,-1.824419E-02
1677006962
-8.653064E-01,-1.822174E-02
1677006965
-7.935942E-01,-1.821901E-02
1677006967
-7.287717E-01,-1.819317E-02
1677006970
-6.604350E-01,-1.816840E-02
1677006972
-5.886183E-01,-1.815347E-02
1677006975
-5.237693E-01,-1.815310E-02
1677006978
-4.554148E-01,-1.813827E-02
1677006980
-3.905391E-01,-1.812550E-02
1677006983
-3.188935E-01,-1.810126E-02
1677006985
-2.504865E-01,-1.808134E-02
1677006988
-1.856632E-01,-1.806435E-02
1677006991
-1.139726E-01,-1.803663E-02
1677006993
-4.897087E-02,-1.802120E-02
1677006996
+1.913660E-02,-1.798618E-02
1677006998
+9.060342E-02,-1.796769E-02
1677007001
+1.554703E-01,-1.793735E-02
1677007004
+2.239574E-01,-1.791133E-02
1677007006
+2.888834E-01,-1.787038E-02
1677007009
+3.605596E-01,-1.781346E-02
1677007011
+4.289090E-01,-1.771784E-02
1677007014
+4.938126E-01,-1.748346E-02
1677007017
+5.654821E-01,-1.684791E-02
1677007019
+6.305834E-01,-1.490240E-02
1677007022
+6.977452E-01,-8.364645E-03
1677007024
+7.710460E-01,+1.124997E-02
1677007027
+8.363064E-01,+3.929663E-02
1677007029
+9.052879E-01,+7.660110E-02
1677007032
+9.427667E-01,+9.999938E-02
