1677008134
-9.983791E-01,-1.674355E-02
1677008136
-9.301322E-01,-1.671974E-02
1677008139
-8.651940E-01,-1.670329E-02
1677008141
-7.935058E-01,-1.669675E-02
1677008144
-7.287301E-01,-1.668104E-02
1677008147
-6.603816E-01,-1.666398E-02
1677008149
-5.884950E-01,-1.665530E-02
1677008152
-5.237135E-01,-1.664330E-02
1677008154
-4.553407E-01,-1.663043E-02
1677008157
-3.904572E-01,-1.661492E-02
1677008160
-3.188017E-01,-1.658757E-02
1677008162
-2.504247E-01,-1.656514E-02
1677008165
-1.855348E-01,-1.655678E-02
1677008167
-1.138858E-01,-1.652162E-02
1677008170
-4.893083E-02,-1.651514E-02
1677008173
+1.922334E-02,-1.648357E-02
1677008175
+9.071514E-02,-1.646148E-02
1677008178
+1.555803E-01,-1.643880E-02
1677008180
+2.240441E-01,-1.641477E-02
1677008183
+2.889827E-01,-1.638641E-02
1677008185
+3.606920E-01,-1.634493E-02
1677008188
+4.289732E-01,-1.628794E-02
1677008191
+4.938401E-01,-1.614265E-02
1677008193
+5.654912E-01,-1.568309E-02
1677008196
+6.305115E-01,-1.417206E-02
1677008198
+6.976417E-01,-8.706857E-03
1677008201
1677008204
1677008206
1677008209
