1678324483
-5.841157E-02,-1.000027E-01
1678324486
-5.834318E-02,-1.000027E-01
1678324488
-5.802876E-02,-1.000027E-01
1678324491
-5.808713E-02,-1.000027E-01
1678324494
-5.804125E-02,-1.000027E-01
1678324496
-5.791865E-02,-1.000027E-01
1678324499
-5.779355E-02,-1.000027E-01
1678324501
-5.805878E-02,-1.000028E-01
1678324504
-5.785863E-02,-1.000028E-01
1678324507
-5.807878E-02,-1.000027E-01
1678324509
-5.807962E-02,-1.000027E-01
1678324512
-5.821807E-02,-1.000028E-01
1678324514
-5.819222E-02,-1.000027E-01
1678324517
-5.793701E-02,-1.000027E-01
1678324520
-5.281958E-02,-8.991037E-02
1678324522
+2.140030E-02,+5.608791E-02
1678324525
+4.400617E-02,+9.999851E-02
1678324527
+4.385523E-02,+9.999851E-02
1678324530
+4.422883E-02,+9.999853E-02
1678324532
+4.399367E-02,+9.999857E-02
1678324535
+4.409124E-02,+9.999854E-02
1678324538
+4.403536E-02,+9.999851E-02
1678324540
+4.419630E-02,+9.999850E-02
1678324543
+4.431054E-02,+9.999854E-02
1678324545
+4.463244E-02,+9.999847E-02
1678324548
+4.462827E-02,+9.999850E-02
1678324551
+4.439059E-02,+9.999850E-02
1678324553
+4.434055E-02,+9.999849E-02
1678324556
+4.423882E-02,+9.999852E-02
1678324558
+4.462410E-02,+9.999855E-02
