1684949252
-1.997120E+00,-9.375757E-04
1684949255
-1.969863E+00,-8.934763E-04
1684949259
-1.939146E+00,-8.602059E-04
1684949262
-1.908371E+00,-8.270571E-04
1684949266
-1.877573E+00,-8.006091E-04
1684949270
-1.846964E+00,-7.716992E-04
1684949273
-1.819601E+00,-7.478187E-04
1684949277
-1.788899E+00,-7.221169E-04
1684949280
-1.758259E+00,-6.996397E-04
1684949284
-1.727493E+00,-6.747063E-04
1684949288
-1.696759E+00,-6.539387E-04
1684949291
-1.669441E+00,-6.371076E-04
1684949295
-1.638770E+00,-6.151330E-04
1684949298
-1.607994E+00,-5.943414E-04
1684949302
-1.577234E+00,-5.756505E-04
1684949305
-1.546383E+00,-5.577728E-04
1684949309
-1.519102E+00,-5.407909E-04
1684949313
-1.488426E+00,-5.235836E-04
1684949316
-1.457510E+00,-5.057082E-04
1684949320
-1.426821E+00,-4.896167E-04
1684949323
-1.399547E+00,-4.747419E-04
1684949327
-1.368813E+00,-4.579005E-04
1684949331
-1.338011E+00,-4.427313E-04
1684949334
-1.307316E+00,-4.263758E-04
1684949338
-1.276570E+00,-4.120827E-04
1684949341
-1.249231E+00,-3.964397E-04
1684949345
-1.218539E+00,-3.813177E-04
1684949348
-1.187844E+00,-3.673660E-04
1684949352
-1.157063E+00,-3.538325E-04
1684949356
-1.126246E+00,-3.399718E-04
1684949359
-1.098936E+00,-3.280858E-04
1684949363
-1.068130E+00,-3.151181E-04
1684949366
-1.037450E+00,-3.023702E-04
1684949370
-1.006477E+00,-2.906922E-04
1684949374
-9.757805E-01,-2.776136E-04
1684949377
-9.484929E-01,-2.670394E-04
1684949381
-9.178163E-01,-2.546405E-04
1684949384
-8.869830E-01,-2.422483E-04
1684949388
-8.563097E-01,-2.310027E-04
1684949391
-8.289727E-01,-2.213604E-04
1684949395
-7.982260E-01,-2.106564E-04
1684949399
-7.675534E-01,-1.997815E-04
1684949402
-7.368835E-01,-1.897051E-04
1684949406
-7.061744E-01,-1.797200E-04
1684949409
-6.788130E-01,-1.709441E-04
1684949413
-6.480690E-01,-1.612059E-04
1684949417
-6.172189E-01,-1.514998E-04
1684949420
-5.863606E-01,-1.422978E-04
1684949424
-5.556449E-01,-1.331195E-04
1684949427
-5.284045E-01,-1.249257E-04
1684949431
-4.977197E-01,-1.162779E-04
1684949434
-4.668714E-01,-1.078323E-04
1684949438
-4.361330E-01,-9.948457E-05
1684949442
-4.054030E-01,-9.125283E-05
1684949445
-3.780851E-01,-8.426865E-05
1684949449
-3.474394E-01,-7.652352E-05
1684949452
-3.167387E-01,-6.866414E-05
1684949456
-2.860122E-01,-6.119255E-05
1684949460
-2.585032E-01,-5.476665E-05
1684949463
-2.277975E-01,-4.769576E-05
1684949467
-1.971684E-01,-4.075578E-05
1684949470
-1.664452E-01,-3.391421E-05
1684949474
-1.357177E-01,-2.727819E-05
1684949478
-1.084049E-01,-2.155534E-05
1684949481
-7.772661E-02,-1.520203E-05
1684949485
-4.691491E-02,-8.957137E-06
1684949488
-1.606068E-02,-2.677632E-06
1684949492
+1.058809E-02,+2.966009E-06
1684949495
+4.122829E-02,+9.809834E-06
1684949499
+7.181763E-02,+1.753129E-05
1684949503
+1.023511E-01,+2.737739E-05
1684949506
+1.296871E-01,+4.005483E-05
1684949510
+1.603956E-01,+6.366029E-05
1684949513
+1.912469E-01,+1.096180E-04
1684949517
+2.220622E-01,+2.011250E-04
1684949521
+2.494399E-01,+3.527920E-04
1684949524
+2.800952E-01,+6.523136E-04
1684949528
+3.108729E-01,+1.147002E-03
1684949531
+3.416658E-01,+1.881532E-03
1684949535
+3.724453E-01,+2.892607E-03
1684949538
+3.996527E-01,+4.041111E-03
1684949542
+4.304848E-01,+5.617581E-03
1684949546
+4.613310E-01,+7.522774E-03
1684949549
+4.920979E-01,+9.744596E-03
1684949553
+5.228273E-01,+1.229166E-02
1684949556
+5.502142E-01,+1.486543E-02
1684949560
+5.809987E-01,+1.800965E-02
1684949564
+6.118065E-01,+2.149529E-02
1684949567
+6.427693E-01,+2.532625E-02
1684949571
+6.735447E-01,+2.944493E-02
1684949574
+7.008700E-01,+3.339696E-02
1684949578
+7.318012E-01,+3.801571E-02
1684949581
+7.626455E-01,+4.287432E-02
1684949585
+7.934069E-01,+4.789839E-02
1684949589
+8.241547E-01,+5.321652E-02
1684949592
+8.515307E-01,+5.820015E-02
1684949596
+8.823443E-01,+6.386313E-02
1684949599
+9.131146E-01,+6.968887E-02
1684949603
+9.438998E-01,+7.564146E-02
1684949607
+9.713948E-01,+8.103152E-02
