1682913450
-1.998361E+00,-1.155029E-03
1682913453
-1.971114E+00,-1.837619E-02
1682913456
-1.940397E+00,-1.918635E-02
1682913458
-1.909657E+00,-1.946939E-02
1682913461
-1.878859E+00,-1.962043E-02
1682913463
-1.848236E+00,-1.972404E-02
1682913466
-1.820924E+00,-1.978908E-02
1682913468
-1.790144E+00,-1.976354E-02
1682913471
-1.759453E+00,-1.972915E-02
1682913474
-1.728760E+00,-1.968927E-02
1682913476
-1.697932E+00,-1.959641E-02
1682913479
-1.670741E+00,-1.949747E-02
1682913481
-1.640012E+00,-1.938026E-02
1682913484
-1.609261E+00,-1.927194E-02
1682913487
-1.578473E+00,-1.919257E-02
1682913489
-1.547673E+00,-1.907703E-02
1682913492
-1.520400E+00,-1.894222E-02
1682913494
-1.489661E+00,-1.884767E-02
1682913497
-1.458794E+00,-1.876647E-02
1682913500
-1.427994E+00,-1.868733E-02
1682913502
-1.400786E+00,-1.857416E-02
1682913505
-1.370046E+00,-1.848088E-02
1682913507
-1.339294E+00,-1.839992E-02
1682913510
-1.308534E+00,-1.836685E-02
1682913513
-1.277865E+00,-1.827960E-02
1682913515
-1.250541E+00,-1.820973E-02
1682913518
-1.219721E+00,-1.822082E-02
1682913520
-1.189012E+00,-1.815799E-02
1682913523
-1.158297E+00,-1.810265E-02
1682913525
-1.127525E+00,-1.804528E-02
1682913528
-1.100182E+00,-1.801231E-02
1682913531
-1.069383E+00,-1.796160E-02
1682913533
-1.038672E+00,-1.795526E-02
1682913536
-1.007682E+00,-1.792186E-02
1682913538
-9.770165E-01,-1.789863E-02
1682913541
-9.497275E-01,-1.787541E-02
1682913544
-9.190640E-01,-1.785188E-02
1682913546
-8.883791E-01,-1.785480E-02
1682913549
-8.576409E-01,-1.780681E-02
1682913551
-8.303127E-01,-1.779978E-02
1682913554
-7.995194E-01,-1.776459E-02
1682913557
-7.687643E-01,-1.779518E-02
1682913559
-7.380977E-01,-1.775432E-02
1682913562
-7.074159E-01,-1.774915E-02
1682913564
-6.800554E-01,-1.768689E-02
1682913567
-6.493928E-01,-1.771645E-02
1682913569
-6.185994E-01,-1.769236E-02
1682913572
-5.877759E-01,-1.768111E-02
1682913575
-5.571107E-01,-1.764709E-02
1682913577
-5.297919E-01,-1.766482E-02
1682913580
-4.991203E-01,-1.765128E-02
1682913582
-4.682659E-01,-1.763160E-02
1682913585
-4.375675E-01,-1.760546E-02
1682913588
-4.068024E-01,-1.760961E-02
1682913590
-3.793918E-01,-1.760781E-02
1682913593
-3.486951E-01,-1.756246E-02
1682913595
-3.180226E-01,-1.753343E-02
1682913598
-2.873025E-01,-1.755231E-02
1682913601
-2.598735E-01,-1.751730E-02
1682913603
-2.290826E-01,-1.752866E-02
1682913606
-1.984468E-01,-1.750473E-02
1682913608
-1.676675E-01,-1.749046E-02
1682913611
-1.368966E-01,-1.746658E-02
1682913613
-1.096636E-01,-1.748857E-02
1682913616
-7.887263E-02,-1.747332E-02
1682913619
-4.804996E-02,-1.745563E-02
1682913621
-1.724983E-02,-1.745664E-02
1682913624
+1.236481E-02,-1.742253E-02
1682913626
+4.301181E-02,-1.738580E-02
1682913629
+7.365213E-02,-1.740396E-02
1682913632
+1.042658E-01,-1.737291E-02
1682913634
+1.316553E-01,-1.736609E-02
1682913637
+1.623491E-01,-1.735378E-02
1682913639
+1.931695E-01,-1.732233E-02
1682913642
+2.239566E-01,-1.730133E-02
1682913645
+2.513770E-01,-1.728006E-02
1682913647
+2.820474E-01,-1.726072E-02
1682913650
+3.127703E-01,-1.721225E-02
1682913652
+3.435407E-01,-1.715978E-02
1682913655
+3.742252E-01,-1.711430E-02
1682913657
+4.015147E-01,-1.702021E-02
1682913660
+4.323077E-01,-1.684831E-02
1682913662
+4.630447E-01,-1.663291E-02
1682913665
+4.937635E-01,-1.636579E-02
1682913668
+5.245163E-01,-1.594439E-02
1682913670
+5.517600E-01,-1.538101E-02
1682913673
+5.824813E-01,-1.431921E-02
1682913675
+6.131956E-01,-1.267303E-02
1682913678
+6.441756E-01,-1.030153E-02
1682913680
+6.739252E-01,-7.429394E-03
1682913683
+7.018010E-01,-3.927516E-03
1682913686
1682913688
1682913691
1682913693
1682913696
1682913699
1682913701
+7.347765E-01,+8.761427E-04
+7.649662E-01,+5.868049E-03
1682913703
+7.947418E-01,+1.103184E-02
+8.255616E-01,+1.676855E-02
+8.529060E-01,+2.203273E-02
1682913706
+8.837500E-01,+2.809677E-02
+9.145663E-01,+3.433394E-02
