1678340672
-9.962596E-01,-3.431150E-02
1678340674
-9.279946E-01,-3.266863E-02
1678340677
-8.630517E-01,-3.101143E-02
1678340680
-7.912277E-01,-2.948755E-02
1678340682
-7.264516E-01,-2.833655E-02
1678340685
-6.580056E-01,-2.717904E-02
1678340687
-5.861124E-01,-2.600713E-02
1678340690
-5.213113E-01,-2.500803E-02
1678340693
-4.529153E-01,-2.397269E-02
1678340695
-3.880375E-01,-2.304712E-02
1678340698
-3.164429E-01,-2.206089E-02
1678340700
-2.479618E-01,-2.115946E-02
1678340703
-1.830639E-01,-2.028617E-02
1678340706
-1.113533E-01,-1.938342E-02
1678340708
-4.635456E-02,-1.857462E-02
1678340711
+1.813204E-02,-1.776875E-02
1678340713
+8.959123E-02,-1.680704E-02
1678340716
+1.544060E-01,-1.590629E-02
1678340719
+2.229295E-01,-1.491876E-02
1678340721
+2.879162E-01,-1.391380E-02
1678340724
+3.596380E-01,-1.271734E-02
1678340726
+4.278905E-01,-1.152810E-02
1678340729
+4.927646E-01,-1.024933E-02
1678340731
+5.633122E-01,-8.471482E-03
1678340734
+6.287451E-01,-5.607885E-03
1678340737
+6.983435E-01,+2.222401E-03
1678340739
+7.699679E-01,+2.084816E-02
1678340742
+8.352746E-01,+4.813661E-02
1678340744
+9.042043E-01,+8.414313E-02
1678340747
+9.285622E-01,+9.999984E-02
