1677010359
-9.982901E-01,-1.631470E-02
1677010361
-9.301199E-01,-1.630257E-02
1677010364
-8.652230E-01,-1.628952E-02
1677010367
-7.935382E-01,-1.626735E-02
1677010369
-7.286908E-01,-1.625808E-02
1677010372
-6.603112E-01,-1.624287E-02
1677010374
-5.884637E-01,-1.621876E-02
1677010377
-5.236348E-01,-1.621244E-02
1677010380
-4.552841E-01,-1.618400E-02
1677010382
-3.904035E-01,-1.618451E-02
1677010385
-3.187319E-01,-1.616145E-02
1677010387
-2.503364E-01,-1.613943E-02
1677010390
-1.855024E-01,-1.612875E-02
1677010392
-1.138826E-01,-1.609394E-02
1677010395
-4.894419E-02,-1.607214E-02
1677010398
+1.927506E-02,-1.605676E-02
1677010400
+9.065685E-02,-1.601827E-02
1677010403
+1.554170E-01,-1.598165E-02
1677010405
+2.239616E-01,-1.598791E-02
1677010408
+2.888769E-01,-1.597317E-02
1677010411
+3.605613E-01,-1.589402E-02
1677010413
+4.288667E-01,-1.576313E-02
1677010416
+4.937603E-01,-1.536237E-02
1677010418
+5.655048E-01,-1.407399E-02
1677010421
+6.304667E-01,-1.090371E-02
1677010424
+6.981883E-01,-5.009101E-03
1677010426
+7.715517E-01,+4.073398E-03
1677010429
+8.357687E-01,+1.472044E-02
1677010431
+9.042559E-01,+2.625187E-02
1677010434
+9.693996E-01,+3.655253E-02
