1676554525
-9.946443E-01,-1.671012E-02
1676554527
-9.264143E-01,-1.668565E-02
1676554530
-8.615105E-01,-1.666598E-02
1676554533
-7.898319E-01,-1.663844E-02
1676554535
-7.250654E-01,-1.660807E-02
1676554538
-6.567099E-01,-1.657764E-02
1676554540
-5.848582E-01,-1.655997E-02
1676554543
-5.199874E-01,-1.653480E-02
1676554546
-4.515978E-01,-1.651034E-02
1676554548
-3.867373E-01,-1.648315E-02
1676554551
-3.151181E-01,-1.645418E-02
1676554553
-2.467168E-01,-1.643873E-02
1676554556
-1.818630E-01,-1.642162E-02
1676554559
-1.101780E-01,-1.639277E-02
1676554561
-4.518741E-02,-1.638002E-02
1676554564
+1.783135E-02,-1.634432E-02
1676554566
+8.935414E-02,-1.632298E-02
1676554569
+1.541540E-01,-1.629829E-02
1676554572
+2.226843E-01,-1.626823E-02
1676554574
+2.876409E-01,-1.623686E-02
1676554577
+3.593804E-01,-1.617723E-02
1676554579
+4.276746E-01,-1.610423E-02
1676554582
+4.925227E-01,-1.594912E-02
1676554584
+5.643381E-01,-1.766946E-04
1676554587
+6.294113E-01,-1.021469E-04
1676554590
+6.973070E-01,-3.208951E-05
1676554592
+7.703680E-01,+4.213955E-05
1676554595
+8.351344E-01,+4.530573E-04
1676554597
+9.039865E-01,+7.453202E-04
1676554600
+9.693309E-01,+1.022133E-03
