1676870471
-1.000120E+00,-1.822978E-02
1676870473
-9.796830E-01,-1.823766E-02
1676870476
-9.660299E-01,-1.822953E-02
1676870479
-9.456052E-01,-1.823324E-02
1676870481
-9.319382E-01,-1.822734E-02
1676870484
-9.113986E-01,-1.821653E-02
1676870486
-8.909718E-01,-1.820264E-02
1676870489
-8.773040E-01,-1.823037E-02
1676870492
-8.568659E-01,-1.819034E-02
1676870494
-8.397279E-01,-1.820839E-02
1676870497
-8.227017E-01,-1.817288E-02
1676870499
-8.021070E-01,-1.815242E-02
1676870502
-7.850457E-01,-1.817822E-02
1676870504
-7.680926E-01,-1.816635E-02
1676870507
-7.510682E-01,-1.815293E-02
1676870510
-7.305644E-01,-1.815715E-02
1676870512
-7.101427E-01,-1.815045E-02
1676870515
-6.964557E-01,-1.812903E-02
1676870517
-6.759658E-01,-1.814310E-02
1676870520
-6.622658E-01,-1.814470E-02
1676870523
-6.418520E-01,-1.813386E-02
1676870525
-6.213004E-01,-1.813134E-02
1676870528
-6.077211E-01,-1.812513E-02
1676870530
-5.869918E-01,-1.812532E-02
1676870533
-5.699306E-01,-1.810819E-02
1676870536
-5.529786E-01,-1.809925E-02
1676870538
-5.324485E-01,-1.809006E-02
1676870541
-5.154924E-01,-1.809645E-02
1676870543
-4.949076E-01,-1.809225E-02
1676870546
-4.811965E-01,-1.808628E-02
1676870549
-4.607373E-01,-1.806870E-02
1676870551
-4.401999E-01,-1.807372E-02
1676870554
-4.266106E-01,-1.806581E-02
1676870556
-4.060281E-01,-1.806379E-02
1676870559
-3.924105E-01,-1.805103E-02
1676870561
-3.719740E-01,-1.804739E-02
1676870564
-3.515284E-01,-1.804248E-02
1676870567
-3.378949E-01,-1.802638E-02
1676870569
-3.173983E-01,-1.803674E-02
1676870572
-3.002812E-01,-1.802785E-02
1676870574
-2.798438E-01,-1.803016E-02
1676870577
-2.626800E-01,-1.802954E-02
1676870580
-2.455563E-01,-1.801985E-02
1676870582
-2.251023E-01,-1.799888E-02
1676870585
-2.113720E-01,-1.799504E-02
1676870587
-1.909271E-01,-1.799544E-02
1676870590
-1.704064E-01,-1.800455E-02
1676870593
-1.567612E-01,-1.798434E-02
1676870595
-1.363823E-01,-1.798195E-02
1676870598
-1.226954E-01,-1.797483E-02
1676870600
-1.021722E-01,-1.798007E-02
1676870603
-8.166312E-02,-1.795916E-02
1676870606
-6.450846E-02,-1.796553E-02
1676870608
-4.743302E-02,-1.795503E-02
1676870611
-3.026250E-02,-1.795189E-02
1676870613
-9.809323E-03,-1.793312E-02
1676870616
+9.828936E-03,-1.792580E-02
1676870619
+2.687018E-02,-1.792822E-02
1676870621
+4.381303E-02,-1.792204E-02
1676870624
+6.079006E-02,-1.790943E-02
1676870626
+8.117948E-02,-1.791791E-02
1676870629
+1.016031E-01,-1.790396E-02
1676870631
+1.152862E-01,-1.789846E-02
1676870634
+1.358782E-01,-1.787826E-02
1676870637
+1.494136E-01,-1.789639E-02
1676870639
+1.699857E-01,-1.786700E-02
1676870642
+1.904685E-01,-1.785057E-02
1676870644
+2.041808E-01,-1.785835E-02
1676870647
+2.247020E-01,-1.783748E-02
1676870650
+2.418633E-01,-1.782386E-02
1676870652
+2.589755E-01,-1.782344E-02
1676870655
+2.793441E-01,-1.781397E-02
1676870657
+2.964379E-01,-1.778125E-02
1676870660
+3.169324E-01,-1.775934E-02
1676870663
+3.306288E-01,-1.775442E-02
1676870665
+3.510106E-01,-1.772237E-02
1676870668
+3.714992E-01,-1.768730E-02
1676870670
+3.850905E-01,-1.767131E-02
1676870673
+4.056368E-01,-1.764512E-02
1676870676
+4.192457E-01,-1.759158E-02
1676870678
+4.398412E-01,-1.753563E-02
1676870681
+4.603488E-01,-1.744829E-02
1676870683
+4.740420E-01,-1.737444E-02
1676870686
+4.944830E-01,-1.723729E-02
1676870688
+5.116237E-01,-1.709684E-02
1676870691
+5.320396E-01,-1.683413E-02
1676870694
+5.490716E-01,-1.656429E-02
1676870696
+5.661680E-01,-1.618768E-02
1676870699
+5.865925E-01,-1.553209E-02
1676870701
+6.002597E-01,-1.500348E-02
1676870704
+6.209977E-01,-1.388908E-02
1676870707
+6.415347E-01,-1.241404E-02
1676870709
+6.552928E-01,-1.120241E-02
1676870712
+6.757809E-01,-8.970135E-03
1676870714
+6.895108E-01,-7.247900E-03
1676870717
+7.099603E-01,-4.249400E-03
1676870720
+7.305212E-01,-8.076490E-04
1676870722
+7.476918E-01,+2.483273E-03
1676870725
+7.648872E-01,+5.874339E-03
1676870727
+7.819311E-01,+9.448235E-03
