1678990717
-9.983229E-01,-2.045376E-02
1678990720
-9.300104E-01,-2.002308E-02
1678990722
-8.651859E-01,-1.982595E-02
1678990725
-7.934914E-01,-1.960830E-02
1678990727
-7.286019E-01,-1.943352E-02
1678990730
-6.603169E-01,-1.925589E-02
1678990733
-5.885316E-01,-1.910887E-02
1678990735
-5.236470E-01,-1.894237E-02
1678990738
-4.552878E-01,-1.880207E-02
1678990740
-3.904172E-01,-1.867635E-02
1678990743
-3.187719E-01,-1.854512E-02
1678990746
-2.503510E-01,-1.841122E-02
1678990748
-1.854881E-01,-1.829400E-02
1678990751
-1.137953E-01,-1.816450E-02
1678990753
-4.882473E-02,-1.804974E-02
1678990756
+2.026899E-02,-1.792072E-02
1678990758
+9.169632E-02,-1.776673E-02
1678990761
+1.564911E-01,-1.757406E-02
1678990764
+2.250588E-01,-1.737989E-02
1678990766
+2.899737E-01,-1.712138E-02
1678990769
+3.616554E-01,-1.735529E-02
1678990771
+4.299870E-01,-1.702555E-02
1678990774
+4.948202E-01,-1.644897E-02
1678990777
+5.665244E-01,-1.520752E-02
1678990779
+6.315596E-01,-1.278414E-02
1678990782
+7.000034E-01,-6.417579E-03
1678990784
+7.720526E-01,+8.669509E-03
1678990787
+8.372061E-01,+3.018340E-02
1678990790
+9.059631E-01,+5.827842E-02
1678990792
+9.713249E-01,+8.878557E-02
