1685027962
-1.996700E+00,-1.977756E-02
1685027965
-1.969396E+00,-1.976677E-02
1685027969
-1.938631E+00,-1.975311E-02
1685027973
-1.907811E+00,-1.967791E-02
1685027976
-1.877104E+00,-1.961339E-02
1685027980
-1.846404E+00,-1.956561E-02
1685027983
-1.819109E+00,-1.953753E-02
1685027987
-1.788412E+00,-1.943182E-02
1685027991
-1.757661E+00,-1.938438E-02
1685027994
-1.726964E+00,-1.931166E-02
1685027998
-1.696196E+00,-1.927240E-02
1685028001
-1.668956E+00,-1.917470E-02
1685028005
-1.638266E+00,-1.914676E-02
1685028008
-1.607593E+00,-1.910168E-02
1685028012
-1.576880E+00,-1.903013E-02
1685028016
-1.545998E+00,-1.895656E-02
1685028019
-1.518724E+00,-1.892515E-02
1685028023
-1.487983E+00,-1.886056E-02
1685028026
-1.457130E+00,-1.881913E-02
1685028030
-1.426429E+00,-1.879616E-02
1685028034
-1.399137E+00,-1.875601E-02
1685028037
-1.368408E+00,-1.870409E-02
1685028041
-1.337607E+00,-1.863204E-02
1685028044
-1.306924E+00,-1.862584E-02
1685028048
-1.276199E+00,-1.858013E-02
1685028051
-1.248875E+00,-1.852037E-02
1685028055
-1.218134E+00,-1.847748E-02
1685028059
-1.187457E+00,-1.846902E-02
1685028062
-1.156706E+00,-1.841907E-02
1685028066
-1.125874E+00,-1.838333E-02
1685028069
-1.098616E+00,-1.833780E-02
1685028073
-1.067845E+00,-1.830244E-02
1685028077
-1.037145E+00,-1.828917E-02
1685028080
-1.006172E+00,-1.824354E-02
1685028084
-9.754928E-01,-1.821014E-02
1685028087
-9.481948E-01,-1.812616E-02
1685028091
-9.175019E-01,-1.813249E-02
1685028094
-8.867193E-01,-1.807727E-02
1685028098
-8.560144E-01,-1.806219E-02
1685028102
-8.286305E-01,-1.803170E-02
1685028105
-7.979585E-01,-1.797961E-02
1685028109
-7.672786E-01,-1.796681E-02
1685028112
-7.366665E-01,-1.792141E-02
1685028116
-7.059664E-01,-1.789481E-02
1685028120
-6.785831E-01,-1.786839E-02
1685028123
-6.478386E-01,-1.781730E-02
1685028127
-6.170166E-01,-1.777057E-02
1685028130
-5.861745E-01,-1.775215E-02
1685028134
-5.554743E-01,-1.770898E-02
1685028138
-5.282547E-01,-1.765804E-02
1685028141
-4.975627E-01,-1.760918E-02
1685028145
-4.667673E-01,-1.757992E-02
1685028148
-4.359587E-01,-1.754765E-02
1685028152
-4.051993E-01,-1.746320E-02
1685028155
-3.778462E-01,-1.744207E-02
1685028159
-3.471860E-01,-1.739427E-02
1685028163
-3.165125E-01,-1.733540E-02
1685028166
-2.858215E-01,-1.725916E-02
1685028170
-2.583950E-01,-1.722777E-02
1685028173
-2.276473E-01,-1.714097E-02
1685028177
-1.969212E-01,-1.707464E-02
1685028181
-1.661460E-01,-1.697200E-02
1685028184
-1.354192E-01,-1.691826E-02
1685028188
-1.081720E-01,-1.678563E-02
1685028191
-7.739762E-02,-1.670522E-02
1685028195
-4.655569E-02,-1.657963E-02
1685028198
-1.575297E-02,-1.645359E-02
1685028202
+1.029464E-02,-1.631941E-02
1685028206
+4.094088E-02,-1.618914E-02
1685028209
+7.152624E-02,-1.596886E-02
1685028213
+1.021942E-01,-1.570292E-02
1685028216
+1.295411E-01,-1.541688E-02
1685028220
+1.602608E-01,-1.500641E-02
1685028224
+1.910612E-01,-1.444463E-02
1685028227
+2.218759E-01,-1.369415E-02
1685028231
+2.493230E-01,-1.279086E-02
1685028234
+2.801018E-01,-1.136282E-02
1685028238
+3.094436E-01,-9.621773E-03
1685028241
+3.407210E-01,-7.131816E-03
1685028245
+3.718718E-01,-4.035907E-03
1685028249
1685028252
1685028256
1685028259
1685028263
1685028267
1685028270
1685028274
1685028277
1685028281
1685028284
1685028288
1685028292
1685028295
1685028299
1685028302
1685028306
1685028310
1685028313
1685028317
