1676389209
-9.961163E-01,-1.649019E-02
1676389212
-9.278469E-01,-1.647888E-02
1676389215
-8.630021E-01,-1.646380E-02
1676389217
-7.912280E-01,-1.645000E-02
1676389220
-7.263924E-01,-1.643004E-02
1676389222
-6.581137E-01,-1.641030E-02
1676389225
-5.862729E-01,-1.639844E-02
1676389228
-5.214373E-01,-1.637889E-02
1676389230
-4.530669E-01,-1.635426E-02
1676389233
-3.881754E-01,-1.633038E-02
1676389235
-3.165313E-01,-1.631142E-02
1676389238
-2.481025E-01,-1.629579E-02
1676389241
-1.832311E-01,-1.628065E-02
1676389243
-1.115686E-01,-1.625978E-02
1676389246
-4.653108E-02,-1.624145E-02
1676389248
+1.819939E-02,-1.622222E-02
1676389251
+8.966807E-02,-1.618120E-02
1676389254
+1.543880E-01,-1.615458E-02
1676389256
+2.229102E-01,-1.613782E-02
1676389259
+2.879306E-01,-1.611444E-02
1676389261
+3.596360E-01,-1.604442E-02
1676389264
+4.279388E-01,-1.597907E-02
1676389267
+4.927807E-01,-1.580829E-02
1676389269
+5.644746E-01,-1.527333E-02
1676389272
+6.295583E-01,-1.361295E-02
1676389274
+6.979073E-01,-7.860613E-03
1676389277
+7.698977E-01,+7.040056E-03
1676389279
+8.349825E-01,+2.756640E-02
1676389282
+9.037473E-01,+5.348038E-02
1676389285
+9.691096E-01,+8.003157E-02
