1678341040
-9.964291E-01,-3.415609E-02
1678341042
-9.281932E-01,-3.209870E-02
1678341045
-8.632587E-01,-3.069612E-02
1678341047
-7.914816E-01,-2.933989E-02
1678341050
-7.266836E-01,-2.812793E-02
1678341053
-6.582811E-01,-2.697156E-02
1678341055
-5.864221E-01,-2.581521E-02
1678341058
-5.216353E-01,-2.480888E-02
1678341060
-4.531584E-01,-2.379356E-02
1678341063
-3.882931E-01,-2.284980E-02
1678341065
-3.166293E-01,-2.187221E-02
1678341068
-2.482284E-01,-2.096133E-02
1678341071
-1.833173E-01,-2.012849E-02
1678341073
-1.116276E-01,-1.922919E-02
1678341076
-4.662475E-02,-1.840993E-02
1678341078
+1.813117E-02,-1.762007E-02
1678341081
+8.955107E-02,-1.670697E-02
1678341084
+1.543799E-01,-1.582244E-02
1678341086
+2.228850E-01,-1.483277E-02
1678341089
+2.878498E-01,-1.385909E-02
1678341091
+3.595724E-01,-1.269460E-02
1678341094
+4.278347E-01,-1.143688E-02
1678341097
+4.927896E-01,-1.015428E-02
1678341099
+5.633546E-01,-8.415057E-03
1678341102
+6.288900E-01,-5.579751E-03
1678341104
+6.984366E-01,+2.164458E-03
1678341107
+7.701567E-01,+2.070675E-02
1678341110
+8.354077E-01,+4.790294E-02
1678341112
+9.042928E-01,+8.388940E-02
1678341115
+9.291933E-01,+9.999976E-02
