1688727362
-1.995014E+00,-1.915161E-02
1688727365
-1.967746E+00,-1.918262E-02
1688727369
-1.937051E+00,-1.911416E-02
1688727372
-1.906265E+00,-1.912352E-02
1688727376
-1.875586E+00,-1.912703E-02
1688727379
-1.844974E+00,-1.908088E-02
1688727383
-1.817598E+00,-1.894166E-02
1688727387
-1.786839E+00,-1.896603E-02
1688727390
-1.756111E+00,-1.883667E-02
1688727394
-1.725355E+00,-1.878537E-02
1688727397
-1.694640E+00,-1.877096E-02
1688727401
-1.667429E+00,-1.870244E-02
1688727405
-1.636668E+00,-1.874426E-02
1688727408
-1.605897E+00,-1.857815E-02
1688727412
-1.575188E+00,-1.859988E-02
1688727415
-1.544338E+00,-1.853195E-02
1688727419
-1.517016E+00,-1.840140E-02
1688727422
-1.486243E+00,-1.846513E-02
1688727426
-1.455388E+00,-1.836927E-02
1688727430
-1.424710E+00,-1.831040E-02
1688727433
-1.397399E+00,-1.834956E-02
1688727437
-1.366727E+00,-1.822693E-02
1688727440
-1.335960E+00,-1.819450E-02
1688727444
-1.305269E+00,-1.801912E-02
1688727448
-1.274502E+00,-1.798909E-02
1688727451
-1.247163E+00,-1.803001E-02
1688727455
-1.216479E+00,-1.805362E-02
1688727458
-1.185760E+00,-1.793003E-02
1688727462
-1.154920E+00,-1.800105E-02
1688727466
-1.124195E+00,-1.782297E-02
1688727469
-1.096866E+00,-1.789811E-02
1688727473
-1.066019E+00,-1.793982E-02
1688727476
-1.035277E+00,-1.790098E-02
1688727480
-1.004291E+00,-1.792009E-02
1688727483
-9.736879E-01,-1.775502E-02
1688727487
-9.463512E-01,-1.779933E-02
1688727491
-9.156931E-01,-1.772002E-02
1688727494
-8.849014E-01,-1.760346E-02
1688727498
-8.541741E-01,-1.764322E-02
1688727501
-8.267987E-01,-1.766105E-02
1688727505
-7.960954E-01,-1.755651E-02
1688727509
-7.653823E-01,-1.746017E-02
1688727512
-7.347842E-01,-1.747396E-02
1688727516
-7.040783E-01,-1.749934E-02
1688727519
-6.767047E-01,-1.743430E-02
1688727523
-6.459206E-01,-1.735517E-02
1688727526
-6.151197E-01,-1.729984E-02
1688727530
-5.842913E-01,-1.725604E-02
1688727534
-5.535990E-01,-1.726739E-02
1688727537
-5.262338E-01,-1.718744E-02
1688727541
-4.955304E-01,-1.713964E-02
1688727544
-4.647762E-01,-1.708329E-02
1688727548
-4.340280E-01,-1.705380E-02
1688727552
-4.032238E-01,-1.694033E-02
1688727555
-3.759045E-01,-1.688953E-02
1688727559
-3.452180E-01,-1.691308E-02
1688727562
-3.145130E-01,-1.683187E-02
1688727566
-2.838040E-01,-1.679458E-02
1688727569
-2.563511E-01,-1.667173E-02
1688727573
-2.256879E-01,-1.660030E-02
1688727577
-1.949154E-01,-1.654380E-02
1688727580
-1.641589E-01,-1.642119E-02
1688727584
-1.333831E-01,-1.618724E-02
1688727587
-1.061146E-01,-1.616952E-02
1688727591
-7.532459E-02,-1.591928E-02
1688727595
-4.450626E-02,-1.588490E-02
1688727598
-1.366458E-02,-1.572797E-02
1688727602
+9.906354E-03,-1.548909E-02
1688727605
+4.049314E-02,-1.529714E-02
1688727609
+7.106325E-02,-1.497013E-02
1688727612
+1.017343E-01,-1.460745E-02
1688727616
+1.291610E-01,-1.430264E-02
1688727620
+1.598520E-01,-1.384821E-02
1688727623
+1.906332E-01,-1.317882E-02
1688727627
+2.214585E-01,-1.229126E-02
1688727630
+2.489136E-01,-1.123583E-02
1688727634
+2.797089E-01,-9.705750E-03
1688727638
+3.104783E-01,-7.712173E-03
1688727641
+3.412928E-01,-5.270693E-03
1688727645
+3.720405E-01,-2.408274E-03
1688727648
+3.993254E-01,+5.400481E-04
1688727652
+4.301615E-01,+4.082327E-03
1688727655
+4.610319E-01,+7.964991E-03
1688727659
+4.917838E-01,+1.209587E-02
1688727663
+5.225741E-01,+1.653104E-02
1688727666
+5.499593E-01,+2.075253E-02
1688727670
+5.807679E-01,+2.578562E-02
1688727673
+6.115605E-01,+3.114201E-02
1688727677
+6.426109E-01,+3.691046E-02
1688727681
+6.733456E-01,+4.298721E-02
1688727684
+7.007722E-01,+4.882742E-02
1688727688
+7.317176E-01,+5.564154E-02
1688727691
+7.625622E-01,+6.283029E-02
1688727695
+7.934790E-01,+7.050841E-02
1688727698
+8.243511E-01,+7.853915E-02
1688727702
+8.516876E-01,+8.605914E-02
1688727706
+8.825321E-01,+9.464981E-02
1688727709
+8.995537E-01,+1.000002E-01
1688727713
+8.962113E-01,+1.000002E-01
1688727716
+8.943822E-01,+1.000002E-01
