1688732888
-1.995525E+00,-1.878530E-02
1688732892
-1.968166E+00,-1.885215E-02
1688732895
-1.937439E+00,-1.879161E-02
1688732899
-1.906705E+00,-1.869429E-02
1688732903
-1.875889E+00,-1.868508E-02
1688732906
-1.845184E+00,-1.870405E-02
1688732910
-1.817890E+00,-1.855455E-02
1688732913
-1.787105E+00,-1.867083E-02
1688732917
-1.756404E+00,-1.855246E-02
1688732921
-1.725643E+00,-1.856495E-02
1688732924
-1.694959E+00,-1.843900E-02
1688732928
-1.667663E+00,-1.843809E-02
1688732931
-1.636989E+00,-1.835779E-02
1688732935
-1.606168E+00,-1.833453E-02
1688732938
-1.575472E+00,-1.828628E-02
1688732942
-1.544654E+00,-1.836255E-02
1688732946
-1.517334E+00,-1.834651E-02
1688732949
-1.486607E+00,-1.823145E-02
1688732953
-1.455660E+00,-1.816372E-02
1688732956
-1.424916E+00,-1.816505E-02
1688732960
-1.397646E+00,-1.805547E-02
1688732964
-1.366959E+00,-1.800726E-02
1688732967
-1.336110E+00,-1.797781E-02
1688732971
-1.305465E+00,-1.796485E-02
1688732974
-1.274646E+00,-1.794997E-02
1688732978
-1.247291E+00,-1.783150E-02
1688732981
-1.216581E+00,-1.784053E-02
1688732985
-1.185915E+00,-1.773943E-02
1688732989
-1.155206E+00,-1.763587E-02
1688732992
-1.124381E+00,-1.774936E-02
1688732996
-1.097073E+00,-1.765254E-02
1688732999
-1.066252E+00,-1.762303E-02
1688733003
-1.035547E+00,-1.759348E-02
1688733007
-1.004569E+00,-1.752217E-02
1688733010
-9.738480E-01,-1.748265E-02
1688733014
-9.465886E-01,-1.748360E-02
1688733017
-9.159156E-01,-1.743407E-02
1688733021
-8.851146E-01,-1.734433E-02
1688733024
-8.543975E-01,-1.730829E-02
1688733028
-8.270505E-01,-1.730652E-02
1688733032
-7.962936E-01,-1.736719E-02
1688733035
-7.655967E-01,-1.729241E-02
1688733039
-7.349508E-01,-1.738509E-02
1688733042
-7.042143E-01,-1.752969E-02
1688733046
-6.768175E-01,-1.720431E-02
1688733050
-6.461340E-01,-1.721152E-02
1688733053
-6.152635E-01,-1.708659E-02
1688733057
-5.844122E-01,-1.704198E-02
1688733060
-5.538009E-01,-1.697810E-02
1688733064
-5.264367E-01,-1.693260E-02
1688733067
-4.957996E-01,-1.692988E-02
1688733071
-4.649182E-01,-1.689069E-02
1688733075
-4.341943E-01,-1.682144E-02
1688733078
-4.034748E-01,-1.681932E-02
1688733082
-3.761381E-01,-1.680137E-02
1688733085
-3.454827E-01,-1.674775E-02
1688733089
-3.147824E-01,-1.667822E-02
1688733093
-2.840293E-01,-1.662505E-02
1688733096
-2.565508E-01,-1.659510E-02
1688733100
-2.258478E-01,-1.662281E-02
1688733103
-1.950248E-01,-1.653863E-02
1688733107
-1.643260E-01,-1.635098E-02
1688733110
-1.336231E-01,-1.633331E-02
1688733114
-1.063606E-01,-1.619930E-02
1688733118
-7.561761E-02,-1.611066E-02
1688733121
-4.477370E-02,-1.598344E-02
1688733125
-1.390725E-02,-1.584854E-02
1688733128
+9.752754E-03,-1.575060E-02
1688733132
+4.044604E-02,-1.551361E-02
1688733136
+7.108430E-02,-1.531664E-02
1688733139
+1.017075E-01,-1.505635E-02
1688733143
+1.290682E-01,-1.478298E-02
1688733146
+1.597515E-01,-1.443204E-02
1688733150
+1.906366E-01,-1.393625E-02
1688733154
+2.214758E-01,-1.331196E-02
1688733157
+2.488607E-01,-1.255438E-02
1688733161
+2.795590E-01,-1.127641E-02
1688733164
+3.104308E-01,-9.538077E-03
1688733168
+3.412385E-01,-7.196682E-03
1688733171
+3.719493E-01,-4.101130E-03
1688733175
+3.992231E-01,-8.748589E-04
1688733179
+4.300718E-01,+3.351640E-03
1688733182
+4.609427E-01,+7.892776E-03
1688733186
+4.917471E-01,+1.285336E-02
1688733189
+5.225748E-01,+1.825742E-02
1688733193
+5.499170E-01,+2.338088E-02
1688733197
+5.807354E-01,+2.949308E-02
1688733200
+6.115531E-01,+3.599602E-02
1688733204
+6.425576E-01,+4.298886E-02
1688733207
+6.734210E-01,+5.044067E-02
1688733211
+7.007933E-01,+5.761450E-02
1688733214
+7.318218E-01,+6.607981E-02
1688733218
+7.626938E-01,+7.510158E-02
1688733222
+7.935889E-01,+8.470098E-02
1688733225
+8.244014E-01,+9.484888E-02
1688733229
+8.371225E-01,+1.000004E-01
1688733232
+8.340141E-01,+1.000003E-01
1688733236
+8.321210E-01,+1.000003E-01
1688733240
+8.305573E-01,+1.000003E-01
1688733243
+8.293422E-01,+1.000003E-01
