1683548782
-1.374842E-03,-1.511079E-02
1683548785
+2.601048E-02,-1.478397E-02
1683548789
+4.984200E-02,-1.456020E-02
1683548792
+7.375360E-02,-1.428160E-02
1683548796
+1.009630E-01,-1.395767E-02
1683548799
+1.248821E-01,-1.355267E-02
1683548803
+1.487335E-01,-1.312903E-02
1683548807
+1.760396E-01,-1.252078E-02
1683548810
+2.001456E-01,-1.184807E-02
1683548814
+2.241488E-01,-1.101973E-02
1683548817
+2.480814E-01,-1.000161E-02
1683548821
+2.753123E-01,-8.543436E-03
1683548825
+2.993766E-01,-7.028734E-03
1683548828
+3.232182E-01,-5.315102E-03
1683548832
+3.505233E-01,-3.130707E-03
1683548835
+3.745659E-01,-1.054256E-03
1683548839
+3.984657E-01,+1.184255E-03
1683548842
+4.259111E-01,+3.798984E-03
1683548846
+4.499077E-01,+6.169409E-03
1683548850
+4.738118E-01,+8.630334E-03
1683548853
+5.012048E-01,+1.158827E-02
1683548857
+5.251832E-01,+1.435062E-02
1683548860
+5.490525E-01,+1.730740E-02
1683548864
+5.764176E-01,+2.087939E-02
1683548868
+6.003575E-01,+2.434582E-02
1683548871
+6.244177E-01,+2.809520E-02
1683548875
+6.518623E-01,+3.268309E-02
1683548878
+6.758428E-01,+3.718972E-02
1683548882
+6.998263E-01,+4.203365E-02
1683548885
+7.272856E-01,+4.787991E-02
1683548889
+7.513382E-01,+5.365256E-02
1683548893
+7.752517E-01,+5.976535E-02
1683548896
+8.026829E-01,+6.715613E-02
1683548900
+8.266902E-01,+7.429817E-02
1683548903
+8.506829E-01,+8.184604E-02
1683548907
+8.781180E-01,+9.081538E-02
1683548911
+9.021964E-01,+9.944482E-02
1683548914
+8.988680E-01,+1.000011E-01
1683548918
+8.965133E-01,+1.000010E-01
1683548921
+8.948020E-01,+1.000010E-01
