1678325969
-1.001223E+00,-3.334827E-04
1678325972
-9.328939E-01,-2.859086E-04
1678325974
-8.678741E-01,-2.433249E-04
1678325977
-7.961034E-01,-2.004113E-04
1678325979
-7.311764E-01,-1.649554E-04
1678325982
-6.627851E-01,-1.319429E-04
1678325984
-5.908341E-01,-1.016671E-04
1678325987
-5.276203E-01,-7.939080E-05
1678325990
-4.588451E-01,-5.839674E-05
1678325992
-3.936047E-01,-4.256975E-05
1678325995
-3.216412E-01,-2.873424E-05
1678325997
-2.530238E-01,-1.873519E-05
1678326000
-1.879627E-01,-1.180473E-05
1678326003
-1.174513E-01,-6.435832E-06
1678326005
-5.164943E-02,-2.437806E-06
1678326008
+2.095413E-02,+1.602378E-06
1678326010
+9.308224E-02,+5.718925E-06
1678326013
+1.585840E-01,+9.860874E-06
1678326016
+2.257286E-01,+1.483193E-05
1678326018
+2.907743E-01,+2.170901E-05
1678326021
+3.627773E-01,+3.642925E-05
1678326023
+4.317265E-01,+7.410777E-05
1678326026
+4.954386E-01,+1.725394E-04
1678326029
+5.678353E-01,+5.452438E-04
1678326031
+6.321028E-01,+1.602771E-03
1678326034
+7.010486E-01,+5.527887E-03
1678326036
+7.719335E-01,+1.657709E-02
1678326039
+8.369889E-01,+3.452893E-02
1678326042
+9.057907E-01,+5.921327E-02
1678326044
+9.712064E-01,+8.659944E-02
