1676641297
-9.924217E-01,-1.932309E-04
1676641299
-9.242361E-01,-1.863509E-04
1676641302
-8.593226E-01,-1.527669E-04
1676641305
-7.876077E-01,-1.291378E-04
1676641307
-7.227419E-01,-1.129934E-04
1676641310
-6.543597E-01,-9.808713E-05
1676641312
-5.824931E-01,-8.533290E-05
1676641315
-5.176591E-01,-7.430880E-05
1676641318
-4.492465E-01,-6.320753E-05
1676641320
-3.843873E-01,-5.306036E-05
1676641323
-3.127427E-01,-4.226811E-05
1676641325
-2.443435E-01,-3.255420E-05
1676641328
-1.794685E-01,-2.378020E-05
1676641331
-1.077839E-01,-1.432859E-05
1676641333
-4.281216E-02,-5.886100E-06
1676641336
+1.713323E-02,+2.310019E-06
1676641338
+8.855067E-02,+1.237239E-05
1676641341
+1.534301E-01,+2.112593E-05
1676641343
+2.219876E-01,+2.864321E-05
1676641346
+2.869430E-01,+3.544167E-05
1676641349
+3.586265E-01,+4.543523E-05
1676641351
+4.268970E-01,+6.114648E-05
1676641354
+4.917548E-01,+1.053137E-04
1676641356
+5.634725E-01,+2.836744E-04
1676641359
+6.285161E-01,+9.682036E-04
1676641362
+6.968243E-01,+4.091728E-03
1676641364
+7.688339E-01,+1.522728E-02
1676641367
+8.339282E-01,+3.463513E-02
1676641369
+9.027535E-01,+6.197835E-02
1676641372
+9.681374E-01,+9.166785E-02
