1677010705
-9.983318E-01,-1.640982E-02
1677010707
-9.301287E-01,-1.641089E-02
1677010710
-8.651767E-01,-1.635981E-02
1677010712
-7.934910E-01,-1.632629E-02
1677010715
-7.286379E-01,-1.630400E-02
1677010718
-6.602808E-01,-1.629825E-02
1677010720
-5.884479E-01,-1.626328E-02
1677010723
-5.236384E-01,-1.623605E-02
1677010725
-4.552738E-01,-1.621987E-02
1677010728
-3.903632E-01,-1.618322E-02
1677010730
-3.187575E-01,-1.617064E-02
1677010733
-2.503379E-01,-1.614292E-02
1677010736
-1.854847E-01,-1.611788E-02
1677010738
-1.137707E-01,-1.608582E-02
1677010741
-4.886576E-02,-1.605602E-02
1677010743
+1.921249E-02,-1.604180E-02
1677010746
+9.069096E-02,-1.601844E-02
1677010749
+1.554902E-01,-1.597446E-02
1677010751
+2.239773E-01,-1.594990E-02
1677010754
+2.889259E-01,-1.589990E-02
1677010756
+3.606520E-01,-1.586963E-02
1677010759
+4.289448E-01,-1.579065E-02
1677010762
+4.937907E-01,-1.565517E-02
1677010764
+5.655128E-01,-1.520063E-02
1677010767
+6.306057E-01,-1.377737E-02
1677010769
+6.977342E-01,-8.496876E-03
1677010772
1677010774
1677010777
1677010780
