1682929586
-8.312897E-05,-1.396533E-02
1682929589
+2.725814E-02,-1.352523E-02
1682929591
+5.112327E-02,-1.319793E-02
1682929594
+7.491086E-02,-1.284451E-02
1682929597
+1.021929E-01,-1.237945E-02
1682929599
+1.260947E-01,-1.184686E-02
1682929602
+1.500082E-01,-1.134878E-02
1682929604
+1.773395E-01,-1.052007E-02
1682929607
+1.999869E-01,-9.768476E-03
1682929610
+2.241798E-01,-8.740236E-03
1682929612
+2.483210E-01,-7.616224E-03
1682929615
+2.758416E-01,-6.146397E-03
1682929617
+3.001404E-01,-4.726862E-03
1682929620
+3.242674E-01,-3.217133E-03
1682929622
+3.518454E-01,-1.427970E-03
1682929625
+3.764479E-01,+2.729668E-04
1682929628
+4.000570E-01,+1.825955E-03
1682929630
+4.277443E-01,+3.696656E-03
1682929633
+4.519264E-01,+5.390978E-03
1682929635
+4.761409E-01,+7.152688E-03
1682929638
+5.038307E-01,+9.275858E-03
1682929641
+5.262179E-01,+1.103587E-02
1682929643
+5.502223E-01,+1.314114E-02
1682929646
+5.774560E-01,+1.573518E-02
1682929648
+6.014012E-01,+1.830574E-02
1682929651
+6.254797E-01,+2.114149E-02
1682929654
+6.529363E-01,+2.463668E-02
1682929656
+6.769431E-01,+2.812323E-02
1682929659
+7.008106E-01,+3.194594E-02
1682929661
+7.283288E-01,+3.665362E-02
1682929664
+7.523554E-01,+4.135885E-02
1682929666
+7.763833E-01,+4.642172E-02
1682929669
+8.037329E-01,+5.258907E-02
1682929672
+8.276654E-01,+5.871875E-02
1682929674
+8.517065E-01,+6.530388E-02
1682929677
+8.791353E-01,+7.317912E-02
1682929679
+9.032255E-01,+8.089383E-02
1682929682
+9.272084E-01,+8.901426E-02
1682929685
+9.546794E-01,+9.869673E-02
1682929687
+9.523792E-01,+1.000005E-01
