1678324637
-6.426459E-02,-1.000028E-01
1678324640
-6.480335E-02,-1.000028E-01
1678324643
-6.668068E-02,-1.000028E-01
1678324645
-6.541050E-02,-1.000027E-01
1678324648
-6.632457E-02,-1.000027E-01
1678324650
-6.586169E-02,-1.000027E-01
1678324653
-6.440468E-02,-1.000027E-01
1678324656
-6.326295E-02,-1.000027E-01
1678324658
-6.236138E-02,-1.000027E-01
1678324661
-6.167668E-02,-1.000028E-01
1678324663
-6.155909E-02,-1.000028E-01
1678324666
-6.148486E-02,-1.000028E-01
1678324668
-6.121965E-02,-1.000028E-01
1678324671
-6.112624E-02,-1.000028E-01
1678324674
-5.267697E-02,-8.400778E-02
1678324676
+2.149120E-02,+5.685327E-02
1678324679
+4.420716E-02,+9.999859E-02
1678324681
+4.428971E-02,+9.999855E-02
1678324684
+4.442564E-02,+9.999855E-02
1678324687
+4.421383E-02,+9.999856E-02
1678324689
+4.456407E-02,+9.999853E-02
1678324692
+4.442481E-02,+9.999853E-02
1678324694
+4.454824E-02,+9.999855E-02
1678324697
+4.449737E-02,+9.999854E-02
1678324700
+4.430556E-02,+9.999850E-02
1678324702
+4.412794E-02,+9.999851E-02
1678324705
+4.415795E-02,+9.999850E-02
1678324707
+4.377017E-02,+9.999849E-02
1678324710
+4.424719E-02,+9.999853E-02
1678324712
+4.481258E-02,+9.999852E-02
