1678328356
-1.000692E+00,-1.842206E-02
1678328358
-9.802195E-01,-1.841350E-02
1678328361
-9.631949E-01,-1.840494E-02
1678328363
-9.427343E-01,-1.841111E-02
1678328366
-9.223163E-01,-1.839638E-02
1678328369
-9.018462E-01,-1.839222E-02
1678328371
-8.813325E-01,-1.837864E-02
1678328374
-8.608760E-01,-1.837230E-02
1678328376
-8.402721E-01,-1.837231E-02
1678328379
-8.232839E-01,-1.835083E-02
1678328382
-8.027877E-01,-1.835345E-02
1678328384
-7.823564E-01,-1.834375E-02
1678328387
-7.618663E-01,-1.832950E-02
1678328389
-7.414073E-01,-1.830531E-02
1678328392
-7.209666E-01,-1.832182E-02
1678328395
-7.003810E-01,-1.830936E-02
1678328397
-6.833231E-01,-1.833083E-02
1678328400
-6.628944E-01,-1.830966E-02
1678328402
-6.423512E-01,-1.829248E-02
1678328405
-6.218564E-01,-1.827779E-02
1678328408
-6.013517E-01,-1.827396E-02
1678328410
-5.806936E-01,-1.826625E-02
1678328413
-5.602531E-01,-1.825909E-02
1678328415
-5.432129E-01,-1.825586E-02
1678328418
-5.226632E-01,-1.825024E-02
1678328420
-5.021960E-01,-1.823433E-02
1678328423
-4.816478E-01,-1.823485E-02
1678328426
-4.612189E-01,-1.822844E-02
1678328428
-4.406675E-01,-1.821555E-02
1678328431
-4.201986E-01,-1.820644E-02
1678328433
-4.030724E-01,-1.820812E-02
1678328436
-3.826451E-01,-1.819805E-02
1678328439
-3.621729E-01,-1.819338E-02
1678328441
-3.417992E-01,-1.818456E-02
1678328444
-3.212854E-01,-1.818042E-02
1678328446
-3.008131E-01,-1.816332E-02
1678328449
-2.803233E-01,-1.815158E-02
1678328452
-2.630512E-01,-1.815416E-02
1678328454
-2.425831E-01,-1.813681E-02
1678328457
-2.221368E-01,-1.814817E-02
1678328459
-2.016929E-01,-1.811867E-02
1678328462
-1.812515E-01,-1.811993E-02
1678328465
-1.607693E-01,-1.810790E-02
1678328467
-1.402271E-01,-1.811234E-02
1678328470
-1.231943E-01,-1.809466E-02
1678328472
-1.027754E-01,-1.808490E-02
1678328475
-8.218978E-02,-1.808806E-02
1678328478
-6.165500E-02,-1.807446E-02
1678328480
-4.110521E-02,-1.805209E-02
1678328483
-2.055458E-02,-1.804605E-02
1678328485
-1.531807E-04,-1.803450E-02
1678328488
+2.029453E-02,-1.803337E-02
1678328490
+4.064051E-02,-1.800551E-02
1678328493
+6.099230E-02,-1.801776E-02
1678328496
+8.149837E-02,-1.798961E-02
1678328498
+1.019511E-01,-1.797551E-02
1678328501
+1.190039E-01,-1.797713E-02
1678328503
+1.396192E-01,-1.796736E-02
1678328506
+1.600310E-01,-1.796903E-02
1678328509
+1.804629E-01,-1.796182E-02
1678328511
+2.011057E-01,-1.794344E-02
1678328514
+2.216002E-01,-1.794601E-02
1678328516
+2.421663E-01,-1.792307E-02
1678328519
+2.593567E-01,-1.790899E-02
1678328522
+2.797260E-01,-1.790073E-02
1678328524
+3.002087E-01,-1.788964E-02
1678328527
+3.206757E-01,-1.787186E-02
1678328529
+3.412093E-01,-1.785559E-02
1678328532
+3.616971E-01,-1.783595E-02
1678328535
+3.821388E-01,-1.781797E-02
1678328537
+3.990766E-01,-1.779798E-02
1678328540
+4.196184E-01,-1.777458E-02
1678328542
+4.401212E-01,-1.773751E-02
1678328545
+4.606246E-01,-1.771649E-02
1678328548
+4.811482E-01,-1.764367E-02
1678328550
+5.016019E-01,-1.756629E-02
1678328553
+5.220956E-01,-1.746871E-02
1678328555
+5.390850E-01,-1.736237E-02
1678328558
+5.595583E-01,-1.716467E-02
1678328560
+5.800619E-01,-1.686972E-02
1678328563
+6.005263E-01,-1.643430E-02
1678328566
+6.212226E-01,-1.576916E-02
1678328568
+6.417546E-01,-1.478114E-02
1678328571
+6.622889E-01,-1.331950E-02
1678328573
+6.793526E-01,-1.162970E-02
1678328576
+6.984901E-01,-9.292053E-03
1678328579
+7.196708E-01,-5.460410E-03
1678328581
+7.397971E-01,-9.769739E-04
1678328584
+7.627767E-01,+6.323697E-03
1678328586
+7.821348E-01,+1.253154E-02
1678328589
+8.027642E-01,+2.038119E-02
1678328592
+8.233995E-01,+2.902876E-02
1678328594
+8.406600E-01,+3.683081E-02
1678328597
+8.613451E-01,+4.681487E-02
1678328599
+8.819821E-01,+5.738686E-02
1678328602
+9.026251E-01,+6.844848E-02
1678328605
+9.232726E-01,+8.002020E-02
1678328607
+9.440054E-01,+9.212171E-02
1678328610
+9.565644E-01,+9.999854E-02
1678328612
+9.555269E-01,+9.999848E-02
