1677002749
-9.978794E-01,-1.721222E-02
1677002752
-9.399137E-01,-1.722430E-02
1677002754
-8.750063E-01,-1.719740E-02
1677002757
-8.134629E-01,-1.715161E-02
1677002759
-7.486465E-01,-1.714583E-02
1677002762
-6.906239E-01,-1.712176E-02
1677002764
-6.291120E-01,-1.707316E-02
1677002767
-5.640464E-01,-1.709034E-02
1677002770
-5.026463E-01,-1.704509E-02
1677002772
-4.376605E-01,-1.702355E-02
1677002775
-3.796266E-01,-1.700847E-02
1677002777
-3.182264E-01,-1.697937E-02
1677002780
-2.532682E-01,-1.695412E-02
1677002783
-1.951817E-01,-1.692829E-02
1677002785
-1.269407E-01,-1.687615E-02
1677002788
-6.885505E-02,-1.677634E-02
1677002790
-7.236449E-03,-1.646274E-02
1677002793
+5.298428E-02,-1.550393E-02
1677002795
+1.143734E-01,-1.115949E-02
1677002798
+1.780150E-01,-8.812923E-03
1677002801
+2.399887E-01,-7.638949E-03
1677002803
+2.983398E-01,-6.664417E-03
1677002806
+3.633081E-01,-5.676738E-03
1677002808
+4.248950E-01,-4.742383E-03
1677002811
+4.899075E-01,-3.757577E-03
1677002814
+5.481409E-01,-2.891067E-03
1677002816
+6.096283E-01,-1.978981E-03
1677002819
+6.748238E-01,-1.017174E-03
1677002821
+7.363729E-01,-1.213775E-04
1677002824
+8.029256E-01,+8.702190E-04
