1679747886
-9.983353E-01,-1.964074E-02
1679747889
-9.300705E-01,-1.948850E-02
1679747891
-8.651741E-01,-1.935701E-02
1679747894
-7.934178E-01,-1.924654E-02
1679747896
-7.286042E-01,-1.913565E-02
1679747899
-6.602793E-01,-1.901320E-02
1679747902
-5.884148E-01,-1.890039E-02
1679747904
-5.236413E-01,-1.880833E-02
1679747907
-4.552237E-01,-1.872660E-02
1679747909
-3.903017E-01,-1.864720E-02
1679747912
-3.186915E-01,-1.854494E-02
1679747915
-2.503048E-01,-1.849321E-02
1679747917
-1.854603E-01,-1.839906E-02
1679747920
-1.138493E-01,-1.831892E-02
1679747922
-4.887137E-02,-1.823702E-02
1679747925
+2.033817E-02,-1.816124E-02
1679747928
+9.174198E-02,-1.807417E-02
1679747930
+1.566335E-01,-1.797594E-02
1679747933
+2.251743E-01,-1.787696E-02
1679747935
+2.900416E-01,-1.774221E-02
1679747938
+3.617373E-01,-1.759061E-02
1679747941
+4.300213E-01,-1.735334E-02
1679747943
+4.948510E-01,-1.695222E-02
1679747946
+5.666267E-01,-1.571767E-02
1679747948
+6.316767E-01,-1.241433E-02
1679747951
+6.993812E-01,-4.999250E-03
1679747954
+7.734628E-01,+8.582708E-03
1679747956
+8.370284E-01,+2.230079E-02
1679747959
+9.055733E-01,+3.915135E-02
1679747961
+9.707264E-01,+5.617321E-02
