1688726906
-1.994794E+00,-1.971128E-02
1688726909
-1.967477E+00,-1.969269E-02
1688726913
-1.936784E+00,-1.973880E-02
1688726917
-1.906047E+00,-1.964211E-02
1688726920
-1.875286E+00,-1.969384E-02
1688726924
-1.844706E+00,-1.958620E-02
1688726927
-1.817275E+00,-1.950675E-02
1688726931
-1.786547E+00,-1.943368E-02
1688726935
-1.755943E+00,-1.933807E-02
1688726938
-1.725221E+00,-1.934193E-02
1688726942
-1.694427E+00,-1.924852E-02
1688726945
-1.667160E+00,-1.917214E-02
1688726949
-1.636441E+00,-1.916301E-02
1688726952
-1.605722E+00,-1.900078E-02
1688726956
-1.575010E+00,-1.896525E-02
1688726960
-1.544147E+00,-1.888298E-02
1688726963
-1.516849E+00,-1.890182E-02
1688726967
-1.486122E+00,-1.880786E-02
1688726970
-1.455241E+00,-1.872583E-02
1688726974
-1.424430E+00,-1.865651E-02
1688726978
-1.397173E+00,-1.854059E-02
1688726981
-1.366493E+00,-1.856405E-02
1688726985
-1.335691E+00,-1.854620E-02
1688726988
-1.305023E+00,-1.849727E-02
1688726992
-1.274292E+00,-1.845703E-02
1688726995
-1.246953E+00,-1.843897E-02
1688726999
-1.216206E+00,-1.828678E-02
1688727003
-1.185442E+00,-1.844796E-02
1688727006
-1.154744E+00,-1.830243E-02
1688727010
-1.123920E+00,-1.822952E-02
1688727013
-1.096682E+00,-1.815805E-02
1688727017
-1.065828E+00,-1.815521E-02
1688727021
-1.035018E+00,-1.811498E-02
1688727024
-1.004118E+00,-1.809685E-02
1688727028
-9.734557E-01,-1.795646E-02
1688727031
-9.461553E-01,-1.795112E-02
1688727035
-9.155328E-01,-1.786910E-02
1688727038
-8.847972E-01,-1.784286E-02
1688727042
-8.539903E-01,-1.772401E-02
1688727046
-8.266883E-01,-1.772917E-02
1688727049
-7.960367E-01,-1.769607E-02
1688727053
-7.652458E-01,-1.764227E-02
1688727056
-7.346166E-01,-1.759668E-02
1688727060
-7.038674E-01,-1.745371E-02
1688727064
-6.765111E-01,-1.733282E-02
1688727067
-6.457521E-01,-1.738884E-02
1688727071
-6.149944E-01,-1.735817E-02
1688727074
-5.841560E-01,-1.732852E-02
1688727078
-5.533703E-01,-1.723028E-02
1688727081
-5.261508E-01,-1.717899E-02
1688727085
-4.954208E-01,-1.711267E-02
1688727089
-4.646341E-01,-1.706923E-02
1688727092
-4.338517E-01,-1.707349E-02
1688727096
-4.030973E-01,-1.693264E-02
1688727099
-3.757946E-01,-1.683548E-02
1688727103
-3.450929E-01,-1.667958E-02
1688727107
-3.143721E-01,-1.668744E-02
1688727110
-2.835737E-01,-1.661727E-02
1688727114
-2.562275E-01,-1.652338E-02
1688727117
-2.254300E-01,-1.643550E-02
1688727121
-1.946874E-01,-1.629623E-02
1688727124
-1.639649E-01,-1.621076E-02
1688727128
-1.331941E-01,-1.604384E-02
1688727132
-1.059355E-01,-1.584326E-02
1688727135
-7.523803E-02,-1.567336E-02
1688727139
-4.442628E-02,-1.561361E-02
1688727142
-1.357035E-02,-1.536266E-02
1688727146
+9.756283E-03,-1.512898E-02
1688727150
+4.039735E-02,-1.493829E-02
1688727153
+7.100508E-02,-1.461854E-02
1688727157
+1.016253E-01,-1.417860E-02
1688727160
+1.290138E-01,-1.378289E-02
1688727164
+1.596198E-01,-1.319735E-02
1688727167
+1.904760E-01,-1.244851E-02
1688727171
+2.212989E-01,-1.149804E-02
1688727175
+2.487891E-01,-1.033609E-02
1688727178
+2.795120E-01,-8.749850E-03
1688727182
+3.103365E-01,-6.792696E-03
1688727185
+3.411577E-01,-4.506023E-03
1688727189
+3.719013E-01,-1.886184E-03
1688727193
+3.991146E-01,+7.025434E-04
1688727196
+4.300493E-01,+3.829926E-03
1688727199
+4.608322E-01,+7.167122E-03
1688727203
+4.915649E-01,+1.075528E-02
1688727207
+5.224044E-01,+1.466962E-02
1688727210
+5.496994E-01,+1.846956E-02
1688727214
+5.804616E-01,+2.309786E-02
1688727217
+6.112853E-01,+2.823965E-02
1688727221
+6.423016E-01,+3.392597E-02
1688727225
+6.730970E-01,+4.019888E-02
1688727228
+7.004970E-01,+4.646490E-02
1688727232
+7.315278E-01,+5.398985E-02
1688727235
+7.623236E-01,+6.222263E-02
1688727239
+7.932026E-01,+7.127267E-02
1688727242
+8.241176E-01,+8.112916E-02
1688727246
+8.516181E-01,+9.079573E-02
1688727250
+8.759469E-01,+1.000002E-01
1688727253
+8.710276E-01,+1.000002E-01
1688727257
+8.684794E-01,+1.000002E-01
1688727260
+8.665045E-01,+1.000002E-01
