1682926235
+3.813524E-04,-1.386269E-02
1682926238
+2.770241E-02,-1.344427E-02
1682926240
+5.152315E-02,-1.313334E-02
1682926243
+7.537311E-02,-1.277505E-02
1682926245
+1.026391E-01,-1.230008E-02
1682926248
+1.265633E-01,-1.182642E-02
1682926251
+1.505049E-01,-1.121092E-02
1682926253
+1.778251E-01,-1.038643E-02
1682926256
+2.004107E-01,-9.631675E-03
1682926258
+2.246409E-01,-8.603847E-03
1682926261
+2.488036E-01,-7.442633E-03
1682926263
+2.763874E-01,-5.941409E-03
1682926266
+3.006385E-01,-4.505592E-03
1682926269
+3.247695E-01,-2.988504E-03
1682926271
+3.523649E-01,-1.203430E-03
1682926274
+3.773181E-01,+5.332595E-04
1682926276
+4.005259E-01,+2.044972E-03
1682926279
+4.282514E-01,+3.934857E-03
1682926282
+4.525432E-01,+5.657427E-03
1682926284
+4.767501E-01,+7.458117E-03
1682926287
+5.044557E-01,+9.627720E-03
1682926289
+5.267317E-01,+1.141313E-02
1682926292
+5.507235E-01,+1.359115E-02
1682926294
+5.781002E-01,+1.628334E-02
1682926297
+6.020378E-01,+1.894373E-02
1682926300
+6.261153E-01,+2.188100E-02
1682926302
+6.534531E-01,+2.550009E-02
1682926305
+6.773787E-01,+2.911929E-02
1682926307
+7.013413E-01,+3.309731E-02
1682926310
+7.288273E-01,+3.797935E-02
1682926313
+7.528232E-01,+4.287556E-02
1682926315
+7.767372E-01,+4.815558E-02
1682926318
+8.041991E-01,+5.458965E-02
1682926320
+8.281733E-01,+6.093451E-02
1682926323
+8.521782E-01,+6.772084E-02
1682926326
+8.795626E-01,+7.584018E-02
1682926328
+9.036660E-01,+8.378871E-02
1682926331
+9.275918E-01,+9.210122E-02
1682926333
+9.479514E-01,+1.000003E-01
1682926336
+9.427972E-01,+1.000003E-01
