1677005513
-9.983482E-01,-1.825665E-02
1677005515
-9.301635E-01,-1.823434E-02
1677005518
-8.651475E-01,-1.822183E-02
1677005521
-7.934725E-01,-1.819679E-02
1677005523
-7.286656E-01,-1.818474E-02
1677005526
-6.603367E-01,-1.817112E-02
1677005528
-5.884008E-01,-1.814833E-02
1677005531
-5.236016E-01,-1.812264E-02
1677005534
-4.552509E-01,-1.810803E-02
1677005536
-3.904095E-01,-1.808617E-02
1677005539
-3.188143E-01,-1.795091E-02
1677005541
-2.504062E-01,-1.800768E-02
1677005544
-1.854502E-01,-1.801278E-02
1677005547
-1.137819E-01,-1.803154E-02
1677005549
-4.882504E-02,-1.801662E-02
1677005552
+1.915086E-02,-1.798974E-02
1677005554
+9.056866E-02,-1.795772E-02
1677005557
+1.553940E-01,-1.793461E-02
1677005560
+2.238880E-01,-1.789430E-02
1677005562
+2.888334E-01,-1.787086E-02
1677005565
+3.605440E-01,-1.780151E-02
1677005567
+4.288327E-01,-1.770243E-02
1677005570
+4.937364E-01,-1.748124E-02
1677005572
+5.654435E-01,-1.681535E-02
1677005575
+6.305602E-01,-1.482034E-02
1677005578
+6.976915E-01,-8.212622E-03
1677005580
+7.709371E-01,+1.133981E-02
1677005583
+8.362805E-01,+3.903394E-02
1677005585
+9.052113E-01,+7.554618E-02
1677005588
+9.453321E-01,+9.999934E-02
