1683548197
-1.122171E-03,-1.330197E-02
1683548199
+2.618543E-02,-1.286116E-02
1683548202
+4.997094E-02,-1.238433E-02
1683548204
+7.392246E-02,-1.186284E-02
1683548207
+1.011283E-01,-1.119019E-02
1683548210
+1.250456E-01,-1.053126E-02
1683548212
+1.475392E-01,-9.893583E-03
1683548215
+1.750570E-01,-8.965971E-03
1683548217
+1.991979E-01,-8.094331E-03
1683548220
+2.233086E-01,-7.169763E-03
1683548222
+2.474478E-01,-6.199124E-03
1683548225
+2.749163E-01,-5.046797E-03
1683548228
+2.990505E-01,-3.992811E-03
1683548230
+3.230706E-01,-2.916989E-03
1683548233
+3.506566E-01,-1.652744E-03
1683548235
+3.738501E-01,-6.167268E-04
1683548238
+3.999533E-01,+7.483008E-04
1683548240
+4.259631E-01,-3.603881E-11
1683548243
+4.499197E-01,-4.080903E-11
1683548246
+4.738095E-01,-4.408681E-11
1683548248
+5.010591E-01,-3.674760E-11
1683548251
+5.249696E-01,-4.364052E-11
1683548253
+5.488968E-01,-3.411255E-11
1683548256
+5.761804E-01,-3.703952E-11
1683548259
+6.000876E-01,-3.858223E-11
1683548261
+6.241486E-01,-3.760674E-11
1683548264
+6.515169E-01,-3.105993E-11
1683548266
+6.754302E-01,-4.164310E-11
1683548269
+6.992782E-01,-3.787349E-11
1683548271
+7.266436E-01,-4.501659E-11
1683548274
+7.505915E-01,-3.134774E-11
1683548277
+7.744722E-01,-3.412891E-11
1683548279
+8.017336E-01,-3.470853E-11
1683548282
+8.255673E-01,-4.071311E-11
1683548284
+8.495424E-01,-3.881998E-11
1683548287
+8.768075E-01,-3.932078E-11
1683548290
+9.007146E-01,-3.650988E-11
1683548292
+9.246204E-01,-4.233110E-11
1683548295
+9.519957E-01,-3.253614E-11
1683548297
+9.758613E-01,-3.950823E-11
