1676393289
-9.994404E-01,-1.787628E-02
1676393292
-9.312267E-01,-1.784765E-02
1676393294
-8.664023E-01,-1.784188E-02
1676393297
-7.946424E-01,-1.782199E-02
1676393299
-7.298939E-01,-1.780875E-02
1676393302
-6.615700E-01,-1.780959E-02
1676393305
-5.897263E-01,-1.778845E-02
1676393307
-5.249062E-01,-1.778198E-02
1676393310
-4.565588E-01,-1.775904E-02
1676393312
-3.916587E-01,-1.775033E-02
1676393315
-3.200529E-01,-1.771888E-02
1676393318
-2.515706E-01,-1.770696E-02
1676393320
-1.867362E-01,-1.768481E-02
1676393323
-1.150321E-01,-1.766235E-02
1676393325
-5.005175E-02,-1.766806E-02
1676393328
+1.967978E-02,-1.761362E-02
1676393331
+9.110259E-02,-1.758982E-02
1676393333
+1.559273E-01,-1.758599E-02
1676393336
+2.244262E-01,-1.756024E-02
1676393338
+2.893360E-01,-1.752211E-02
1676393341
+3.610449E-01,-1.749642E-02
1676393344
+4.293230E-01,-1.743465E-02
1676393346
+4.942335E-01,-1.732111E-02
1676393349
+5.659406E-01,-1.693569E-02
1676393351
+6.309305E-01,-1.547464E-02
1676393354
+6.992525E-01,-9.337251E-03
1676393357
+7.713690E-01,+9.245546E-03
1676393359
+8.365905E-01,+3.723938E-02
1676393362
+9.055387E-01,+7.478111E-02
1676393364
+9.440559E-01,+9.999892E-02
