1685351130
-1.997609E+00,-7.327887E-04
1685351133
-1.970207E+00,-6.644893E-04
1685351137
-1.939336E+00,-6.220202E-04
1685351140
-1.908476E+00,-5.891657E-04
1685351144
-1.877648E+00,-5.615028E-04
1685351148
-1.846901E+00,-5.375404E-04
1685351151
-1.819531E+00,-5.165216E-04
1685351155
-1.788689E+00,-4.951326E-04
1685351158
-1.757984E+00,-4.765095E-04
1685351162
-1.727202E+00,-4.588501E-04
1685351166
-1.696414E+00,-4.411577E-04
1685351169
-1.669055E+00,-4.260782E-04
1685351173
-1.638383E+00,-4.093072E-04
1685351176
-1.607615E+00,-3.948660E-04
1685351180
-1.576856E+00,-3.801761E-04
1685351183
-1.546072E+00,-3.667096E-04
1685351187
-1.518697E+00,-3.553669E-04
1685351191
-1.487943E+00,-3.420720E-04
1685351194
-1.456978E+00,-3.295126E-04
1685351198
-1.426230E+00,-3.179314E-04
1685351201
-1.398896E+00,-3.077468E-04
1685351205
-1.368201E+00,-2.964217E-04
1685351209
-1.337411E+00,-2.854118E-04
1685351212
-1.306711E+00,-2.753661E-04
1685351216
-1.275927E+00,-2.648280E-04
1685351219
-1.248542E+00,-2.554893E-04
1685351223
-1.217779E+00,-2.453817E-04
1685351226
-1.187059E+00,-2.356774E-04
1685351230
-1.156379E+00,-2.261730E-04
1685351234
-1.125519E+00,-2.166775E-04
1685351237
-1.098203E+00,-2.085305E-04
1685351241
-1.067462E+00,-2.000065E-04
1685351244
-1.036689E+00,-1.914586E-04
1685351248
-1.005715E+00,-1.827282E-04
1685351252
-9.750490E-01,-1.747191E-04
1685351255
-9.477230E-01,-1.676866E-04
1685351259
-9.170179E-01,-1.596780E-04
1685351262
-8.862938E-01,-1.522038E-04
1685351266
-8.555230E-01,-1.445214E-04
1685351269
-8.281166E-01,-1.379646E-04
1685351273
-7.973293E-01,-1.310352E-04
1685351277
-7.666976E-01,-1.243762E-04
1685351280
-7.359769E-01,-1.172691E-04
1685351284
-7.052145E-01,-1.107101E-04
1685351287
-6.778890E-01,-1.052382E-04
1685351291
-6.492309E-01,-9.927540E-05
1685351295
-6.182207E-01,-9.324636E-05
1685351298
-5.872532E-01,-8.716685E-05
1685351302
-5.564489E-01,-8.118021E-05
1685351305
-5.290538E-01,-7.588720E-05
1685351309
-4.982572E-01,-7.036671E-05
1685351312
-4.672987E-01,-6.502344E-05
1685351316
-4.365046E-01,-5.974977E-05
1685351320
-4.056480E-01,-5.432321E-05
1685351323
-3.781968E-01,-4.984542E-05
1685351327
-3.474060E-01,-4.478642E-05
1685351330
-3.165562E-01,-4.016177E-05
1685351334
-2.857304E-01,-3.564139E-05
1685351338
-2.581776E-01,-3.163174E-05
1685351341
-2.273309E-01,-2.731805E-05
1685351345
-1.965562E-01,-2.321514E-05
1685351348
-1.657371E-01,-1.923959E-05
1685351352
-1.349080E-01,-1.524559E-05
1685351356
-1.075596E-01,-1.195437E-05
1685351359
-7.844538E-02,-8.568511E-06
1685351363
-4.680646E-02,-4.735537E-06
1685351366
1685351370
1685351373
1685351377
1685351381
-1.997718E+00,-5.755544E-04
-1.970363E+00,-5.536650E-04
-1.939615E+00,-5.355728E-04
-1.908793E+00,-5.188573E-04
-1.878036E+00,-5.018812E-04
-1.847315E+00,-4.848531E-04
-1.819911E+00,-4.701768E-04
-1.789077E+00,-4.547873E-04
-1.758390E+00,-4.396994E-04
-1.727641E+00,-4.253474E-04
-1.696886E+00,-4.114631E-04
-1.669494E+00,-3.980677E-04
-1.638833E+00,-3.844248E-04
-1.608065E+00,-3.709392E-04
-1.577340E+00,-3.576546E-04
-1.546444E+00,-3.452291E-04
-1.519143E+00,-3.343574E-04
-1.488439E+00,-3.217503E-04
-1.457526E+00,-3.105422E-04
-1.426785E+00,-2.990235E-04
-1.399510E+00,-2.892892E-04
-1.368748E+00,-2.788214E-04
-1.337912E+00,-2.681196E-04
-1.307187E+00,-2.579132E-04
-1.276417E+00,-2.482935E-04
-1.249068E+00,-2.394388E-04
-1.218290E+00,-2.302052E-04
-1.187589E+00,-2.208556E-04
-1.156828E+00,-2.122770E-04
-1.126013E+00,-2.033007E-04
-1.098706E+00,-1.958248E-04
-1.067905E+00,-1.872370E-04
-1.037135E+00,-1.792779E-04
-1.006112E+00,-1.711458E-04
-9.754528E-01,-1.633097E-04
-9.480908E-01,-1.565033E-04
-9.173725E-01,-1.489296E-04
-8.865842E-01,-1.419307E-04
-8.558095E-01,-1.347011E-04
