1684742623
-1.995863E+00,-7.409138E-05
1684742626
-1.968538E+00,-7.350662E-05
1684742630
-1.937833E+00,-7.083850E-05
1684742634
-1.906965E+00,-7.080397E-05
1684742637
-1.876206E+00,-7.041477E-05
1684742641
-1.845505E+00,-6.758130E-05
1684742644
-1.818045E+00,-6.589583E-05
1684742648
-1.787198E+00,-6.281299E-05
1684742651
-1.756538E+00,-6.243910E-05
1684742655
-1.725719E+00,-6.115210E-05
1684742659
-1.694952E+00,-5.990423E-05
1684742662
-1.667628E+00,-5.750258E-05
1684742666
-1.636897E+00,-5.621034E-05
1684742669
-1.606121E+00,-5.478064E-05
1684742673
-1.575339E+00,-5.283749E-05
1684742677
-1.544492E+00,-5.077438E-05
1684742680
-1.517182E+00,-5.050762E-05
1684742684
-1.486484E+00,-4.916665E-05
1684742687
-1.455549E+00,-4.741644E-05
1684742691
-1.424702E+00,-4.529711E-05
1684742694
-1.397362E+00,-4.295893E-05
1684742698
-1.366662E+00,-4.146300E-05
1684742702
-1.335806E+00,-4.002645E-05
1684742705
-1.305067E+00,-3.957548E-05
1684742709
-1.274302E+00,-3.749448E-05
1684742712
-1.246911E+00,-3.655861E-05
1684742716
-1.216179E+00,-3.441823E-05
1684742720
-1.185433E+00,-3.397412E-05
1684742723
-1.154632E+00,-3.189551E-05
1684742727
-1.123885E+00,-3.091286E-05
1684742730
-1.096527E+00,-2.958578E-05
1684742734
-1.065714E+00,-2.855369E-05
1684742737
-1.034881E+00,-2.757634E-05
1684742741
-1.003869E+00,-2.656287E-05
1684742745
-9.731801E-01,-2.606586E-05
1684742748
-9.458393E-01,-2.463192E-05
1684742752
-9.150940E-01,-2.366706E-05
1684742755
-8.842870E-01,-2.258951E-05
1684742759
-8.535652E-01,-2.184021E-05
1684742763
-8.261763E-01,-2.112674E-05
1684742766
-7.954146E-01,-2.030514E-05
1684742770
-7.647180E-01,-1.953021E-05
1684742773
-7.340226E-01,-1.902764E-05
1684742777
-7.032109E-01,-1.797142E-05
1684742780
-6.757804E-01,-1.713300E-05
1684742784
-6.450551E-01,-1.642459E-05
1684742788
-6.142774E-01,-1.578892E-05
1684742791
-5.833727E-01,-1.514359E-05
1684742795
-5.527120E-01,-1.445634E-05
1684742798
-5.253770E-01,-1.382718E-05
1684742802
-4.946103E-01,-1.307450E-05
1684742806
-4.637282E-01,-1.231976E-05
1684742809
-4.330305E-01,-1.167352E-05
1684742813
-4.022318E-01,-1.092475E-05
1684742816
-3.748972E-01,-1.042070E-05
1684742820
-3.460787E-01,-9.833778E-06
1684742823
-3.148755E-01,-9.127107E-06
1684742827
-2.843837E-01,-8.600263E-06
1684742831
-2.568173E-01,-8.131947E-06
1684742834
-2.259901E-01,-7.566516E-06
1684742838
-1.951422E-01,-7.016006E-06
1684742841
-1.642977E-01,-6.461395E-06
1684742845
-1.334147E-01,-5.944759E-06
1684742849
-1.060525E-01,-5.556405E-06
1684742852
-7.514617E-02,-4.934831E-06
1684742856
-4.427989E-02,-4.584953E-06
1684742859
-1.331268E-02,-4.008175E-06
1684742863
+9.036730E-03,-3.598621E-06
1684742866
+3.984409E-02,-3.217543E-06
1684742870
+7.052975E-02,-2.788020E-06
1684742874
+1.011361E-01,-2.390080E-06
1684742877
+1.285816E-01,-2.092608E-06
1684742881
+1.593523E-01,-1.770297E-06
1684742884
+1.902264E-01,-1.416385E-06
1684742888
+2.211164E-01,-1.060461E-06
1684742892
+2.473176E-01,-7.933743E-07
1684742895
+2.786805E-01,-4.352876E-07
1684742899
+3.100459E-01,-6.387097E-08
1684742902
+3.413863E-01,+3.094809E-07
1684742906
+3.727433E-01,+7.033843E-07
1684742910
+3.989105E-01,+1.109793E-06
1684742913
+4.298897E-01,+1.595445E-06
1684742917
+4.607739E-01,+2.148123E-06
1684742920
+4.915322E-01,+2.781751E-06
1684742924
+5.224205E-01,+3.397176E-06
1684742927
+5.499170E-01,+3.986069E-06
1684742931
+5.807120E-01,+4.634878E-06
1684742935
+6.115037E-01,+5.311350E-06
1684742938
+6.425154E-01,+6.009090E-06
1684742942
+6.733347E-01,+6.737452E-06
1684742945
+7.008030E-01,+7.274158E-06
1684742949
+7.318080E-01,+8.172277E-06
1684742953
+7.626342E-01,+8.840399E-06
1684742956
+7.934740E-01,+1.000986E-05
1684742960
+8.225902E-01,+1.067454E-05
1684742963
+8.500299E-01,+1.689025E-05
1684742967
+8.808284E-01,+1.989829E-05
1684742970
+9.115807E-01,+2.169142E-05
1684742974
+9.423484E-01,+2.346645E-05
1684742978
+9.697531E-01,+2.406632E-05
