1683546712
-1.506683E-03,-1.489390E-02
1683546715
+2.588753E-02,-1.455075E-02
1683546717
+4.974553E-02,-1.436299E-02
1683546720
+7.360768E-02,-1.405974E-02
1683546723
+1.008451E-01,-1.369856E-02
1683546725
+1.249250E-01,-1.332205E-02
1683546728
+1.488321E-01,-1.287342E-02
1683546730
+1.761213E-01,-1.223732E-02
1683546733
+2.001295E-01,-1.154096E-02
1683546735
+2.241626E-01,-1.065380E-02
1683546738
+2.467320E-01,-9.731254E-03
1683546741
+2.742973E-01,-8.276610E-03
1683546743
+2.985773E-01,-6.798634E-03
1683546746
+3.226988E-01,-5.141088E-03
1683546748
+3.504258E-01,-3.089594E-03
1683546751
+3.745650E-01,-1.228753E-03
1683546754
1683546756
1683546759
1683546761
1683546764
1683546766
1683546769
1683546772
1683546774
1683546777
1683546779
1683546782
1683546785
1683546787
1683546790
1683546792
1683546795
1683546797
1683546800
1683546803
1683546805
1683546808
1683546810
1683546813
