1678328142
-1.000697E+00,-1.842099E-02
1678328145
-9.324667E-01,-1.838622E-02
1678328147
-8.676172E-01,-1.836765E-02
1678328150
-7.959250E-01,-1.835107E-02
1678328153
-7.311457E-01,-1.832561E-02
1678328155
-6.627925E-01,-1.829449E-02
1678328158
-5.908735E-01,-1.828431E-02
1678328160
-5.260432E-01,-1.825723E-02
1678328163
-4.577894E-01,-1.823320E-02
1678328166
-3.928841E-01,-1.820922E-02
1678328168
-3.213136E-01,-1.818032E-02
1678328171
-2.528688E-01,-1.814958E-02
1678328173
-1.879769E-01,-1.811822E-02
1678328176
-1.162628E-01,-1.808932E-02
1678328178
-5.133753E-02,-1.806235E-02
1678328181
+2.042543E-02,-1.804029E-02
1678328184
+9.184226E-02,-1.799981E-02
1678328186
+1.566837E-01,-1.796208E-02
1678328189
+2.252150E-01,-1.793525E-02
1678328191
+2.899956E-01,-1.789115E-02
1678328194
+3.617485E-01,-1.783724E-02
1678328197
+4.300179E-01,-1.775916E-02
1678328199
+4.949028E-01,-1.759223E-02
1678328202
+5.666331E-01,-1.705926E-02
1678328204
+6.315723E-01,-1.530148E-02
1678328207
+6.986517E-01,-9.185365E-03
1678328210
+7.737537E-01,+1.020839E-02
1678328212
+8.371305E-01,+3.488043E-02
1678328215
+9.060748E-01,+6.896665E-02
1678328217
+9.612533E-01,+9.999854E-02
