1677009466
-9.982659E-01,-1.653695E-02
1677009469
-9.301190E-01,-1.648532E-02
1677009471
-8.651733E-01,-1.644028E-02
1677009474
-7.934260E-01,-1.638886E-02
1677009477
-7.286177E-01,-1.633916E-02
1677009479
-6.603050E-01,-1.632866E-02
1677009482
-5.884941E-01,-1.626560E-02
1677009484
-5.236292E-01,-1.621477E-02
1677009487
-4.552729E-01,-1.617406E-02
1677009489
-3.904239E-01,-1.613206E-02
1677009492
-3.187750E-01,-1.608195E-02
1677009495
-2.503120E-01,-1.605260E-02
1677009497
-1.854763E-01,-1.601211E-02
1677009500
-1.137565E-01,-1.596105E-02
1677009502
-4.882907E-02,-1.592082E-02
1677009505
+1.924168E-02,-1.588156E-02
1677009508
+9.080940E-02,-1.582926E-02
1677009510
+1.555886E-01,-1.579287E-02
1677009513
+2.241133E-01,-1.572631E-02
1677009515
+2.889768E-01,-1.566557E-02
1677009518
+3.606579E-01,-1.557923E-02
1677009521
+4.289272E-01,-1.544877E-02
1677009523
+4.937834E-01,-1.517177E-02
1677009526
+5.654809E-01,-1.441210E-02
1677009528
+6.304405E-01,-1.235392E-02
1677009531
+6.980876E-01,-5.974847E-03
1677009534
+7.709596E-01,+1.064944E-02
1677009536
+8.360986E-01,+3.284146E-02
1677009539
+9.048775E-01,+6.127691E-02
1677009541
+9.702219E-01,+9.150777E-02
