1676554802
-9.955146E-01,-1.654599E-02
1676554805
-9.272515E-01,-1.649571E-02
1676554807
-8.623728E-01,-1.649100E-02
1676554810
-7.906086E-01,-1.657335E-02
1676554812
-7.257396E-01,-1.663674E-02
1676554815
-6.574836E-01,-1.662124E-02
1676554818
-5.856786E-01,-1.660750E-02
1676554820
-5.208998E-01,-1.657993E-02
1676554823
-4.525379E-01,-1.657290E-02
1676554825
-3.876842E-01,-1.654162E-02
1676554828
-3.160335E-01,-1.652155E-02
1676554831
-2.475983E-01,-1.649319E-02
1676554833
-1.826987E-01,-1.646950E-02
1676554836
-1.110765E-01,-1.645251E-02
1676554838
-4.609099E-02,-1.642879E-02
1676554841
+1.807116E-02,-1.640546E-02
1676554844
+8.955874E-02,-1.637352E-02
1676554846
+1.543601E-01,-1.634179E-02
1676554849
+2.230054E-01,-1.632384E-02
1676554851
+2.879035E-01,-1.629927E-02
1676554854
+3.595911E-01,-1.625009E-02
1676554856
+4.278694E-01,-1.619877E-02
1676554859
+4.927408E-01,-1.605848E-02
1676554862
+5.643916E-01,-1.561679E-02
1676554864
+6.294506E-01,-1.411103E-02
1676554867
+6.966047E-01,-8.684801E-03
1676554869
+7.716639E-01,+1.006057E-02
1676554872
+8.351917E-01,+3.522669E-02
1676554875
+9.041195E-01,+7.101586E-02
1676554877
+9.524854E-01,+9.999987E-02
