1685502098
-1.998839E+00,-8.027154E-04
1685502102
-1.971410E+00,-7.344892E-04
1685502105
-1.940671E+00,-7.144533E-04
1685502109
-1.909764E+00,-6.754139E-04
1685502112
-1.878940E+00,-6.477437E-04
1685502116
-1.848225E+00,-6.439606E-04
1685502120
-1.820862E+00,-6.293334E-04
1685502123
-1.790003E+00,-5.935292E-04
1685502127
-1.759236E+00,-5.743471E-04
1685502130
-1.728484E+00,-5.496588E-04
1685502134
-1.697628E+00,-5.307570E-04
1685502137
-1.670403E+00,-5.154696E-04
1685502141
-1.639566E+00,-4.985326E-04
1685502145
-1.608770E+00,-4.814622E-04
1685502148
-1.578040E+00,-4.651247E-04
1685502152
-1.547292E+00,-4.489376E-04
1685502155
-1.519878E+00,-4.356536E-04
1685502159
-1.489210E+00,-4.201067E-04
1685502163
-1.458273E+00,-4.062895E-04
1685502166
-1.427473E+00,-3.922938E-04
1685502170
-1.400189E+00,-3.797590E-04
1685502173
-1.369403E+00,-3.664496E-04
1685502177
-1.338556E+00,-3.535228E-04
1685502180
-1.307800E+00,-3.408419E-04
1685502184
-1.277064E+00,-3.284397E-04
1685502188
-1.249738E+00,-3.177975E-04
1685502191
-1.218974E+00,-3.058672E-04
1685502195
-1.188285E+00,-2.946447E-04
1685502198
-1.157532E+00,-2.837281E-04
1685502202
-1.126701E+00,-2.728969E-04
1685502206
-1.099345E+00,-2.630556E-04
1685502209
-1.068544E+00,-2.524375E-04
1685502213
-1.037786E+00,-2.422428E-04
1685502216
-1.006843E+00,-2.318910E-04
1685502220
-9.761142E-01,-2.217030E-04
1685502224
-9.488217E-01,-2.129002E-04
1685502227
-9.180630E-01,-2.033765E-04
1685502231
-8.874053E-01,-1.932964E-04
1685502234
-8.565907E-01,-1.840686E-04
1685502238
-8.292634E-01,-1.760743E-04
1685502241
-7.985665E-01,-1.672584E-04
1685502245
-7.677027E-01,-1.582104E-04
1685502249
-7.369783E-01,-1.496585E-04
1685502252
-7.062364E-01,-1.412671E-04
1685502256
-6.788763E-01,-1.342605E-04
1685502259
-6.481178E-01,-1.260714E-04
1685502263
-6.172807E-01,-1.180482E-04
1685502267
-5.864269E-01,-1.105313E-04
1685502270
-5.557400E-01,-1.029996E-04
1685502274
-5.303459E-01,-9.705552E-05
1685502277
-4.995680E-01,-8.983652E-05
1685502281
-4.685675E-01,-8.257064E-05
1685502284
-4.376213E-01,-7.575338E-05
1685502288
-4.066924E-01,-6.923563E-05
1685502292
-3.792634E-01,-6.363535E-05
1685502295
-3.484964E-01,-5.718790E-05
1685502299
-3.176835E-01,-5.112821E-05
1685502302
-2.868273E-01,-4.537977E-05
1685502306
-2.592565E-01,-4.031259E-05
1685502310
-2.283943E-01,-3.475740E-05
1685502313
-1.975048E-01,-2.951972E-05
1685502317
-1.665827E-01,-2.440331E-05
1685502320
-1.357599E-01,-1.937263E-05
1685502324
-1.083784E-01,-1.517756E-05
1685502327
-7.753216E-02,-1.043098E-05
1685502331
-4.789617E-02,-6.142543E-06
1685502335
-1.604241E-02,-1.268926E-06
1685502338
+1.119291E-02,+3.056003E-06
1685502342
+4.272745E-02,+8.348357E-06
1685502345
+7.209445E-02,+1.346049E-05
1685502349
+1.028301E-01,+1.983956E-05
1685502353
+1.303840E-01,+2.672715E-05
1685502356
+1.612146E-01,+3.641736E-05
1685502360
+1.922455E-01,+5.025896E-05
1685502363
+2.234405E-01,+7.344394E-05
1685502367
+2.496542E-01,+1.070705E-04
1685502370
+2.805983E-01,+1.889425E-04
1685502374
+3.116675E-01,+3.677955E-04
1685502378
+3.430301E-01,+7.402854E-04
1685502381
+3.725630E-01,+1.325592E-03
1685502385
+4.000344E-01,+2.181756E-03
1685502388
+4.310193E-01,+3.522961E-03
1685502392
+4.620661E-01,+5.268029E-03
1685502396
+4.931727E-01,+7.400232E-03
1685502399
+5.243536E-01,+9.873779E-03
1685502403
+5.500126E-01,+1.200284E-02
1685502406
+5.808182E-01,+1.490798E-02
1685502410
+6.116071E-01,+1.804100E-02
1685502413
+6.426529E-01,+2.140553E-02
1685502417
+6.734427E-01,+2.496137E-02
1685502421
+7.007204E-01,+2.831682E-02
1685502424
+7.316347E-01,+3.221737E-02
1685502428
+7.624801E-01,+3.628995E-02
1685502431
+7.932524E-01,+4.053371E-02
1685502435
+8.239789E-01,+4.495740E-02
1685502439
+8.514037E-01,+4.911018E-02
1685502442
+8.821715E-01,+5.381629E-02
1685502446
+9.129511E-01,+5.863629E-02
1685502449
+9.437759E-01,+6.416276E-02
1685502453
+9.713063E-01,+6.870698E-02
