1679728413
-9.983233E-01,-1.932234E-02
1679728416
-9.301628E-01,-1.922623E-02
1679728419
-8.652143E-01,-1.913291E-02
1679728421
-7.935148E-01,-1.902405E-02
1679728424
-7.286562E-01,-1.893708E-02
1679728426
-6.603757E-01,-1.886016E-02
1679728429
-5.885194E-01,-1.875643E-02
1679728432
-5.236594E-01,-1.869502E-02
1679728434
-4.553062E-01,-1.861798E-02
1679728437
-3.904177E-01,-1.855859E-02
1679728439
-3.188235E-01,-1.847595E-02
1679728442
-2.504545E-01,-1.842292E-02
1679728445
-1.855226E-01,-1.836069E-02
1679728447
-1.139092E-01,-1.830382E-02
1679728450
-4.899140E-02,-1.823975E-02
1679728452
+2.039982E-02,-1.817416E-02
1679728455
+9.184523E-02,-1.810045E-02
1679728457
+1.567015E-01,-1.803840E-02
1679728460
+2.252056E-01,-1.795078E-02
1679728463
+2.900512E-01,-1.786032E-02
1679728465
+3.617267E-01,-1.771781E-02
1679728468
+4.299873E-01,-1.753105E-02
1679728470
+4.948078E-01,-1.719452E-02
1679728473
+5.665583E-01,-1.613378E-02
1679728476
+6.316008E-01,-1.312795E-02
1679728478
+6.992508E-01,-5.523526E-03
1679728481
+7.737381E-01,+9.702000E-03
1679728483
+8.371229E-01,+2.551230E-02
1679728486
+9.057811E-01,+4.550111E-02
1679728489
+9.709719E-01,+6.613143E-02
