1675964967
1675964969
1675964971
1675964973
1675964975
1675964977
-2.000000E+00,-5.610725E-08,+9.910000E+37,+5.626543E+02,+2.150800E+04
-1.778000E+00,-4.371897E-08,+9.910000E+37,+5.646602E+02,+2.150800E+04
-1.334000E+00,-2.550620E-08,+9.910000E+37,+5.686738E+02,+2.150800E+04
-2.000000E+00,-5.536602E-08,+9.910000E+37,+6.813213E+02,+2.150800E+04
-1.778000E+00,-4.505744E-08,+9.910000E+37,+6.833271E+02,+2.150800E+04
-1.334000E+00,-2.341248E-08,+9.910000E+37,+7.882500E+02,+2.150800E+04
+4.164293E-04,-1.889453E-09
