1685099292
-1.998480E+00,-1.770687E-02
1685099295
-1.971174E+00,-1.771315E-02
1685099299
-1.940513E+00,-1.776395E-02
1685099303
-1.909672E+00,-1.767572E-02
1685099306
-1.878915E+00,-1.764050E-02
1685099310
-1.848261E+00,-1.763182E-02
1685099313
-1.820904E+00,-1.743408E-02
1685099317
-1.790211E+00,-1.731595E-02
1685099321
-1.759519E+00,-1.726760E-02
1685099324
-1.728796E+00,-1.719368E-02
1685099328
-1.698034E+00,-1.713116E-02
1685099331
-1.670702E+00,-1.710169E-02
1685099335
-1.640006E+00,-1.704095E-02
1685099338
-1.609266E+00,-1.696827E-02
1685099342
-1.578526E+00,-1.689726E-02
1685099346
-1.547723E+00,-1.686476E-02
1685099349
-1.520480E+00,-1.680012E-02
1685099353
-1.489811E+00,-1.680921E-02
1685099356
-1.458986E+00,-1.674584E-02
1685099360
-1.428146E+00,-1.663872E-02
1685099364
-1.400867E+00,-1.662911E-02
1685099367
-1.370130E+00,-1.658290E-02
1685099371
-1.339411E+00,-1.650897E-02
1685099374
-1.308601E+00,-1.642798E-02
1685099378
-1.277956E+00,-1.637266E-02
1685099381
-1.250576E+00,-1.631326E-02
1685099385
-1.219791E+00,-1.625093E-02
1685099389
-1.189115E+00,-1.618157E-02
1685099392
-1.158438E+00,-1.613922E-02
1685099396
-1.127606E+00,-1.608340E-02
1685099399
-1.100345E+00,-1.603728E-02
1685099403
-1.069515E+00,-1.598546E-02
1685099407
-1.038798E+00,-1.588503E-02
1685099410
-1.007800E+00,-1.583758E-02
1685099414
-9.771911E-01,-1.574348E-02
1685099417
-9.498772E-01,-1.567468E-02
1685099421
-9.192038E-01,-1.561051E-02
1685099424
-8.883708E-01,-1.554049E-02
1685099428
-8.576355E-01,-1.542391E-02
1685099432
-8.302632E-01,-1.535966E-02
1685099435
-7.995945E-01,-1.526101E-02
1685099439
-7.688244E-01,-1.517253E-02
1685099442
-7.381690E-01,-1.507637E-02
1685099446
-7.074630E-01,-1.519320E-02
1685099450
-6.801014E-01,-1.512665E-02
1685099453
-6.493461E-01,-1.504114E-02
1685099457
-6.184899E-01,-1.464709E-02
1685099460
-5.876762E-01,-1.452839E-02
1685099464
-5.569119E-01,-1.437382E-02
1685099467
-5.296444E-01,-1.427507E-02
1685099471
-4.988859E-01,-1.414724E-02
1685099475
-4.680913E-01,-1.396958E-02
1685099478
-4.373993E-01,-1.381556E-02
1685099482
-4.066525E-01,-1.362586E-02
1685099485
-3.792558E-01,-1.347976E-02
1685099489
-3.486424E-01,-1.326011E-02
1685099493
-3.179480E-01,-1.299839E-02
1685099496
-2.872636E-01,-1.287809E-02
1685099500
-2.598243E-01,-1.271167E-02
1685099503
-2.289790E-01,-1.248178E-02
1685099507
-1.982387E-01,-1.215178E-02
1685099510
-1.675359E-01,-1.182387E-02
1685099514
-1.367973E-01,-1.144919E-02
1685099518
-1.094382E-01,-1.098578E-02
1685099521
-7.880803E-02,-1.025691E-02
1685099525
-5.016453E-02,-9.614930E-03
1685099528
-1.917153E-02,-8.910407E-03
1685099532
+9.635397E-03,-8.391048E-03
1685099536
+4.058532E-02,-6.949815E-03
1685099539
+7.133428E-02,-6.310871E-03
1685099543
+1.022609E-01,-4.845449E-03
1685099546
+1.296064E-01,-4.038603E-03
1685099550
+1.604437E-01,-3.257365E-03
1685099554
+1.913694E-01,-2.672264E-03
1685099557
+2.223094E-01,-1.937657E-03
1685099561
+2.497642E-01,-1.351663E-03
1685099564
+2.793457E-01,-8.300781E-04
1685099568
+3.108819E-01,-3.644574E-04
1685099571
+3.425941E-01,+2.222688E-06
1685099575
+3.730536E-01,+1.147255E-05
1685099579
+4.005233E-01,+1.940656E-05
1685099582
+4.315217E-01,+2.847278E-05
1685099586
+4.623398E-01,+3.699843E-05
1685099589
+4.932299E-01,+4.576414E-05
1685099593
+5.241039E-01,+5.386349E-05
1685099597
+5.515587E-01,+6.183606E-05
1685099600
+5.814519E-01,+2.315931E-04
1685099604
+6.122835E-01,+3.017115E-04
1685099607
+6.428188E-01,+1.636489E-02
1685099611
+6.736962E-01,+1.766605E-02
1685099614
+7.009843E-01,+1.791579E-02
1685099618
+7.316614E-01,+1.093206E-02
1685099622
+7.637942E-01,+7.929532E-03
1685099625
+7.938126E-01,+4.558685E-04
1685099629
+8.245764E-01,+4.720401E-04
1685099632
+8.519088E-01,+4.894035E-04
1685099636
+8.826444E-01,+5.136717E-04
1685099640
+9.134008E-01,+5.462693E-04
1685099643
+9.439530E-01,+4.253416E-04
1685099647
+9.713067E-01,+4.327436E-04
