1676288095
-9.993456E-01,-1.245386E-04
1676288098
-9.311042E-01,-1.175538E-04
1676288100
-8.662441E-01,-1.109235E-04
1676288103
-7.945100E-01,-1.037418E-04
1676288106
-7.316958E-01,-9.759299E-05
1676288108
-6.631942E-01,-9.116231E-05
1676288111
-5.911314E-01,-8.445454E-05
1676288113
-5.261788E-01,-7.901396E-05
1676288116
-4.576505E-01,-7.344457E-05
1676288119
-3.926369E-01,-6.840676E-05
1676288121
-3.209228E-01,-6.337168E-05
1676288124
-2.524103E-01,-5.883881E-05
1676288126
-1.874759E-01,-5.478074E-05
1676288129
-1.156825E-01,-5.071418E-05
1676288132
-5.069808E-02,-4.726815E-05
1676288134
+1.927113E-02,-4.366196E-05
1676288137
+9.077895E-02,-3.977923E-05
1676288139
+1.556377E-01,-3.577699E-05
1676288142
+2.241992E-01,-3.042214E-05
1676288145
+2.892342E-01,-2.319272E-05
1676288147
1676288150
1676288152
+3.611939E-01,-1.011685E-05
+4.300357E-01,+2.446695E-05
1676288155
+5.667525E-01,+3.432423E-04
1676288158
+6.326264E-01,+8.727142E-04
1676288160
+6.996282E-01,+1.861055E-03
1676288163
+7.717242E-01,+3.420067E-03
1676288165
+8.368180E-01,+5.102606E-03
1676288168
+9.054357E-01,+7.053746E-03
1676288170
+9.706053E-01,+9.013569E-03
