1683546974
+5.961899E-05,+4.665731E-06
1683546977
+2.687257E-02,+1.874748E-05
1683546979
+5.094410E-02,+3.238161E-05
1683546982
+7.501061E-02,+4.582613E-05
1683546985
+1.024532E-01,+6.112301E-05
1683546987
+1.266407E-01,+7.585408E-05
1683546990
+1.507564E-01,+9.205990E-05
1683546992
+1.767020E-01,+1.114558E-04
1683546995
+2.007893E-01,+1.366869E-04
1683546998
+2.248900E-01,+1.743893E-04
1683547000
+2.489156E-01,+2.350323E-04
1683547003
+2.763641E-01,+3.513567E-04
1683547005
+3.005766E-01,+5.153555E-04
1683547008
+3.248865E-01,+7.482470E-04
1683547011
+3.510881E-01,+1.160891E-03
1683547013
+3.750570E-01,+1.579628E-03
1683547016
+3.990035E-01,+2.065356E-03
1683547018
+4.265127E-01,+2.688368E-03
1683547021
+4.505535E-01,+3.285964E-03
1683547023
+4.745648E-01,+3.922043E-03
1683547026
+5.019732E-01,+4.683421E-03
1683547028
+5.260513E-01,+5.383810E-03
1683547031
+5.500318E-01,+6.103801E-03
1683547034
+5.774495E-01,+6.908903E-03
1683547036
+6.014500E-01,+7.647126E-03
1683547039
+6.256033E-01,+8.386837E-03
1683547041
+6.530476E-01,+9.130497E-03
1683547044
+6.770706E-01,+9.651498E-03
1683547046
+7.010312E-01,+1.028454E-02
1683547049
+7.268038E-01,+1.865281E-02
1683547052
+7.508669E-01,+2.102993E-02
1683547054
+7.748250E-01,+2.285910E-02
1683547057
+8.021281E-01,+2.412668E-02
1683547059
+8.259981E-01,+2.478516E-02
1683547062
+8.497933E-01,+1.816181E-02
1683547064
+8.769787E-01,+1.248762E-02
1683547067
+9.009037E-01,+1.256636E-02
1683547070
+9.247934E-01,+1.321771E-02
1683547072
+9.522071E-01,+1.402522E-02
1683547075
+9.760584E-01,+1.482625E-02
