1688710966
-1.992439E+00,-1.024509E-03
1688710970
-1.965178E+00,-1.005611E-03
1688710973
-1.934421E+00,-9.822648E-04
1688710977
-1.903632E+00,-9.569805E-04
1688710980
-1.872867E+00,-9.308284E-04
1688710984
-1.842161E+00,-9.041362E-04
1688710988
-1.814922E+00,-8.802824E-04
1688710991
-1.784151E+00,-8.542784E-04
1688710995
-1.753422E+00,-8.294786E-04
1688710998
-1.722726E+00,-8.043062E-04
1688711002
-1.691954E+00,-7.794278E-04
1688711005
-1.664760E+00,-7.583142E-04
1688711009
-1.634009E+00,-7.353230E-04
1688711013
-1.603263E+00,-7.118493E-04
1688711016
-1.572515E+00,-6.889029E-04
1688711020
-1.541683E+00,-6.665475E-04
1688711023
-1.514343E+00,-6.470473E-04
1688711027
-1.483616E+00,-6.256606E-04
1688711031
-1.452732E+00,-6.043659E-04
1688711034
-1.422012E+00,-5.839840E-04
1688711038
-1.394671E+00,-5.662269E-04
1688711041
-1.363981E+00,-5.465916E-04
1688711045
-1.333141E+00,-5.271786E-04
1688711048
-1.302457E+00,-5.082782E-04
1688711052
-1.271710E+00,-4.898820E-04
1688711056
-1.244376E+00,-4.739264E-04
1688711059
-1.213586E+00,-4.559066E-04
1688711063
-1.182874E+00,-4.385954E-04
1688711066
-1.152139E+00,-4.213394E-04
1688711070
-1.121400E+00,-4.043725E-04
1688711074
-1.094131E+00,-3.895121E-04
1688711077
-1.063325E+00,-3.736484E-04
1688711081
-1.032610E+00,-3.574919E-04
1688711084
-1.001621E+00,-3.417053E-04
1688711088
-9.709287E-01,-3.264108E-04
1688711091
-9.436470E-01,-3.128963E-04
1688711095
-9.129143E-01,-2.982611E-04
1688711099
-8.821844E-01,-2.841182E-04
1688711102
-8.513663E-01,-2.699316E-04
1688711106
-8.240684E-01,-2.576953E-04
1688711109
-7.933596E-01,-2.443302E-04
1688711113
-7.626374E-01,-2.308946E-04
1688711117
-7.319478E-01,-2.179961E-04
1688711120
-7.011597E-01,-2.054400E-04
1688711124
-6.738074E-01,-1.943641E-04
1688711127
-6.431103E-01,-1.827512E-04
1688711131
-6.123381E-01,-1.709361E-04
1688711134
-5.814808E-01,-1.593682E-04
1688711138
-5.507853E-01,-1.482803E-04
1688711142
-5.234489E-01,-1.387119E-04
1688711145
-4.927603E-01,-1.281278E-04
1688711149
-4.619963E-01,-1.178576E-04
1688711152
-4.312717E-01,-1.078468E-04
1688711156
-4.004904E-01,-9.823421E-05
1688711160
-3.731923E-01,-8.983051E-05
1688711163
-3.425211E-01,-8.087514E-05
1688711167
-3.117623E-01,-7.215369E-05
1688711170
-2.810526E-01,-6.367073E-05
1688711174
-2.536678E-01,-5.627199E-05
1688711178
-2.228933E-01,-4.843542E-05
1688711181
-1.922087E-01,-4.090450E-05
1688711185
-1.614582E-01,-3.359374E-05
1688711188
-1.307728E-01,-2.665035E-05
1688711192
-1.034873E-01,-2.074362E-05
1688711195
-7.268926E-02,-1.432649E-05
1688711199
-4.185706E-02,-8.166221E-06
1688711202
-1.100818E-02,-2.086437E-06
1688711206
+8.909639E-03,+1.838022E-06
1688711209
+3.953531E-02,+7.983929E-06
1688711213
+7.018101E-02,+1.479571E-05
1688711217
+1.008392E-01,+2.339456E-05
1688711220
+1.281679E-01,+3.456809E-05
1688711224
+1.588686E-01,+5.619715E-05
1688711227
+1.896552E-01,+9.886574E-05
1688711231
+2.205110E-01,+1.834970E-04
1688711235
+2.479349E-01,+3.220000E-04
1688711238
+2.786440E-01,+5.858040E-04
1688711242
+3.093973E-01,+1.010631E-03
1688711245
+3.402030E-01,+1.634789E-03
1688711249
+3.708386E-01,+2.492775E-03
1688711252
+3.981791E-01,+3.493897E-03
1688711256
+4.290641E-01,+4.890676E-03
1688711260
+4.597839E-01,+6.624774E-03
1688711263
+4.905398E-01,+8.727525E-03
1688711267
+5.213371E-01,+1.124515E-02
1688711270
+5.486224E-01,+1.389359E-02
1688711274
+5.794072E-01,+1.725843E-02
1688711278
+6.102131E-01,+2.115644E-02
1688711281
+6.412199E-01,+2.560505E-02
1688711285
+6.719639E-01,+3.063162E-02
1688711288
+6.993558E-01,+3.574990E-02
1688711292
+7.302760E-01,+4.192009E-02
1688711295
+7.611578E-01,+4.883113E-02
1688711299
+7.920025E-01,+5.638440E-02
1688711303
+8.228524E-01,+6.465031E-02
1688711306
+8.503280E-01,+7.275420E-02
1688711310
+8.811781E-01,+8.224820E-02
1688711313
+9.120848E-01,+9.242304E-02
1688711317
+9.314693E-01,+1.000007E-01
1688711321
+9.261816E-01,+1.000007E-01
