1688719398
-1.993037E+00,-1.976975E-02
1688719402
-1.965786E+00,-1.978712E-02
1688719406
-1.935067E+00,-1.968241E-02
1688719409
-1.904291E+00,-1.973687E-02
1688719413
-1.873538E+00,-1.975364E-02
1688719416
-1.842893E+00,-1.969996E-02
1688719420
-1.815597E+00,-1.963980E-02
1688719423
-1.784864E+00,-1.967490E-02
1688719427
-1.754118E+00,-1.954292E-02
1688719431
-1.723429E+00,-1.954789E-02
1688719434
-1.692723E+00,-1.947263E-02
1688719438
-1.665406E+00,-1.936166E-02
1688719441
-1.634778E+00,-1.943770E-02
1688719445
-1.604026E+00,-1.936743E-02
1688719449
-1.573328E+00,-1.930965E-02
1688719452
-1.542480E+00,-1.921992E-02
1688719456
-1.515255E+00,-1.919464E-02
1688719459
-1.484523E+00,-1.918932E-02
1688719463
-1.453631E+00,-1.895027E-02
1688719466
-1.422936E+00,-1.887169E-02
1688719470
-1.395640E+00,-1.888360E-02
1688719474
-1.364825E+00,-1.878353E-02
1688719477
-1.334113E+00,-1.865574E-02
1688719481
-1.303435E+00,-1.855574E-02
1688719484
-1.272718E+00,-1.838716E-02
1688719488
-1.245369E+00,-1.849883E-02
1688719492
-1.214708E+00,-1.852738E-02
1688719495
-1.183948E+00,-1.838939E-02
1688719499
-1.153205E+00,-1.829544E-02
1688719502
-1.122400E+00,-1.818984E-02
1688719506
-1.095147E+00,-1.817309E-02
1688719509
-1.064339E+00,-1.820260E-02
1688719513
-1.033519E+00,-1.810798E-02
1688719517
-1.002599E+00,-1.803611E-02
1688719520
-9.719242E-01,-1.797852E-02
1688719524
-9.447277E-01,-1.792957E-02
1688719527
-9.139726E-01,-1.788731E-02
1688719531
-8.832126E-01,-1.786282E-02
1688719535
-8.524861E-01,-1.771648E-02
1688719538
-8.251418E-01,-1.766552E-02
1688719542
-7.944493E-01,-1.762805E-02
1688719545
-7.637384E-01,-1.754101E-02
1688719549
-7.330661E-01,-1.749176E-02
1688719552
-7.023481E-01,-1.743746E-02
1688719556
-6.749811E-01,-1.739713E-02
1688719560
-6.442546E-01,-1.734656E-02
1688719563
-6.134619E-01,-1.728564E-02
1688719567
-5.825865E-01,-1.722640E-02
1688719570
-5.519416E-01,-1.717633E-02
1688719574
-5.247424E-01,-1.711697E-02
1688719578
-4.939192E-01,-1.708322E-02
1688719581
-4.631783E-01,-1.701311E-02
1688719585
-4.324243E-01,-1.691694E-02
1688719588
-4.016561E-01,-1.682993E-02
1688719592
-3.743885E-01,-1.675565E-02
1688719595
-3.437539E-01,-1.664575E-02
1688719599
-3.130331E-01,-1.653528E-02
1688719603
-2.823108E-01,-1.642271E-02
1688719606
-2.549014E-01,-1.645370E-02
1688719610
-2.241584E-01,-1.630091E-02
1688719613
-1.934118E-01,-1.622331E-02
1688719617
-1.626487E-01,-1.604322E-02
1688719621
-1.319180E-01,-1.591275E-02
1688719624
-1.046697E-01,-1.572580E-02
1688719628
-7.391071E-02,-1.551990E-02
1688719631
-4.305413E-02,-1.539339E-02
1688719635
-1.227094E-02,-1.515956E-02
1688719638
+9.135303E-03,-1.496965E-02
1688719642
+3.983125E-02,-1.461663E-02
1688719646
+7.045875E-02,-1.429392E-02
1688719649
+1.011372E-01,-1.391056E-02
1688719653
+1.284286E-01,-1.349844E-02
1688719656
+1.591370E-01,-1.290823E-02
1688719660
+1.899530E-01,-1.203903E-02
1688719664
+2.208407E-01,-1.102899E-02
1688719667
+2.467894E-01,-1.001468E-02
1688719671
+2.778748E-01,-8.416421E-03
1688719674
+3.089901E-01,-6.421833E-03
1688719678
+3.400798E-01,-4.127672E-03
1688719681
+3.712409E-01,-1.501881E-03
1688719685
+3.988427E-01,+1.101498E-03
1688719689
+4.301324E-01,+4.232227E-03
1688719692
+4.615497E-01,+7.636766E-03
1688719696
+4.910195E-01,+1.091172E-02
1688719699
+5.219079E-01,+1.479304E-02
1688719703
+5.492845E-01,+1.860308E-02
1688719707
+5.800810E-01,+2.328110E-02
1688719710
+6.108061E-01,+2.844881E-02
1688719714
+6.418415E-01,+3.427997E-02
1688719717
+6.727291E-01,+4.072329E-02
1688719721
+7.000656E-01,+4.716925E-02
1688719724
+7.309673E-01,+5.496846E-02
1688719728
+7.618859E-01,+6.362496E-02
1688719732
+7.927651E-01,+7.308720E-02
1688719735
+8.235844E-01,+8.341400E-02
1688719739
+8.510051E-01,+9.358547E-02
1688719742
+8.651924E-01,+1.000006E-01
1688719746
+8.609373E-01,+1.000005E-01
1688719750
+8.585101E-01,+1.000005E-01
1688719753
+8.564811E-01,+1.000006E-01
