1675981963
-1.001496E+00,-4.567442E-02
1675981966
-8.989177E-01,-3.447650E-02
1675981968
-7.928380E-01,-2.745371E-02
1675981971
-6.869128E-01,-2.277477E-02
1675981973
-5.808613E-01,-1.867411E-02
1675981976
-4.783871E-01,-1.490607E-02
1675981979
-3.723672E-01,-1.114838E-02
1675981981
-2.664218E-01,-7.534428E-03
1675981984
-1.604288E-01,-4.081241E-03
1675981986
-5.455587E-02,-8.141695E-04
1675981989
+5.113191E-02,+2.313780E-03
1675981991
+1.568326E-01,+5.342037E-03
1675981994
+2.595596E-01,+8.291134E-03
1675981997
+3.653879E-01,+1.140168E-02
1675981999
+4.713263E-01,+1.460422E-02
1675982002
+5.770562E-01,+1.789163E-02
1675982004
+6.796823E-01,+2.117388E-02
1675982007
+7.856938E-01,+2.464806E-02
1675982010
+8.915459E-01,+2.820932E-02
1675982012
+9.974149E-01,+3.186171E-02
