1682926915
+5.772302E-04,-1.404001E-02
1682926918
+2.798715E-02,-1.370068E-02
1682926920
+5.184261E-02,-1.343914E-02
1682926923
+7.569559E-02,-1.310950E-02
1682926926
+1.029295E-01,-1.267399E-02
1682926928
+1.269193E-01,-1.224341E-02
1682926931
+1.507747E-01,-1.169986E-02
1682926933
+1.781538E-01,-1.093987E-02
1682926936
+2.020951E-01,-1.012618E-02
1682926939
+2.248188E-01,-9.275379E-03
1682926941
+2.489537E-01,-8.114224E-03
1682926944
+2.765112E-01,-6.581853E-03
1682926946
+3.007011E-01,-5.051071E-03
1682926949
+3.248518E-01,-3.385704E-03
1682926952
+3.525635E-01,-1.353508E-03
1682926954
+3.780077E-01,+7.418433E-04
1682926957
+4.008990E-01,+2.505082E-03
1682926959
+4.286683E-01,+4.820955E-03
1682926962
+4.530151E-01,+6.958110E-03
1682926964
+4.773284E-01,+9.207335E-03
1682926967
+5.030861E-01,+1.156558E-02
1682926970
+5.271475E-01,+1.408278E-02
1682926972
+5.510980E-01,+1.678676E-02
1682926975
+5.783919E-01,+2.011136E-02
1682926977
+6.023108E-01,+2.335959E-02
1682926980
+6.263354E-01,+2.689975E-02
1682926983
+6.538045E-01,+3.128580E-02
1682926985
+6.777965E-01,+3.564734E-02
1682926988
+7.017847E-01,+4.038402E-02
1682926990
+7.292513E-01,+4.615951E-02
1682926993
+7.532324E-01,+5.184051E-02
1682926996
+7.773464E-01,+5.799858E-02
1682926998
+8.047395E-01,+6.543899E-02
1682927001
+8.286777E-01,+7.270992E-02
1682927003
+8.527104E-01,+8.040514E-02
1682927006
+8.800997E-01,+8.954292E-02
1682927009
+9.041644E-01,+9.841591E-02
1682927011
+9.036542E-01,+1.000001E-01
1682927014
+9.007825E-01,+1.000001E-01
1682927016
+8.988775E-01,+1.000001E-01
