1679747504
-9.982135E-01,-1.958921E-02
1679747506
-9.299859E-01,-1.944176E-02
1679747509
-8.650622E-01,-1.933345E-02
1679747512
-7.933543E-01,-1.920141E-02
1679747514
-7.285733E-01,-1.908418E-02
1679747517
-6.602309E-01,-1.900283E-02
1679747519
-5.883930E-01,-1.889329E-02
1679747522
-5.235944E-01,-1.878546E-02
1679747524
-4.552411E-01,-1.869005E-02
1679747527
-3.903333E-01,-1.861027E-02
1679747530
-3.186556E-01,-1.854120E-02
1679747532
-2.502773E-01,-1.845891E-02
1679747535
-1.854036E-01,-1.838443E-02
1679747537
-1.137792E-01,-1.829356E-02
1679747540
-4.884468E-02,-1.823956E-02
1679747543
+2.044492E-02,-1.815038E-02
1679747545
+9.187631E-02,-1.808040E-02
1679747548
+1.567310E-01,-1.798683E-02
1679747550
+2.252561E-01,-1.790402E-02
1679747553
+2.901743E-01,-1.779540E-02
1679747556
+3.618758E-01,-1.765689E-02
1679747558
+4.301272E-01,-1.746550E-02
1679747561
+4.949354E-01,-1.716215E-02
1679747563
+5.666316E-01,-1.631568E-02
1679747566
+6.317200E-01,-1.381474E-02
1679747569
+6.992860E-01,-6.414653E-03
1679747571
+7.721208E-01,+1.151809E-02
1679747574
+8.372841E-01,+3.463555E-02
1679747576
+9.061420E-01,+6.411899E-02
1679747579
+9.715828E-01,+9.564590E-02
