1678990175
-9.983087E-01,-1.874760E-02
1678990177
-9.301106E-01,-1.869677E-02
1678990180
-8.652269E-01,-1.866795E-02
1678990183
-7.934873E-01,-1.861889E-02
1678990185
-7.286602E-01,-1.855791E-02
1678990188
-6.603235E-01,-1.852840E-02
1678990190
-5.885081E-01,-1.847877E-02
1678990193
-5.236602E-01,-1.845963E-02
1678990196
-4.553176E-01,-1.842027E-02
1678990198
-3.904030E-01,-1.837694E-02
1678990201
-3.187785E-01,-1.833526E-02
1678990203
-2.503769E-01,-1.831512E-02
1678990206
-1.854806E-01,-1.826820E-02
1678990209
-1.138186E-01,-1.822685E-02
1678990211
-4.882055E-02,-1.819444E-02
1678990214
+2.038742E-02,-1.814592E-02
1678990216
+9.177302E-02,-1.811287E-02
1678990219
+1.565545E-01,-1.806627E-02
1678990221
+2.250746E-01,-1.802352E-02
1678990224
+2.899787E-01,-1.797182E-02
1678990227
+3.617137E-01,-1.790482E-02
1678990229
+4.299570E-01,-1.780538E-02
1678990232
+4.947626E-01,-1.761643E-02
1678990234
+5.665001E-01,-1.703182E-02
1678990237
+6.315184E-01,-1.522833E-02
1678990240
+6.998760E-01,-8.612379E-03
1678990242
+7.718938E-01,+9.448901E-03
1678990245
+8.371722E-01,+3.529416E-02
1678990247
+9.060768E-01,+6.896711E-02
1678990250
+9.612610E-01,+9.999926E-02
