1683548553
-1.136315E-03,-1.491267E-02
1683548556
+2.609802E-02,-1.466484E-02
1683548560
+4.991119E-02,-1.444124E-02
1683548564
+7.375688E-02,-1.419060E-02
1683548567
+1.009504E-01,-1.385960E-02
1683548571
+1.249453E-01,-1.350858E-02
1683548574
+1.487835E-01,-1.306996E-02
1683548578
+1.760538E-01,-1.247881E-02
1683548581
+2.001238E-01,-1.180729E-02
1683548585
+2.241405E-01,-1.097500E-02
1683548589
+2.481481E-01,-9.980891E-03
1683548592
+2.754725E-01,-8.561369E-03
1683548596
+2.993866E-01,-7.068739E-03
1683548599
+3.232799E-01,-5.406534E-03
1683548603
+3.506626E-01,-3.314498E-03
1683548607
+3.745968E-01,-1.354115E-03
1683548610
+3.984665E-01,+7.419033E-04
1683548614
+4.258610E-01,+3.116491E-03
1683548617
+4.498794E-01,+5.266350E-03
1683548621
+4.737810E-01,+7.453440E-03
1683548624
+5.011246E-01,+1.007181E-02
1683548628
+5.251229E-01,+1.251165E-02
1683548632
+5.489876E-01,+1.507994E-02
1683548635
+5.763382E-01,+1.822588E-02
1683548639
+6.002596E-01,+2.126143E-02
1683548642
+6.244005E-01,+2.459895E-02
1683548646
+6.518417E-01,+2.866905E-02
1683548650
+6.758462E-01,+3.265996E-02
1683548653
+6.997146E-01,+3.696344E-02
1683548657
+7.272246E-01,+4.222549E-02
1683548660
+7.512056E-01,+4.747273E-02
1683548664
+7.751757E-01,+5.308222E-02
1683548667
+8.026336E-01,+5.987250E-02
1683548671
+8.265900E-01,+6.644353E-02
1683548675
+8.506017E-01,+7.348269E-02
1683548678
+8.780806E-01,+8.183870E-02
1683548682
+9.021207E-01,+9.000400E-02
1683548685
+9.260806E-01,+9.846464E-02
1683548689
+9.248568E-01,+1.000011E-01
1683548693
+9.219705E-01,+1.000011E-01
