1677003769
-9.979376E-01,-1.847957E-02
1677003772
-9.399815E-01,-1.847095E-02
1677003774
-8.750826E-01,-1.843688E-02
1677003777
-8.135261E-01,-1.842899E-02
1677003780
-7.487823E-01,-1.840144E-02
1677003782
-6.906844E-01,-1.839835E-02
1677003785
-6.292213E-01,-1.838929E-02
1677003787
-5.642157E-01,-1.835521E-02
1677003790
-5.028133E-01,-1.834305E-02
1677003792
-4.378487E-01,-1.833557E-02
1677003795
-3.797858E-01,-1.830230E-02
1677003798
-3.184127E-01,-1.829193E-02
1677003800
-2.534415E-01,-1.826509E-02
1677003803
-1.954194E-01,-1.826453E-02
1677003805
-1.271420E-01,-1.822682E-02
1677003808
-6.905077E-02,-1.822069E-02
1677003811
-7.504154E-03,-1.817391E-02
1677003813
+5.309245E-02,-1.816068E-02
1677003816
+1.143962E-01,-1.813077E-02
1677003818
+1.791417E-01,-1.810741E-02
1677003821
+2.409793E-01,-1.808870E-02
1677003824
+2.990714E-01,-1.805744E-02
1677003826
+3.639571E-01,-1.800964E-02
1677003829
+4.253377E-01,-1.795508E-02
1677003831
+4.901791E-01,-1.782851E-02
1677003834
+5.482488E-01,-1.752487E-02
1677003837
+6.096492E-01,-1.646339E-02
1677003839
+6.747617E-01,-1.229740E-02
1677003842
+7.363099E-01,-1.777255E-03
1677003844
+8.016369E-01,+1.848103E-02
