1676302103
-9.993504E-01,-1.726256E-02
1676302106
-9.311433E-01,-1.722000E-02
1676302109
-8.662620E-01,-1.715401E-02
1676302111
-7.946314E-01,-1.708921E-02
1676302114
-7.297620E-01,-1.697721E-02
1676302116
-6.614601E-01,-1.671928E-02
1676302119
-5.896143E-01,-1.615828E-02
1676302122
-5.247579E-01,-1.526255E-02
1676302124
-4.564291E-01,-1.392485E-02
1676302127
-3.915089E-01,-1.241558E-02
1676302129
-3.198593E-01,-1.060552E-02
1676302132
-2.533246E-01,-8.913363E-03
1676302135
-1.881160E-01,-7.215012E-03
1676302137
-1.159258E-01,-5.378974E-03
1676302140
-5.069295E-02,-3.815258E-03
1676302142
+1.955376E-02,-2.299967E-03
1676302145
+9.127234E-02,-1.072568E-03
1676302147
+1.555080E-01,-4.049393E-04
1676302150
+2.245605E-01,-1.054843E-04
1676302153
+2.892172E-01,-2.758143E-05
1676302155
+3.602211E-01,-6.508971E-06
1676302158
+4.294096E-01,-1.607046E-06
1676302160
+4.937862E-01,-4.489500E-07
1676302163
+5.661142E-01,-9.830585E-08
1676302166
+6.312565E-01,-2.015800E-08
1676302168
+6.995693E-01,-1.554423E-09
1676302171
+7.713335E-01,+1.198688E-09
1676302173
+8.360612E-01,+1.512795E-09
1676302176
+9.044316E-01,+1.621996E-09
1676302179
+9.693177E-01,+1.687901E-09
