1677005709
-9.982871E-01,-1.835927E-02
1677005711
-9.300831E-01,-1.833311E-02
1677005714
-8.651788E-01,-1.830463E-02
1677005716
-7.935148E-01,-1.826985E-02
1677005719
-7.286765E-01,-1.827937E-02
1677005722
-6.603459E-01,-1.824155E-02
1677005724
-5.884832E-01,-1.821315E-02
1677005727
-5.236864E-01,-1.819299E-02
1677005729
-4.553552E-01,-1.817292E-02
1677005732
-3.904826E-01,-1.816120E-02
1677005734
-3.188117E-01,-1.813660E-02
1677005737
-2.503203E-01,-1.812057E-02
1677005740
-1.855211E-01,-1.809132E-02
1677005742
-1.138561E-01,-1.807082E-02
1677005745
-4.889175E-02,-1.804281E-02
1677005747
+1.915587E-02,-1.800709E-02
1677005750
+9.058449E-02,-1.798951E-02
1677005753
+1.554164E-01,-1.794469E-02
1677005755
+2.238954E-01,-1.791414E-02
1677005758
+2.888134E-01,-1.788550E-02
1677005760
+3.606431E-01,-1.783039E-02
1677005763
+4.288333E-01,-1.773595E-02
1677005766
+4.936578E-01,-1.752726E-02
1677005768
+5.654009E-01,-1.692862E-02
1677005771
+6.303506E-01,-1.503801E-02
1677005773
+6.974917E-01,-8.662438E-03
1677005776
1677005778
1677005781
1677005784
