1676391604
-9.989505E-01,-1.781474E-02
1676391607
-9.307648E-01,-1.781799E-02
1676391609
-8.658856E-01,-1.779602E-02
1676391612
-7.941650E-01,-1.777169E-02
1676391614
-7.293240E-01,-1.774731E-02
1676391617
-6.610160E-01,-1.772441E-02
1676391620
-5.890484E-01,-1.770362E-02
1676391622
-5.243050E-01,-1.767895E-02
1676391625
-4.559195E-01,-1.765741E-02
1676391627
-3.910654E-01,-1.762916E-02
1676391630
-3.194455E-01,-1.760080E-02
1676391633
-2.510550E-01,-1.756434E-02
1676391635
-1.862768E-01,-1.757682E-02
1676391638
-1.145610E-01,-1.754147E-02
1676391640
-4.947668E-02,-1.752813E-02
1676391643
+1.937566E-02,-1.748708E-02
1676391645
+9.078664E-02,-1.746171E-02
1676391648
+1.555944E-01,-1.743595E-02
1676391651
+2.241924E-01,-1.740719E-02
1676391653
+2.891621E-01,-1.734604E-02
1676391656
+3.608508E-01,-1.730488E-02
1676391658
+4.290719E-01,-1.721292E-02
1676391661
+4.938889E-01,-1.703214E-02
1676391664
+5.655828E-01,-1.643457E-02
1676391666
+6.306098E-01,-1.454340E-02
1676391669
+6.989678E-01,-7.698500E-03
1676391671
+7.711374E-01,+1.148822E-02
1676391674
+8.363554E-01,+3.962060E-02
1676391677
+9.053639E-01,+7.717282E-02
1676391679
+9.418496E-01,+9.999902E-02
