1684729949
-1.999457E+00,-1.658289E-02
1684729953
-1.972202E+00,-1.658774E-02
1684729956
-1.941498E+00,-1.654757E-02
1684729960
-1.910653E+00,-1.650350E-02
1684729964
-1.879924E+00,-1.642152E-02
1684729967
-1.849266E+00,-1.636524E-02
1684729971
-1.821936E+00,-1.631249E-02
1684729974
-1.791163E+00,-1.624352E-02
1684729978
-1.760531E+00,-1.616359E-02
1684729982
-1.729845E+00,-1.610539E-02
1684729985
-1.699044E+00,-1.602225E-02
1684729989
-1.671761E+00,-1.597018E-02
1684729992
-1.641071E+00,-1.587618E-02
1684729996
-1.610328E+00,-1.580979E-02
1684729999
-1.579582E+00,-1.576927E-02
1684730003
-1.548795E+00,-1.568733E-02
1684730007
-1.521537E+00,-1.562826E-02
1684730010
-1.490822E+00,-1.556155E-02
1684730014
-1.459781E+00,-1.549546E-02
1684730017
-1.429107E+00,-1.543930E-02
1684730021
-1.401826E+00,-1.538082E-02
1684730025
-1.371225E+00,-1.532580E-02
1684730028
-1.340414E+00,-1.525366E-02
1684730032
-1.309684E+00,-1.519854E-02
1684730035
-1.278972E+00,-1.514049E-02
1684730039
-1.251633E+00,-1.507028E-02
1684730042
-1.220939E+00,-1.498399E-02
1684730046
-1.190179E+00,-1.494386E-02
1684730050
-1.159496E+00,-1.486912E-02
1684730053
-1.128686E+00,-1.481167E-02
1684730057
-1.101392E+00,-1.472822E-02
1684730060
-1.070661E+00,-1.465265E-02
1684730064
-1.039833E+00,-1.461859E-02
1684730068
-1.008850E+00,-1.455694E-02
1684730071
-9.782177E-01,-1.448765E-02
1684730075
-9.509761E-01,-1.440763E-02
1684730078
-9.202244E-01,-1.434261E-02
1684730082
-8.894420E-01,-1.426087E-02
1684730085
-8.587715E-01,-1.420704E-02
1684730089
-8.314485E-01,-1.410612E-02
1684730093
-8.007242E-01,-1.405603E-02
1684730096
-7.700250E-01,-1.398536E-02
1684730100
-7.393063E-01,-1.390958E-02
1684730103
-7.086015E-01,-1.383213E-02
1684730107
-6.811181E-01,-1.379810E-02
1684730111
-6.503887E-01,-1.371158E-02
1684730114
-6.197153E-01,-1.358247E-02
1684730118
-5.888301E-01,-1.349847E-02
1684730121
-5.580415E-01,-1.340136E-02
1684730125
-5.307935E-01,-1.331552E-02
1684730128
-5.000424E-01,-1.321284E-02
1684730132
-4.692422E-01,-1.309378E-02
1684730136
-4.385178E-01,-1.299756E-02
1684730139
-4.077611E-01,-1.288726E-02
1684730143
-3.804486E-01,-1.276652E-02
1684730146
-3.497310E-01,-1.263527E-02
1684730150
-3.190926E-01,-1.251411E-02
1684730154
-2.883683E-01,-1.236986E-02
1684730157
-2.609366E-01,-1.223742E-02
1684730161
-2.302649E-01,-1.208165E-02
1684730164
-1.994205E-01,-1.191240E-02
1684730168
-1.686561E-01,-1.173938E-02
1684730171
-1.379585E-01,-1.151499E-02
1684730175
-1.106211E-01,-1.130747E-02
1684730179
-7.988341E-02,-1.102013E-02
1684730182
-4.905148E-02,-1.070714E-02
1684730186
-1.826627E-02,-1.031074E-02
1684730189
+1.162379E-02,-9.838014E-03
1684730193
+4.223919E-02,-9.244772E-03
1684730197
+7.279209E-02,-8.534488E-03
1684730200
+1.033858E-01,-7.668991E-03
1684730204
+1.308372E-01,-6.780739E-03
1684730207
+1.614827E-01,-5.666623E-03
1684730211
+1.922933E-01,-4.460076E-03
1684730214
+2.232197E-01,-3.172025E-03
1684730218
+2.506169E-01,-1.997857E-03
1684730222
+2.813617E-01,-6.636077E-04
1684730225
+3.121822E-01,+7.232918E-04
1684730229
+3.429861E-01,+2.115001E-03
1684730232
+3.737491E-01,+3.572316E-03
1684730236
+4.010280E-01,+4.957298E-03
1684730240
+4.318545E-01,+6.653491E-03
1684730243
+4.625224E-01,+8.555485E-03
1684730247
+4.933014E-01,+1.072004E-02
1684730250
+5.240093E-01,+1.318306E-02
1684730254
+5.513297E-01,+1.569995E-02
1684730257
+5.821437E-01,+1.884760E-02
1684730261
+6.128442E-01,+2.245290E-02
1684730265
+6.439584E-01,+2.658503E-02
1684730268
+6.747180E-01,+3.123290E-02
1684730272
+7.020654E-01,+3.589201E-02
1684730275
+7.329968E-01,+4.157478E-02
1684730279
+7.638884E-01,+4.791371E-02
1684730283
+7.947321E-01,+5.483091E-02
1684730286
+8.255461E-01,+6.236991E-02
1684730290
+8.529082E-01,+6.972764E-02
1684730293
+8.837982E-01,+7.849101E-02
1684730297
+9.146220E-01,+8.778996E-02
1684730300
+9.455653E-01,+9.767977E-02
1684730304
+9.477351E-01,+9.999924E-02
