1676392959
-9.993994E-01,-1.831095E-02
1676392961
-9.311759E-01,-1.826996E-02
1676392964
-8.662924E-01,-1.821786E-02
1676392967
-7.946237E-01,-1.816142E-02
1676392969
-7.297746E-01,-1.812283E-02
1676392972
-6.614781E-01,-1.807304E-02
1676392974
-5.896211E-01,-1.802818E-02
1676392977
-5.247899E-01,-1.799831E-02
1676392980
-4.563716E-01,-1.794153E-02
1676392982
-3.914504E-01,-1.790725E-02
1676392985
-3.198927E-01,-1.784426E-02
1676392987
-2.515345E-01,-1.780943E-02
1676392990
-1.867183E-01,-1.776369E-02
1676392993
-1.150841E-01,-1.771963E-02
1676392995
-5.007936E-02,-1.768980E-02
1676392998
+1.964564E-02,-1.764430E-02
1676393000
+9.106860E-02,-1.760103E-02
1676393003
+1.559042E-01,-1.754729E-02
1676393005
+2.244234E-01,-1.747762E-02
1676393008
+2.893440E-01,-1.741793E-02
1676393011
+3.610496E-01,-1.733680E-02
1676393013
+4.294061E-01,-1.718188E-02
1676393016
+4.942051E-01,-1.691642E-02
1676393018
+5.658873E-01,-1.615517E-02
1676393021
+6.308821E-01,-1.398892E-02
1676393024
+6.993380E-01,-6.940585E-03
1676393026
+7.713879E-01,+9.832015E-03
1676393029
+8.365588E-01,+3.208942E-02
1676393031
+9.053423E-01,+6.027371E-02
1676393034
+9.706955E-01,+8.985982E-02
