1678346841
-9.979280E-01,-1.867395E-02
1678346844
-9.297347E-01,-1.863410E-02
1678346847
-8.648488E-01,-1.856885E-02
1678346849
-7.930751E-01,-1.853793E-02
1678346852
-7.282642E-01,-1.849263E-02
1678346854
-6.599603E-01,-1.844383E-02
1678346857
-5.880006E-01,-1.839914E-02
1678346860
-5.233032E-01,-1.836538E-02
1678346862
-4.549583E-01,-1.833600E-02
1678346865
-3.900640E-01,-1.829884E-02
1678346867
-3.183163E-01,-1.827369E-02
1678346870
-2.499040E-01,-1.823805E-02
1678346873
-1.850998E-01,-1.821311E-02
1678346875
-1.134413E-01,-1.819021E-02
1678346878
-4.847860E-02,-1.818214E-02
1678346880
+1.899026E-02,-1.815252E-02
1678346883
+9.042317E-02,-1.811251E-02
1678346886
+1.552869E-01,-1.808518E-02
1678346888
+2.237509E-01,-1.805401E-02
1678346891
+2.886031E-01,-1.802200E-02
1678346893
+3.603527E-01,-1.794679E-02
1678346896
+4.286174E-01,-1.783162E-02
1678346898
+4.934754E-01,-1.761075E-02
1678346901
+5.652152E-01,-1.690759E-02
1678346904
+6.302722E-01,-1.483337E-02
1678346906
+6.974562E-01,-8.182738E-03
1678346909
1678346911
1678346914
1678346917
