1679747321
-9.983054E-01,-1.958233E-02
1679747324
-9.301272E-01,-1.941442E-02
1679747327
-8.652127E-01,-1.930802E-02
1679747329
-7.935215E-01,-1.919607E-02
1679747332
-7.286745E-01,-1.905902E-02
1679747334
-6.602938E-01,-1.895637E-02
1679747337
-5.885077E-01,-1.886339E-02
1679747340
-5.236909E-01,-1.878456E-02
1679747342
-4.552435E-01,-1.869245E-02
1679747345
-3.903606E-01,-1.859969E-02
1679747347
-3.187355E-01,-1.852650E-02
1679747350
-2.503431E-01,-1.846471E-02
1679747353
-1.855019E-01,-1.838247E-02
1679747355
-1.137709E-01,-1.831534E-02
1679747358
-4.886050E-02,-1.825502E-02
1679747360
+2.030063E-02,-1.815719E-02
1679747363
+9.177700E-02,-1.808181E-02
1679747366
+1.565883E-01,-1.800453E-02
1679747368
+2.250650E-01,-1.789062E-02
1679747371
+2.900173E-01,-1.780114E-02
1679747373
+3.617572E-01,-1.764767E-02
1679747376
+4.299970E-01,-1.748028E-02
1679747379
+4.948801E-01,-1.718078E-02
1679747381
+5.665810E-01,-1.634150E-02
1679747384
+6.316266E-01,-1.385509E-02
1679747386
+6.992516E-01,-6.455438E-03
1679747389
+7.721860E-01,+1.149551E-02
1679747391
+8.373884E-01,+3.469789E-02
1679747394
+9.061487E-01,+6.421723E-02
1679747397
+9.715344E-01,+9.576394E-02
