1678344817
-9.978592E-01,-2.073203E-02
1678344820
-9.296787E-01,-2.045326E-02
1678344822
-8.647584E-01,-2.015488E-02
1678344825
-7.930455E-01,-1.982432E-02
1678344828
-7.281572E-01,-1.951781E-02
1678344830
-6.597927E-01,-1.921718E-02
1678344833
-5.879977E-01,-1.891506E-02
1678344835
-5.231453E-01,-1.865124E-02
1678344838
-4.548114E-01,-1.836540E-02
1678344841
-3.898665E-01,-1.811744E-02
1678344843
-3.182766E-01,-1.783278E-02
1678344846
-2.498793E-01,-1.758457E-02
1678344848
-1.849660E-01,-1.731650E-02
1678344851
-1.133644E-01,-1.705703E-02
1678344854
-4.839846E-02,-1.679261E-02
1678344856
+1.886345E-02,-1.654488E-02
1678344859
+9.034048E-02,-1.625000E-02
1678344861
+1.552324E-01,-1.600922E-02
1678344864
+2.237305E-01,-1.572291E-02
1678344867
+2.886376E-01,-1.542715E-02
1678344869
+3.603049E-01,-1.508933E-02
1678344872
+4.285935E-01,-1.467696E-02
1678344874
+4.934957E-01,-1.434680E-02
1678344877
+5.652186E-01,-1.452637E-02
1678344879
+6.301983E-01,-1.238666E-02
1678344882
+6.977665E-01,-5.833698E-03
1678344885
+7.706845E-01,+1.141245E-02
1678344887
+8.358752E-01,+3.473698E-02
1678344890
+9.047097E-01,+6.475725E-02
1678344892
+9.701520E-01,+9.718128E-02
