1684728571
-2.000019E+00,-2.033027E-02
1684728574
-1.972772E+00,-2.004006E-02
1684728578
-1.942098E+00,-1.987662E-02
1684728581
-1.911250E+00,-1.970840E-02
1684728585
-1.880468E+00,-1.955971E-02
1684728589
-1.849756E+00,-1.947344E-02
1684728592
-1.822489E+00,-1.933729E-02
1684728596
-1.791675E+00,-1.927067E-02
1684728599
-1.760988E+00,-1.919051E-02
1684728603
-1.730176E+00,-1.909129E-02
1684728607
-1.699474E+00,-1.900616E-02
1684728610
-1.672137E+00,-1.896009E-02
1684728614
-1.641474E+00,-1.885973E-02
1684728617
-1.610635E+00,-1.878987E-02
1684728621
-1.579935E+00,-1.873427E-02
1684728624
-1.549235E+00,-1.864505E-02
1684728628
-1.521957E+00,-1.861494E-02
1684728632
-1.491158E+00,-1.851823E-02
1684728635
-1.460261E+00,-1.847067E-02
1684728639
-1.429495E+00,-1.841255E-02
1684728642
-1.402311E+00,-1.834390E-02
1684728646
-1.371545E+00,-1.828223E-02
1684728650
-1.340851E+00,-1.822134E-02
1684728653
-1.310107E+00,-1.813969E-02
1684728657
-1.279349E+00,-1.813833E-02
1684728660
-1.252017E+00,-1.806345E-02
1684728664
-1.221249E+00,-1.799547E-02
1684728667
-1.190479E+00,-1.795142E-02
1684728671
-1.159821E+00,-1.790300E-02
1684728675
-1.129009E+00,-1.783930E-02
1684728678
-1.101722E+00,-1.779298E-02
1684728682
-1.070974E+00,-1.774117E-02
1684728685
-1.040164E+00,-1.765694E-02
1684728689
-1.009231E+00,-1.759693E-02
1684728693
-9.785672E-01,-1.756708E-02
1684728696
-9.512051E-01,-1.751599E-02
1684728700
-9.206011E-01,-1.748638E-02
1684728703
-8.899060E-01,-1.745211E-02
1684728707
-8.590257E-01,-1.740110E-02
1684728710
-8.317245E-01,-1.734824E-02
1684728714
-8.010144E-01,-1.727360E-02
1684728718
-7.702627E-01,-1.724804E-02
1684728721
-7.396203E-01,-1.715734E-02
1684728725
-7.089011E-01,-1.710847E-02
1684728728
-6.815548E-01,-1.707914E-02
1684728732
-6.507253E-01,-1.698745E-02
1684728736
-6.199595E-01,-1.693724E-02
1684728739
-5.891620E-01,-1.686157E-02
1684728743
-5.584220E-01,-1.681393E-02
1684728746
-5.311831E-01,-1.675527E-02
1684728750
-5.005266E-01,-1.668004E-02
1684728753
-4.697331E-01,-1.660419E-02
1684728757
-4.389705E-01,-1.651099E-02
1684728761
-4.081312E-01,-1.645735E-02
1684728764
-3.808223E-01,-1.635585E-02
1684728768
-3.501908E-01,-1.629193E-02
1684728771
-3.195567E-01,-1.620186E-02
1684728775
-2.888124E-01,-1.610493E-02
1684728779
-2.613927E-01,-1.601899E-02
1684728782
-2.306935E-01,-1.590923E-02
1684728786
-1.999275E-01,-1.579419E-02
1684728789
-1.691476E-01,-1.567098E-02
1684728793
-1.384401E-01,-1.554102E-02
1684728796
-1.111795E-01,-1.542538E-02
1684728800
-8.046281E-02,-1.524089E-02
1684728804
-4.964934E-02,-1.507913E-02
1684728807
-1.883587E-02,-1.492000E-02
1684728811
+1.149197E-02,-1.467719E-02
1684728814
+4.221237E-02,-1.442540E-02
1684728818
+7.284019E-02,-1.412816E-02
1684728822
+1.034372E-01,-1.377656E-02
1684728825
+1.308376E-01,-1.340117E-02
1684728829
+1.615680E-01,-1.281320E-02
1684728832
+1.923310E-01,-1.209213E-02
1684728836
+2.231373E-01,-1.111847E-02
1684728839
+2.505353E-01,-1.004312E-02
1684728843
+2.812140E-01,-8.594702E-03
1684728847
+3.119712E-01,-6.906202E-03
1684728850
+3.427589E-01,-5.009274E-03
1684728854
+3.735236E-01,-2.957708E-03
1684728857
+4.009224E-01,-1.038816E-03
1684728861
+4.316677E-01,+1.235315E-03
1684728865
+4.624399E-01,+3.513213E-03
1684728868
+4.931670E-01,+5.805037E-03
1684728872
+5.240399E-01,+8.136764E-03
1684728875
+5.513545E-01,+1.015236E-02
1684728879
+5.820606E-01,+1.237953E-02
1684728882
+6.128277E-01,+1.357200E-02
1684728886
+6.436681E-01,+1.465528E-02
1684728890
+6.744300E-01,+1.606550E-02
1684728893
+7.017823E-01,+1.742712E-02
1684728897
+7.326496E-01,+2.107017E-02
1684728900
+7.634673E-01,+2.477871E-02
1684728904
+7.940518E-01,+2.543224E-02
1684728908
+8.248731E-01,+2.966333E-02
1684728911
+8.522962E-01,+3.228391E-02
1684728915
+8.830758E-01,+3.366856E-02
1684728918
+9.138789E-01,+4.116543E-02
1684728922
+9.447246E-01,+4.708365E-02
1684728926
+9.722736E-01,+5.729277E-02
