1678320700
-1.000233E+00,-1.869364E-02
1678320702
-9.320999E-01,-1.864084E-02
1678320705
-8.671602E-01,-1.861024E-02
1678320708
-7.954789E-01,-1.854786E-02
1678320710
-7.306381E-01,-1.851770E-02
1678320713
-6.623157E-01,-1.846374E-02
1678320715
-5.904050E-01,-1.840330E-02
1678320718
-5.256628E-01,-1.836620E-02
1678320721
-4.573843E-01,-1.831656E-02
1678320723
-3.925546E-01,-1.827982E-02
1678320726
-3.208477E-01,-1.823128E-02
1678320728
-2.525459E-01,-1.818032E-02
1678320731
-1.876236E-01,-1.815307E-02
1678320734
-1.158966E-01,-1.811096E-02
1678320736
-5.100840E-02,-1.806604E-02
1678320739
+2.005785E-02,-1.802022E-02
1678320741
+9.143179E-02,-1.796195E-02
1678320744
+1.563228E-01,-1.793891E-02
1678320747
+2.248705E-01,-1.786392E-02
1678320749
+2.898573E-01,-1.777175E-02
1678320752
+3.614638E-01,-1.768223E-02
1678320754
+4.297781E-01,-1.755087E-02
1678320757
+4.945332E-01,-1.736043E-02
1678320759
+5.662948E-01,-1.687441E-02
1678320762
+6.313283E-01,-1.518286E-02
1678320765
+6.984507E-01,-9.036634E-03
1678320767
+7.733480E-01,+9.321124E-03
1678320770
+8.368438E-01,+3.156142E-02
1678320772
+9.056810E-01,+6.141142E-02
1678320775
+9.712247E-01,+9.335277E-02
