1676369195
-9.974039E-01,-1.066349E-04
1676369198
-9.311625E-01,-9.966606E-05
1676369200
-8.661524E-01,-9.152527E-05
1676369203
-7.942122E-01,-8.164257E-05
1676369206
-7.291516E-01,-7.261274E-05
1676369208
-6.606922E-01,-6.374229E-05
1676369211
-5.885913E-01,-5.465041E-05
1676369213
-5.236031E-01,-4.717554E-05
1676369216
-4.550618E-01,-3.959709E-05
1676369219
-3.900536E-01,-3.262753E-05
1676369221
-3.182855E-01,-2.569823E-05
1676369224
-2.497100E-01,-1.931780E-05
1676369226
-1.847068E-01,-1.368149E-05
1676369229
-1.145192E-01,-8.082795E-06
1676369232
-4.843169E-02,-2.971407E-06
1676369234
+1.960226E-02,+2.154435E-06
1676369237
+9.203553E-02,+7.856383E-06
1676369239
+1.557464E-01,+1.316948E-05
1676369242
+2.244152E-01,+2.011579E-05
1676369244
+2.894996E-01,+2.839576E-05
1676369247
+3.614275E-01,+4.269765E-05
1676369250
+4.302381E-01,+7.162310E-05
1676369252
+4.940089E-01,+1.411651E-04
1676369255
+5.661554E-01,+4.143250E-04
1676369257
+6.306443E-01,+1.300237E-03
1676369260
+6.996417E-01,+5.195799E-03
1676369263
+7.707358E-01,+1.901811E-02
1676369265
+8.359811E-01,+4.611399E-02
1676369268
+9.050218E-01,+8.732907E-02
1676369270
+9.218103E-01,+9.999947E-02
