1677008754
-9.982967E-01,-1.706636E-02
1677008757
-9.300185E-01,-1.702758E-02
1677008759
-8.651762E-01,-1.694474E-02
1677008762
-7.935014E-01,-1.689710E-02
1677008765
-7.286746E-01,-1.685055E-02
1677008767
-6.603343E-01,-1.680883E-02
1677008770
-5.884736E-01,-1.677845E-02
1677008772
-5.236786E-01,-1.672712E-02
1677008775
-4.552815E-01,-1.668873E-02
1677008778
-3.904124E-01,-1.666384E-02
1677008780
-3.187885E-01,-1.661624E-02
1677008783
-2.503981E-01,-1.659598E-02
1677008785
-1.855048E-01,-1.657211E-02
1677008788
-1.138225E-01,-1.655750E-02
1677008790
-4.889916E-02,-1.651225E-02
1677008793
+1.930675E-02,-1.649470E-02
1677008796
+9.074692E-02,-1.645107E-02
1677008798
+1.555746E-01,-1.641716E-02
1677008801
+2.240133E-01,-1.639768E-02
1677008803
+2.890328E-01,-1.636344E-02
1677008806
+3.607439E-01,-1.631936E-02
1677008809
+4.289367E-01,-1.624488E-02
1677008811
+4.938221E-01,-1.609443E-02
1677008814
+5.655624E-01,-1.555792E-02
1677008816
+6.305360E-01,-1.374752E-02
1677008819
+6.979257E-01,-7.184880E-03
1677008822
+7.710362E-01,+1.292800E-02
1677008824
+8.364478E-01,+4.280211E-02
1677008827
+9.053859E-01,+8.310433E-02
1677008829
+9.289911E-01,+9.999938E-02
