1688703528
1688703531
1688703534
1688703537
1688703540
1688703543
1688703546
1688703549
1688703552
1688703555
1688703558
1688703561
1688703564
1688703567
1688703570
1688703573
1688703576
1688703579
1688703582
1688703585
1688703588
1688703591
1688703594
1688703597
1688703600
1688703603
1688703606
1688703609
1688703612
1688703615
1688703618
1688703621
1688703624
1688703627
1688703630
1688703633
1688703636
1688703639
1688703642
1688703645
1688703648
1688703651
1688703654
1688703657
1688703660
1688703663
1688703666
1688703669
1688703672
1688703675
1688703678
1688703681
1688703684
1688703687
1688703690
1688703693
1688703696
1688703699
1688703702
1688703705
1688703708
1688703711
1688703714
1688703717
1688703720
