1677009798
-9.981794E-01,-1.627938E-02
1677009800
-9.300044E-01,-1.627658E-02
1677009803
-8.651260E-01,-1.625207E-02
1677009806
-7.933902E-01,-1.623779E-02
1677009808
-7.285873E-01,-1.623827E-02
1677009811
-6.602352E-01,-1.622616E-02
1677009813
-5.884309E-01,-1.620731E-02
1677009816
-5.236961E-01,-1.618453E-02
1677009819
-4.551924E-01,-1.616796E-02
1677009821
-3.902932E-01,-1.616761E-02
1677009824
-3.186534E-01,-1.612848E-02
1677009826
-2.502596E-01,-1.612114E-02
1677009829
-1.855048E-01,-1.611058E-02
1677009832
-1.137924E-01,-1.607035E-02
1677009834
-4.885412E-02,-1.605637E-02
1677009837
+1.916914E-02,-1.602934E-02
1677009839
+9.068937E-02,-1.601350E-02
1677009842
+1.554653E-01,-1.599414E-02
1677009845
+2.240625E-01,-1.595494E-02
1677009847
+2.889887E-01,-1.592990E-02
1677009850
+3.606773E-01,-1.589981E-02
1677009852
+4.289317E-01,-1.583078E-02
1677009855
+4.937869E-01,-1.569833E-02
1677009857
+5.655047E-01,-1.522134E-02
1677009860
+6.304976E-01,-1.370182E-02
1677009863
+6.977280E-01,-8.245180E-03
1677009865
1677009868
+7.726715E-01,+1.030297E-02
1677009870
+9.050128E-01,+7.147901E-02
1677009873
+9.520028E-01,+9.999938E-02
