1678989451
-9.982763E-01,-1.885275E-02
1678989453
-9.300860E-01,-1.881490E-02
1678989456
-8.651374E-01,-1.876391E-02
1678989459
-7.934838E-01,-1.873166E-02
1678989461
-7.286138E-01,-1.868613E-02
1678989464
-6.603764E-01,-1.863076E-02
1678989466
-5.884796E-01,-1.857783E-02
1678989469
-5.236995E-01,-1.853708E-02
1678989472
-4.553613E-01,-1.848748E-02
1678989474
-3.904827E-01,-1.843912E-02
1678989477
-3.188202E-01,-1.838460E-02
1678989479
-2.503928E-01,-1.831459E-02
1678989482
-1.855752E-01,-1.827577E-02
1678989485
-1.139092E-01,-1.821262E-02
1678989487
-4.893386E-02,-1.815737E-02
1678989490
+2.033062E-02,-1.810263E-02
1678989492
+9.177019E-02,-1.804335E-02
1678989495
+1.565773E-01,-1.799196E-02
1678989498
+2.251131E-01,-1.792670E-02
1678989500
+2.900295E-01,-1.785970E-02
1678989503
+3.617226E-01,-1.775103E-02
1678989505
+4.299873E-01,-1.760735E-02
1678989508
+4.947753E-01,-1.731107E-02
1678989511
+5.664961E-01,-1.651611E-02
1678989513
+6.315517E-01,-1.427504E-02
1678989516
+6.999574E-01,-6.946338E-03
1678989518
+7.720542E-01,+1.144491E-02
1678989521
+8.373442E-01,+3.667861E-02
1678989523
+9.062043E-01,+6.936435E-02
1678989526
+9.597821E-01,+9.999932E-02
