1678996441
-1.000523E+00,-1.919705E-02
1678996443
-9.325573E-01,-1.909949E-02
1678996446
-8.642580E-01,-1.897838E-02
1678996449
-7.962583E-01,-1.891276E-02
1678996451
-7.282988E-01,-1.883239E-02
1678996454
-6.603147E-01,-1.875025E-02
1678996456
-5.920915E-01,-1.866964E-02
1678996459
-5.241238E-01,-1.859537E-02
1678996462
-4.561484E-01,-1.852575E-02
1678996464
-3.881600E-01,-1.845663E-02
1678996467
-3.201894E-01,-1.838465E-02
1678996469
-2.518858E-01,-1.832910E-02
1678996472
-1.839122E-01,-1.828109E-02
1678996475
-1.159442E-01,-1.822376E-02
1678996477
-4.795334E-02,-1.816845E-02
1678996480
+2.002798E-02,-1.812430E-02
1678996482
+8.801448E-02,-1.805572E-02
1678996485
+1.560005E-01,-1.797900E-02
1678996488
+2.242781E-01,-1.792797E-02
1678996490
+2.922578E-01,-1.783640E-02
1678996493
+3.602163E-01,-1.773584E-02
1678996495
+4.281895E-01,-1.760933E-02
1678996498
+4.964845E-01,-1.736437E-02
1678996500
+5.644448E-01,-1.674915E-02
1678996503
+6.323268E-01,-1.464261E-02
1678996506
+7.003143E-01,-7.825089E-03
1678996508
+7.683052E-01,+7.662883E-03
1678996511
+8.366566E-01,+3.169563E-02
1678996513
+9.046806E-01,+6.124397E-02
1678996516
+9.726847E-01,+9.489619E-02
