1683558213
-1.286427E-03,-1.528432E-02
1683558216
+2.598633E-02,-1.508157E-02
1683558220
+4.977536E-02,-1.490743E-02
1683558223
+7.360856E-02,-1.472444E-02
1683558227
+1.008380E-01,-1.441570E-02
1683558230
+1.247612E-01,-1.410236E-02
1683558234
+1.486636E-01,-1.375865E-02
1683558238
+1.760281E-01,-1.324587E-02
1683558241
+2.000915E-01,-1.267573E-02
1683558245
+2.240914E-01,-1.194334E-02
1683558248
+2.481140E-01,-1.101967E-02
1683558252
+2.753533E-01,-9.720365E-03
1683558256
+2.994367E-01,-7.515380E-04
1683558259
+3.231772E-01,-6.709056E-03
1683558263
+3.505984E-01,-4.653071E-03
1683558266
+3.745241E-01,-2.689739E-03
1683558270
+3.983949E-01,-6.116520E-04
1683558273
+4.259096E-01,+1.951526E-03
1683558277
+4.498242E-01,+4.187803E-03
1683558281
+4.738043E-01,+6.491240E-03
1683558284
+5.011078E-01,+9.183520E-03
1683558288
+5.251142E-01,+1.164020E-02
1683558291
+5.489691E-01,+1.414862E-02
1683558295
+5.763944E-01,+1.713504E-02
1683558299
+6.003250E-01,+1.989874E-02
1683558302
+6.244285E-01,+2.283777E-02
1683558306
+6.518689E-01,+2.627661E-02
1683558309
+6.758010E-01,+2.955708E-02
1683558313
+6.996868E-01,+3.295060E-02
1683558316
+7.272137E-01,+3.703878E-02
1683558320
+7.512034E-01,+4.086957E-02
1683558324
+7.751334E-01,+4.488436E-02
1683558327
+8.025436E-01,+4.959835E-02
1683558331
+8.265242E-01,+5.399223E-02
1683558334
+8.504927E-01,+5.851614E-02
1683558338
+8.778760E-01,+6.382245E-02
1683558342
+9.018992E-01,+6.879448E-02
1683558345
+9.258322E-01,+7.386806E-02
1683558349
+9.532402E-01,+7.978145E-02
1683558352
+9.772249E-01,+8.525708E-02
