1685502793
-1.998478E+00,-5.536485E-04
1685502796
-1.971155E+00,-5.459395E-04
1685502800
-1.940400E+00,-5.369681E-04
1685502804
-1.909650E+00,-5.256371E-04
1685502807
-1.878862E+00,-5.129890E-04
1685502811
-1.848061E+00,-5.002000E-04
1685502814
-1.820763E+00,-4.888547E-04
1685502818
-1.790012E+00,-4.758938E-04
1685502822
-1.759284E+00,-4.623074E-04
1685502825
-1.728550E+00,-4.476215E-04
1685502829
-1.697765E+00,-4.341509E-04
1685502832
-1.670507E+00,-4.223172E-04
1685502836
-1.639742E+00,-4.090192E-04
1685502839
-1.608938E+00,-3.960609E-04
1685502843
-1.578232E+00,-3.839049E-04
1685502847
-1.547355E+00,-3.717906E-04
1685502850
-1.520002E+00,-3.608212E-04
1685502854
-1.489232E+00,-3.492655E-04
1685502857
-1.458317E+00,-3.375772E-04
1685502861
-1.427629E+00,-3.265139E-04
1685502865
-1.400346E+00,-3.166893E-04
1685502868
-1.369514E+00,-3.061538E-04
1685502872
-1.338710E+00,-2.956802E-04
1685502875
-1.307929E+00,-2.853954E-04
1685502879
-1.277166E+00,-2.752132E-04
1685502882
-1.249804E+00,-2.665081E-04
1685502886
-1.219095E+00,-2.567233E-04
1685502890
-1.188396E+00,-2.473226E-04
1685502893
-1.157616E+00,-2.379179E-04
1685502897
-1.126829E+00,-2.287380E-04
1685502900
-1.099526E+00,-2.208276E-04
1685502904
-1.068769E+00,-2.118314E-04
1685502908
-1.037932E+00,-2.031867E-04
1685502911
-1.006879E+00,-1.945040E-04
1685502915
-9.762399E-01,-1.863090E-04
1685502918
-9.489775E-01,-1.789729E-04
1685502922
-9.182381E-01,-1.709547E-04
1685502925
-8.875073E-01,-1.630381E-04
1685502929
-8.566461E-01,-1.553423E-04
1685502933
-8.292838E-01,-1.485590E-04
1685502936
-7.985262E-01,-1.412111E-04
1685502940
-7.678793E-01,-1.338208E-04
1685502943
-7.371466E-01,-1.265503E-04
1685502947
-7.064284E-01,-1.195094E-04
1685502951
-6.790687E-01,-1.133025E-04
1685502954
-6.482067E-01,-1.065118E-04
1685502958
-6.194931E-01,-1.004322E-04
1685502961
-5.884903E-01,-9.387201E-05
1685502965
-5.576307E-01,-8.752146E-05
1685502968
-5.302887E-01,-8.196848E-05
1685502972
-4.994009E-01,-7.580545E-05
1685502976
-4.684473E-01,-6.984849E-05
1685502979
-4.376011E-01,-6.410473E-05
1685502983
-4.066658E-01,-5.837064E-05
1685502986
-3.791401E-01,-5.344829E-05
1685502990
-3.484224E-01,-4.810239E-05
1685502994
-3.176823E-01,-4.285919E-05
1685502997
-2.868595E-01,-3.779105E-05
1685503001
-2.593054E-01,-3.340973E-05
1685503004
-2.284677E-01,-2.866146E-05
1685503008
-1.976483E-01,-2.415193E-05
1685503012
-1.667780E-01,-1.978733E-05
1685503015
-1.359453E-01,-1.560810E-05
1685503019
-1.085331E-01,-1.204576E-05
1685503022
-7.945856E-02,-8.556031E-06
1685503026
-4.777923E-02,-4.698447E-06
1685503029
1685503033
1685503037
1685503040
1685503044
1685503047
