1682926567
+1.056001E-03,+1.161937E-06
1682926570
+2.908576E-02,+5.322602E-06
1682926572
+5.351601E-02,+9.116200E-06
1682926575
+7.590380E-02,+1.257794E-05
1682926577
+1.032539E-01,+1.799457E-05
1682926580
+1.274030E-01,+2.461533E-05
1682926582
+1.514537E-01,+3.501084E-05
1682926585
+1.791491E-01,+5.697420E-05
1682926588
+2.038562E-01,+9.447254E-05
1682926590
+2.264316E-01,+1.492625E-04
1682926593
+2.505008E-01,+2.536653E-04
1682926595
+2.781702E-01,+4.562486E-04
1682926598
+3.026378E-01,+7.355342E-04
1682926601
+3.254060E-01,+1.067323E-03
1682926603
+3.528019E-01,+1.613191E-03
1682926606
+3.767925E-01,+2.213744E-03
1682926608
+4.007240E-01,+2.927210E-03
1682926611
+4.283760E-01,+3.885781E-03
1682926614
+4.524758E-01,+4.868079E-03
1682926616
+4.764883E-01,+5.971755E-03
1682926619
+5.040650E-01,+7.389649E-03
1682926621
+5.282015E-01,+8.830770E-03
1682926624
+5.505635E-01,+1.028666E-02
1682926627
+5.779182E-01,+1.216812E-02
1682926629
+6.017975E-01,+1.414753E-02
1682926632
+6.259483E-01,+1.635352E-02
1682926634
+6.534292E-01,+1.911297E-02
1682926637
+6.774282E-01,+2.192469E-02
1682926639
+7.012935E-01,+2.500708E-02
1682926642
+7.288138E-01,+2.881254E-02
1682926645
+7.527761E-01,+3.266776E-02
1682926647
+7.767392E-01,+3.685595E-02
1682926650
+8.041217E-01,+4.195079E-02
1682926652
+8.280656E-01,+4.704083E-02
1682926655
+8.520611E-01,+5.251201E-02
1682926658
+8.794786E-01,+5.905246E-02
1682926660
+9.034457E-01,+6.534854E-02
1682926662
+9.273613E-01,+7.219384E-02
1682926665
+9.548830E-01,+8.029524E-02
1682926668
+9.788662E-01,+8.810324E-02
