1688719842
-1.994032E+00,-1.917847E-02
1688719846
-1.966713E+00,-1.921951E-02
1688719850
-1.935969E+00,-1.929306E-02
1688719853
-1.905193E+00,-1.917069E-02
1688719857
-1.874470E+00,-1.910337E-02
1688719860
-1.843812E+00,-1.917123E-02
1688719864
-1.816521E+00,-1.910449E-02
1688719867
-1.785740E+00,-1.904517E-02
1688719871
-1.755001E+00,-1.900161E-02
1688719875
-1.724334E+00,-1.888848E-02
1688719878
-1.693593E+00,-1.879946E-02
1688719882
-1.666397E+00,-1.881718E-02
1688719885
-1.635641E+00,-1.875652E-02
1688719889
-1.604874E+00,-1.859861E-02
1688719893
-1.574162E+00,-1.866291E-02
1688719896
-1.543352E+00,-1.857065E-02
1688719900
-1.516027E+00,-1.852807E-02
1688719903
-1.485354E+00,-1.846897E-02
1688719907
-1.454437E+00,-1.844904E-02
1688719910
-1.423751E+00,-1.834428E-02
1688719914
-1.396451E+00,-1.833360E-02
1688719917
-1.365647E+00,-1.823169E-02
1688719921
-1.334858E+00,-1.817111E-02
1688719925
-1.304143E+00,-1.808957E-02
1688719928
-1.273408E+00,-1.810211E-02
1688719932
-1.246034E+00,-1.800941E-02
1688719935
-1.215312E+00,-1.797239E-02
1688719939
-1.184579E+00,-1.788528E-02
1688719943
-1.153833E+00,-1.793409E-02
1688719946
-1.123038E+00,-1.787457E-02
1688719950
-1.095784E+00,-1.779040E-02
1688719953
-1.064971E+00,-1.777820E-02
1688719957
-1.034258E+00,-1.774201E-02
1688719960
-1.003299E+00,-1.771518E-02
1688719964
-9.726143E-01,-1.767940E-02
1688719968
-9.452941E-01,-1.766010E-02
1688719971
-9.145786E-01,-1.760154E-02
1688719975
-8.837537E-01,-1.754466E-02
1688719978
-8.530215E-01,-1.754411E-02
1688719982
-8.257284E-01,-1.750424E-02
1688719986
-7.949620E-01,-1.749129E-02
1688719989
-7.643118E-01,-1.747117E-02
1688719993
-7.336154E-01,-1.738083E-02
1688719996
-7.028875E-01,-1.736588E-02
1688720000
-6.754883E-01,-1.731547E-02
1688720003
-6.447877E-01,-1.724244E-02
1688720007
-6.139922E-01,-1.719551E-02
1688720011
-5.831507E-01,-1.714569E-02
1688720014
-5.524719E-01,-1.720126E-02
1688720018
-5.250737E-01,-1.716629E-02
1688720021
-4.943924E-01,-1.701549E-02
1688720025
-4.636385E-01,-1.698754E-02
1688720029
-4.329497E-01,-1.710399E-02
1688720032
-4.021333E-01,-1.719845E-02
1688720036
-3.748676E-01,-1.704021E-02
1688720039
-3.442596E-01,-1.696444E-02
1688720043
-3.135068E-01,-1.688299E-02
1688720046
-2.827579E-01,-1.675191E-02
1688720050
-2.552795E-01,-1.666704E-02
1688720054
-2.245908E-01,-1.655553E-02
1688720057
-1.938828E-01,-1.645815E-02
1688720061
-1.630906E-01,-1.632261E-02
1688720064
-1.323043E-01,-1.617201E-02
1688720068
-1.050853E-01,-1.598807E-02
1688720072
-7.428064E-02,-1.602143E-02
1688720075
-4.356438E-02,-1.583130E-02
1688720079
-1.267128E-02,-1.565515E-02
1688720082
+9.317851E-03,-1.546747E-02
1688720086
+3.999775E-02,-1.516884E-02
1688720089
+7.068180E-02,-1.487161E-02
1688720093
+1.012266E-01,-1.454754E-02
1688720097
+1.286688E-01,-1.420348E-02
1688720100
+1.593821E-01,-1.365928E-02
1688720104
+1.901520E-01,-1.297907E-02
1688720107
+2.210221E-01,-1.210587E-02
1688720111
+2.484752E-01,-1.106427E-02
1688720115
+2.778140E-01,-9.619610E-03
1688720118
+3.089401E-01,-7.628543E-03
1688720122
+3.402013E-01,-5.120963E-03
1688720125
+3.713516E-01,-2.099460E-03
1688720129
+3.991174E-01,+1.066108E-03
1688720132
+4.306579E-01,+4.921859E-03
1688720136
+4.620341E-01,+9.178829E-03
1688720140
+4.912461E-01,+1.315173E-02
1688720143
+5.221278E-01,+1.795622E-02
1688720147
+5.495123E-01,+2.261212E-02
1688720150
+5.802849E-01,+2.823060E-02
1688720154
+6.111082E-01,+3.435573E-02
1688720158
+6.421459E-01,+4.105618E-02
1688720161
+6.729439E-01,+4.826229E-02
1688720165
+7.003431E-01,+5.530671E-02
1688720168
+7.313347E-01,+6.368085E-02
1688720172
+7.621855E-01,+7.272445E-02
1688720175
+7.930997E-01,+8.244548E-02
1688720179
+8.239454E-01,+9.282923E-02
1688720183
+8.423977E-01,+1.000005E-01
1688720186
+8.388774E-01,+1.000004E-01
1688720190
+8.367908E-01,+1.000005E-01
1688720193
+8.350067E-01,+1.000004E-01
1688720197
+8.334137E-01,+1.000004E-01
