1676390358
-9.981320E-01,-1.819044E-02
1676390361
-9.298880E-01,-1.816222E-02
1676390363
-8.650477E-01,-1.813364E-02
1676390366
-7.932699E-01,-1.813668E-02
1676390368
-7.285113E-01,-1.811938E-02
1676390371
-6.602163E-01,-1.811685E-02
1676390374
-5.883350E-01,-1.808696E-02
1676390376
-5.235540E-01,-1.805790E-02
1676390379
-4.551614E-01,-1.806165E-02
1676390381
-3.902586E-01,-1.805187E-02
1676390384
-3.185633E-01,-1.802522E-02
1676390386
-2.500916E-01,-1.800947E-02
1676390389
-1.853089E-01,-1.799121E-02
1676390392
-1.136604E-01,-1.796271E-02
1676390394
-4.872588E-02,-1.795516E-02
1676390397
+1.895995E-02,-1.791200E-02
1676390399
+9.042629E-02,-1.789008E-02
1676390402
+1.552901E-01,-1.786834E-02
1676390405
+2.238001E-01,-1.784552E-02
1676390407
+2.887206E-01,-1.782978E-02
1676390410
+3.603903E-01,-1.779118E-02
1676390412
+4.286726E-01,-1.769854E-02
1676390415
+4.935573E-01,-1.757374E-02
1676390417
+5.652863E-01,-1.705084E-02
1676390420
+6.302585E-01,-1.538684E-02
1676390422
+6.986492E-01,-9.101671E-03
1676390425
+7.707043E-01,+8.296878E-03
1676390428
+8.359501E-01,+3.373667E-02
1676390430
+9.048175E-01,+6.758953E-02
1676390433
+9.625407E-01,+9.999922E-02
