1678995993
-1.000518E+00,-1.915297E-02
1678995996
-9.325478E-01,-1.904421E-02
1678995998
-8.642632E-01,-1.896593E-02
1678996001
-7.962515E-01,-1.885097E-02
1678996004
-7.282956E-01,-1.877771E-02
1678996006
-6.603122E-01,-1.869147E-02
1678996009
-5.920899E-01,-1.861887E-02
1678996011
-5.241224E-01,-1.855182E-02
1678996014
-4.561445E-01,-1.847431E-02
1678996017
-3.881615E-01,-1.842024E-02
1678996019
-3.201901E-01,-1.835394E-02
1678996022
-2.518867E-01,-1.828337E-02
1678996024
-1.839105E-01,-1.824217E-02
1678996027
-1.159442E-01,-1.818637E-02
1678996029
-4.795429E-02,-1.812751E-02
1678996032
+2.003943E-02,-1.806914E-02
1678996035
+8.802547E-02,-1.800772E-02
1678996037
+1.560085E-01,-1.795169E-02
1678996040
+2.242983E-01,-1.788197E-02
1678996042
+2.922637E-01,-1.779013E-02
1678996045
+3.602208E-01,-1.770371E-02
1678996048
+4.281891E-01,-1.757776E-02
1678996050
+4.964856E-01,-1.735152E-02
1678996053
+5.644529E-01,-1.678519E-02
1678996055
+6.323242E-01,-1.482715E-02
1678996058
+7.003067E-01,-8.157779E-03
1678996061
+7.683063E-01,+8.273823E-03
1678996063
+8.366658E-01,+3.529376E-02
1678996066
+9.046984E-01,+6.958362E-02
1678996068
+9.559776E-01,+9.999946E-02
