1678325096
-1.001087E+00,-2.734798E-04
1678325099
-9.327914E-01,-2.327823E-04
1678325101
-8.678236E-01,-1.965563E-04
1678325104
-7.959579E-01,-1.599571E-04
1678325106
-7.311267E-01,-1.313418E-04
1678325109
-6.627886E-01,-1.054379E-04
1678325112
-5.926666E-01,-8.360941E-05
1678325114
-5.274853E-01,-6.682529E-05
1678325117
-4.587878E-01,-5.249660E-05
1678325119
-3.936314E-01,-4.127609E-05
1678325122
-3.217524E-01,-3.141864E-05
1678325124
-2.531332E-01,-2.319988E-05
1678325127
-1.880845E-01,-1.618387E-05
1678325130
-1.182536E-01,-9.562945E-06
1678325132
-5.199973E-02,-3.692862E-06
1678325135
+2.113843E-02,+2.422443E-06
1678325137
+9.367939E-02,+8.488544E-06
1678325140
+1.571548E-01,+1.397339E-05
1678325143
+2.257471E-01,+2.101048E-05
1678325145
+2.908746E-01,+2.956863E-05
1678325148
+3.628925E-01,+4.505648E-05
1678325150
+4.317734E-01,+7.911231E-05
1678325153
+4.954816E-01,+1.619846E-04
1678325156
+5.677256E-01,+4.748444E-04
1678325158
+6.320708E-01,+1.431291E-03
1678325161
+7.009698E-01,+5.272246E-03
1678325163
+7.720830E-01,+1.671074E-02
1678325166
+8.372380E-01,+3.566759E-02
1678325169
+9.059829E-01,+6.184815E-02
1678325171
+9.713847E-01,+9.153461E-02
