1683547771
-9.954742E-04,-1.508316E-02
1683547774
+2.648448E-02,-1.481476E-02
1683547776
+5.027142E-02,-1.456721E-02
1683547779
+7.416429E-02,-1.431432E-02
1683547781
+1.013140E-01,-1.398991E-02
1683547784
+1.252811E-01,-1.364533E-02
1683547787
+1.491189E-01,-1.324560E-02
1683547789
+1.764487E-01,-1.264204E-02
1683547792
+2.004509E-01,-1.199390E-02
1683547794
+2.244939E-01,-1.119370E-02
1683547797
+2.484686E-01,-1.019136E-02
1683547800
+2.745224E-01,-8.906791E-03
1683547802
+2.986996E-01,-7.415048E-03
1683547805
+3.229453E-01,-5.702340E-03
1683547807
+3.506313E-01,-3.504770E-03
1683547810
+3.748370E-01,-1.419710E-03
1683547812
1683547815
1683547818
1683547820
1683547823
1683547825
1683547828
1683547831
1683547833
1683547836
1683547838
1683547841
1683547844
1683547846
1683547849
1683547851
1683547854
1683547856
1683547859
1683547862
1683547864
1683547867
1683547869
1683547872
