1676871369
-9.998713E-01,-1.318772E-04
1676871371
-9.794050E-01,-1.369735E-04
1676871374
-9.657620E-01,-1.384394E-04
1676871376
-9.453663E-01,-1.375650E-04
1676871379
-9.316312E-01,-1.366624E-04
1676871382
-9.111255E-01,-1.352514E-04
1676871384
-8.906772E-01,-1.329603E-04
1676871387
-8.770307E-01,-1.314314E-04
1676871389
-8.565341E-01,-1.259966E-04
1676871392
-8.394380E-01,-1.231802E-04
1676871395
-8.223674E-01,-1.205701E-04
1676871397
-8.019500E-01,-1.172308E-04
1676871400
-7.849365E-01,-1.141409E-04
1676871402
-7.678485E-01,-1.110739E-04
1676871405
-7.508365E-01,-1.076975E-04
1676871408
-7.302899E-01,-1.035269E-04
1676871410
-7.097756E-01,-1.004274E-04
1676871413
-6.961108E-01,-9.803954E-05
1676871415
-6.755219E-01,-9.413742E-05
1676871418
-6.619083E-01,-9.199265E-05
1676871420
-6.414211E-01,-8.893483E-05
1676871423
-6.209271E-01,-8.518571E-05
1676871426
-6.072561E-01,-8.305765E-05
1676871428
-5.866495E-01,-7.943402E-05
1676871431
-5.696001E-01,-7.597345E-05
1676871433
-5.525447E-01,-7.366650E-05
1676871436
-5.319924E-01,-7.031932E-05
1676871439
-5.149696E-01,-6.743328E-05
1676871441
-4.945364E-01,-6.411734E-05
1676871444
-4.807871E-01,-6.181460E-05
1676871446
-4.602939E-01,-5.880887E-05
1676871449
-4.397959E-01,-5.586612E-05
1676871452
-4.261364E-01,-5.366050E-05
1676871454
-4.056785E-01,-5.065230E-05
1676871457
-3.920575E-01,-4.872520E-05
1676871459
-3.715710E-01,-4.579203E-05
1676871462
-3.510887E-01,-4.298144E-05
1676871465
-3.374585E-01,-4.111062E-05
1676871467
-3.169796E-01,-3.830046E-05
1676871470
-2.999501E-01,-3.617198E-05
1676871472
-2.794460E-01,-3.357568E-05
1676871475
-2.622380E-01,-3.148055E-05
1676871478
-2.451701E-01,-2.924827E-05
1676871480
-2.247704E-01,-2.667867E-05
1676871483
-2.110877E-01,-2.495003E-05
1676871485
-1.905697E-01,-2.234042E-05
1676871488
-1.700682E-01,-1.985129E-05
1676871490
-1.564113E-01,-1.830819E-05
1676871493
-1.359382E-01,-1.591829E-05
1676871496
-1.222814E-01,-1.430891E-05
1676871498
-1.018442E-01,-1.184521E-05
1676871501
-8.142523E-02,-9.461567E-06
1676871503
-6.430062E-02,-7.516542E-06
1676871506
-4.721940E-02,-5.477708E-06
1676871509
-3.007310E-02,-3.451797E-06
1676871511
-9.570792E-03,-9.806179E-07
1676871514
+1.016912E-02,+1.514105E-06
1676871516
+2.720865E-02,+3.755354E-06
1676871519
+4.419314E-02,+5.957416E-06
1676871522
+6.119099E-02,+8.196166E-06
1676871524
+8.166460E-02,+1.085848E-05
1676871527
+1.020473E-01,+1.345285E-05
1676871529
+1.157094E-01,+1.513545E-05
1676871532
+1.362714E-01,+1.777942E-05
1676871535
+1.498585E-01,+1.944326E-05
1676871537
+1.703188E-01,+2.193423E-05
1676871540
+1.908784E-01,+2.403291E-05
1676871542
+2.046105E-01,+2.543326E-05
1676871545
+2.251792E-01,+2.782752E-05
1676871547
+2.422380E-01,+2.933670E-05
1676871550
+2.593158E-01,+3.119815E-05
1676871553
+2.798353E-01,+3.364201E-05
1676871555
+2.970434E-01,+3.522999E-05
1676871558
+3.173676E-01,+3.822790E-05
1676871560
+3.311073E-01,+3.962118E-05
1676871563
+3.515501E-01,+4.171443E-05
1676871566
+3.720070E-01,+4.546318E-05
1676871568
+3.856775E-01,+4.823390E-05
1676871571
+4.060377E-01,+5.372028E-05
1676871573
+4.197752E-01,+5.686332E-05
1676871576
+4.403329E-01,+6.523006E-05
1676871579
+4.607840E-01,+7.574759E-05
1676871581
+4.744011E-01,+8.563935E-05
1676871584
+4.948056E-01,+1.044061E-04
1676871586
+5.119743E-01,+1.264617E-04
1676871589
+5.323661E-01,+1.669663E-04
1676871592
+5.494592E-01,+2.145742E-04
1676871594
+5.664834E-01,+2.832178E-04
1676871597
+5.870079E-01,+4.087690E-04
1676871599
+6.006460E-01,+5.273297E-04
1676871602
+6.213471E-01,+7.966572E-04
1676871605
+6.418800E-01,+1.219914E-03
1676871607
+6.555513E-01,+1.623872E-03
1676871610
+6.759699E-01,+2.499346E-03
1676871612
+6.896496E-01,+3.305591E-03
1676871615
+7.102025E-01,+4.988335E-03
1676871617
+7.307641E-01,+7.317287E-03
1676871620
+7.478782E-01,+9.833475E-03
1676871623
+7.649593E-01,+1.286776E-02
1676871625
+7.819905E-01,+1.640586E-02
