1676392768
-9.993255E-01,-1.874791E-02
1676392770
-9.311664E-01,-1.870665E-02
1676392773
-8.662553E-01,-1.861025E-02
1676392776
-7.945849E-01,-1.854254E-02
1676392778
-7.296736E-01,-1.849423E-02
1676392781
-6.613044E-01,-1.842439E-02
1676392783
-5.894739E-01,-1.836705E-02
1676392786
-5.246843E-01,-1.828322E-02
1676392789
-4.562885E-01,-1.824072E-02
1676392791
-3.914188E-01,-1.817565E-02
1676392794
-3.197728E-01,-1.810464E-02
1676392796
-2.513478E-01,-1.805146E-02
1676392799
-1.865250E-01,-1.801344E-02
1676392802
-1.148781E-01,-1.794050E-02
1676392804
-4.990841E-02,-1.789118E-02
1676392807
+1.957811E-02,-1.783219E-02
1676392809
+9.098198E-02,-1.776420E-02
1676392812
+1.557634E-01,-1.771109E-02
1676392814
+2.242643E-01,-1.763707E-02
1676392817
+2.892443E-01,-1.756802E-02
1676392820
+3.609734E-01,-1.748280E-02
1676392822
+4.292215E-01,-1.734433E-02
1676392825
+4.940221E-01,-1.710403E-02
1676392827
+5.656986E-01,-1.637709E-02
1676392830
+6.307905E-01,-1.434830E-02
1676392833
+6.991637E-01,-7.241298E-03
1676392835
+7.712548E-01,+1.136738E-02
1676392838
+8.365640E-01,+3.782861E-02
1676392840
+9.054385E-01,+7.250221E-02
1676392843
+9.523899E-01,+9.999894E-02
