1677001119
-5.665405E-02,-1.000014E-01
1677001122
-5.640216E-02,-1.000015E-01
1677001125
-5.627708E-02,-1.000015E-01
1677001127
-5.646473E-02,-1.000015E-01
1677001130
-5.655063E-02,-1.000015E-01
1677001132
-5.657814E-02,-1.000014E-01
1677001135
-5.654313E-02,-1.000015E-01
1677001138
-5.653228E-02,-1.000015E-01
1677001140
-5.646805E-02,-1.000015E-01
1677001143
-5.642217E-02,-1.000015E-01
1677001145
-5.634878E-02,-1.000015E-01
1677001148
-5.629041E-02,-1.000015E-01
1677001150
-5.629123E-02,-1.000015E-01
1677001153
-5.627705E-02,-1.000015E-01
1677001156
-5.625787E-02,-1.000015E-01
1677001158
-5.628622E-02,-1.000014E-01
1677001161
1677001163
1677001166
1677001169
1677001171
1677001174
