1678993847
-9.979710E-01,-1.898156E-02
1678993849
-9.297833E-01,-1.890290E-02
1678993852
-8.649017E-01,-1.883536E-02
1678993854
-7.931359E-01,-1.875559E-02
1678993857
-7.283385E-01,-1.869083E-02
1678993859
-6.600130E-01,-1.860721E-02
1678993862
-5.880781E-01,-1.855258E-02
1678993865
-5.233739E-01,-1.847756E-02
1678993867
-4.549918E-01,-1.841589E-02
1678993870
-3.900801E-01,-1.834513E-02
1678993872
-3.184711E-01,-1.829380E-02
1678993875
-2.500722E-01,-1.822635E-02
1678993878
-1.852214E-01,-1.817672E-02
1678993880
-1.135607E-01,-1.812146E-02
1678993883
-4.858142E-02,-1.808889E-02
1678993885
+2.017492E-02,-1.804793E-02
1678993888
+9.159011E-02,-1.796032E-02
1678993891
+1.564387E-01,-1.789970E-02
1678993893
+2.249943E-01,-1.780518E-02
1678993896
+2.899387E-01,-1.769759E-02
1678993898
+3.615833E-01,-1.759765E-02
1678993901
+4.299071E-01,-1.748359E-02
1678993903
+4.947314E-01,-1.726809E-02
1678993906
+5.665101E-01,-1.658042E-02
1678993909
+6.315356E-01,-1.442303E-02
1678993911
+6.998836E-01,-7.735803E-03
1678993914
+7.719808E-01,+7.668461E-03
1678993916
+8.370747E-01,+2.834990E-02
1678993919
+9.058830E-01,+5.512146E-02
1678993922
+9.712041E-01,+8.457945E-02
