1684730465
-1.999446E+00,-1.738751E-02
1684730469
-1.972103E+00,-1.739745E-02
1684730472
-1.941425E+00,-1.737455E-02
1684730476
-1.910637E+00,-1.733227E-02
1684730480
-1.879914E+00,-1.726965E-02
1684730483
-1.849212E+00,-1.719921E-02
1684730487
-1.821904E+00,-1.713187E-02
1684730490
-1.791157E+00,-1.707254E-02
1684730494
-1.760466E+00,-1.699986E-02
1684730498
-1.729758E+00,-1.692242E-02
1684730501
-1.699036E+00,-1.686953E-02
1684730505
-1.671717E+00,-1.683703E-02
1684730508
-1.641009E+00,-1.672558E-02
1684730512
-1.610234E+00,-1.667145E-02
1684730515
-1.579500E+00,-1.660905E-02
1684730519
-1.548722E+00,-1.653935E-02
1684730523
-1.521402E+00,-1.647388E-02
1684730526
-1.490666E+00,-1.641900E-02
1684730530
-1.459752E+00,-1.636733E-02
1684730533
-1.429004E+00,-1.627316E-02
1684730537
-1.401767E+00,-1.623625E-02
1684730541
-1.370992E+00,-1.615875E-02
1684730544
-1.340184E+00,-1.608789E-02
1684730548
-1.309563E+00,-1.602883E-02
1684730551
-1.278811E+00,-1.593798E-02
1684730555
-1.251455E+00,-1.590663E-02
1684730558
-1.220878E+00,-1.579821E-02
1684730562
-1.190134E+00,-1.578738E-02
1684730566
-1.159411E+00,-1.572728E-02
1684730569
-1.128589E+00,-1.567089E-02
1684730573
-1.101259E+00,-1.563664E-02
1684730576
-1.070476E+00,-1.555557E-02
1684730580
-1.039720E+00,-1.550436E-02
1684730584
-1.008737E+00,-1.542950E-02
1684730587
-9.780310E-01,-1.537163E-02
1684730591
-9.507325E-01,-1.531875E-02
1684730594
-9.200864E-01,-1.525448E-02
1684730598
-8.894223E-01,-1.517750E-02
1684730602
-8.586152E-01,-1.512765E-02
1684730605
-8.312936E-01,-1.504737E-02
1684730609
-8.005434E-01,-1.501389E-02
1684730612
-7.697784E-01,-1.490106E-02
1684730616
-7.391540E-01,-1.483109E-02
1684730619
-7.084329E-01,-1.476700E-02
1684730623
-6.810454E-01,-1.469004E-02
1684730627
-6.502910E-01,-1.462074E-02
1684730630
-6.194882E-01,-1.451915E-02
1684730634
-5.886654E-01,-1.443330E-02
1684730637
-5.579085E-01,-1.435020E-02
1684730641
-5.306187E-01,-1.428878E-02
1684730645
-4.998951E-01,-1.417661E-02
1684730648
-4.690755E-01,-1.408086E-02
1684730652
-4.383510E-01,-1.399865E-02
1684730655
-4.076301E-01,-1.387168E-02
1684730659
-3.804303E-01,-1.377999E-02
1684730662
-3.497418E-01,-1.364748E-02
1684730666
-3.190291E-01,-1.352832E-02
1684730670
-2.883456E-01,-1.339943E-02
1684730673
-2.609172E-01,-1.327321E-02
1684730677
-2.303012E-01,-1.311848E-02
1684730680
-1.995176E-01,-1.293820E-02
1684730684
-1.686815E-01,-1.277961E-02
1684730688
-1.379288E-01,-1.256821E-02
1684730691
-1.106998E-01,-1.238332E-02
1684730695
-8.000539E-02,-1.214270E-02
1684730698
-4.915504E-02,-1.182186E-02
1684730702
-1.830801E-02,-1.148160E-02
1684730705
+1.139369E-02,-1.101937E-02
1684730709
+4.204341E-02,-1.046172E-02
1684730713
+7.271727E-02,-9.749187E-03
1684730716
+1.033069E-01,-8.882632E-03
1684730720
+1.307293E-01,-7.957061E-03
1684730723
+1.614215E-01,-6.756599E-03
1684730727
+1.923489E-01,-5.400465E-03
1684730731
+2.231370E-01,-3.946206E-03
1684730734
+2.506135E-01,-2.571195E-03
1684730738
+2.813233E-01,-9.895915E-04
1684730741
+3.121381E-01,+6.823787E-04
1684730745
+3.428844E-01,+2.342283E-03
1684730748
+3.736351E-01,+4.056401E-03
1684730752
+4.009208E-01,+5.642267E-03
1684730756
+4.317282E-01,+7.524568E-03
1684730759
+4.624669E-01,+9.552703E-03
1684730763
+4.932500E-01,+1.176758E-02
1684730766
+5.240706E-01,+1.421269E-02
1684730770
+5.513896E-01,+1.662749E-02
1684730774
+5.821675E-01,+1.959148E-02
1684730777
+6.129932E-01,+2.290799E-02
1684730781
+6.439105E-01,+2.658875E-02
1684730784
+6.746886E-01,+3.064105E-02
1684730788
+7.020152E-01,+3.462199E-02
1684730791
+7.328731E-01,+3.934132E-02
1684730795
+7.636670E-01,+4.446124E-02
1684730799
+7.946361E-01,+5.003382E-02
1684730802
+8.254083E-01,+5.599429E-02
1684730806
+8.527840E-01,+6.169620E-02
1684730809
+8.836248E-01,+6.831890E-02
1684730813
+9.144043E-01,+7.530906E-02
1684730817
+9.451890E-01,+8.253451E-02
1684730820
+9.725980E-01,+8.936109E-02
