1682922473
+2.071271E-03,-1.047304E-02
1682922476
+2.935149E-02,-9.952374E-03
1682922479
+5.313747E-02,-9.438107E-03
1682922481
+7.696597E-02,-8.870934E-03
1682922484
+1.041962E-01,-8.119862E-03
1682922486
+1.282481E-01,-7.334630E-03
1682922489
+1.520758E-01,-6.478854E-03
1682922492
+1.793844E-01,-5.392391E-03
1682922494
+2.033955E-01,-4.352285E-03
1682922497
+2.274616E-01,-3.266821E-03
1682922499
+2.513811E-01,-2.154249E-03
1682922502
+2.787198E-01,-8.629506E-04
1682922505
+3.026734E-01,+3.003323E-04
1682922507
+3.265318E-01,+1.413191E-03
1682922510
+3.539397E-01,+2.676646E-03
1682922512
+3.777663E-01,+3.771413E-03
1682922515
+4.015633E-01,+4.870747E-03
1682922518
+4.289803E-01,+6.145367E-03
1682922520
+4.529222E-01,+7.289652E-03
1682922523
+4.767566E-01,+8.469695E-03
1682922525
+5.041019E-01,+9.868007E-03
1682922528
+5.280963E-01,+1.120353E-02
1682922530
+5.520415E-01,+1.262213E-02
1682922533
+5.792992E-01,+1.434351E-02
1682922536
+6.032670E-01,+1.605497E-02
1682922538
+6.272866E-01,+1.791319E-02
1682922541
+6.546685E-01,+2.018263E-02
1682922543
+6.786103E-01,+2.248672E-02
1682922546
+7.025424E-01,+2.499613E-02
1682922549
+7.299592E-01,+2.803408E-02
1682922551
+7.540321E-01,+3.118590E-02
1682922554
+7.780488E-01,+3.458583E-02
1682922556
+8.054075E-01,+3.868843E-02
1682922559
+8.293486E-01,+4.282989E-02
1682922561
+8.533106E-01,+4.732697E-02
1682922564
+8.806783E-01,+5.268959E-02
1682922567
+9.046477E-01,+5.801168E-02
1682922569
+9.286370E-01,+6.373309E-02
1682922572
+9.560606E-01,+7.046712E-02
1682922574
+9.800652E-01,+7.710271E-02
