1678345662
-9.982361E-01,-3.262028E-02
1678345665
-9.300118E-01,-3.096259E-02
1678345668
-8.651655E-01,-2.981417E-02
1678345670
-7.934151E-01,-2.856626E-02
1678345673
-7.285247E-01,-2.750686E-02
1678345675
-6.601052E-01,-2.642425E-02
1678345678
-5.882173E-01,-2.532613E-02
1678345681
-5.233946E-01,-2.437723E-02
1678345683
-4.549951E-01,-2.341007E-02
1678345686
-3.900064E-01,-2.252498E-02
1678345688
-3.184152E-01,-2.159929E-02
1678345691
-2.499325E-01,-2.075395E-02
1678345694
-1.850338E-01,-1.997814E-02
1678345696
-1.134734E-01,-1.912763E-02
1678345699
-4.853131E-02,-1.836315E-02
1678345701
+1.871182E-02,-1.756803E-02
1678345704
+9.023261E-02,-1.669361E-02
1678345706
+1.549898E-01,-1.586232E-02
1678345709
+2.235208E-01,-1.489859E-02
1678345712
+2.884732E-01,-1.396195E-02
1678345714
+3.602609E-01,-1.286656E-02
1678345717
+4.285624E-01,-1.174158E-02
1678345719
+4.934733E-01,-1.055066E-02
1678345722
+5.639231E-01,-8.901601E-03
1678345725
+6.294193E-01,-6.114480E-03
1678345727
+6.989551E-01,+1.424879E-03
1678345730
+7.706953E-01,+1.889138E-02
1678345732
+8.358153E-01,+4.384126E-02
1678345735
+9.046647E-01,+7.658418E-02
1678345738
+9.474384E-01,+9.999932E-02
