1678992452
-9.979473E-01,-1.884810E-02
1678992455
-9.297835E-01,-1.879270E-02
1678992457
-8.648646E-01,-1.872617E-02
1678992460
-7.931064E-01,-1.865260E-02
1678992463
-7.283356E-01,-1.858117E-02
1678992465
-6.600504E-01,-1.853051E-02
1678992468
-5.881777E-01,-1.845390E-02
1678992470
-5.233010E-01,-1.838117E-02
1678992473
-4.549716E-01,-1.834015E-02
1678992476
-3.900466E-01,-1.829579E-02
1678992478
-3.184559E-01,-1.822958E-02
1678992481
-2.500555E-01,-1.817206E-02
1678992483
-1.852022E-01,-1.811795E-02
1678992486
-1.135423E-01,-1.805972E-02
1678992489
-4.851470E-02,-1.801516E-02
1678992491
+2.024497E-02,-1.794705E-02
1678992494
+9.160261E-02,-1.791074E-02
1678992496
+1.564587E-01,-1.783828E-02
1678992499
+2.249676E-01,-1.776613E-02
1678992501
+2.899396E-01,-1.769379E-02
1678992504
+3.615890E-01,-1.755019E-02
1678992507
+4.299120E-01,-1.728983E-02
1678992509
+4.947755E-01,-1.677802E-02
1678992512
+5.665001E-01,-1.560214E-02
1678992514
+6.315063E-01,-1.320966E-02
1678992517
+6.998699E-01,-7.025345E-03
1678992520
+7.718941E-01,+7.890958E-03
1678992522
+8.370063E-01,+2.901445E-02
1678992525
+9.057617E-01,+5.676495E-02
1678992527
+9.712368E-01,+8.663771E-02
