1688704335
-1.998607E+00,-3.787362E-04
1688704338
-1.971380E+00,-3.549321E-04
1688704342
-1.940630E+00,-3.377779E-04
1688704345
-1.909844E+00,-3.234180E-04
1688704349
-1.879129E+00,-3.114073E-04
1688704353
-1.848434E+00,-2.998390E-04
1688704356
-1.821137E+00,-2.911196E-04
1688704360
-1.790429E+00,-2.806362E-04
1688704363
-1.759728E+00,-2.708829E-04
1688704367
-1.729028E+00,-2.616978E-04
1688704370
-1.698299E+00,-2.521071E-04
1688704374
-1.671055E+00,-2.444355E-04
1688704378
-1.640309E+00,-2.360869E-04
1688704381
-1.609487E+00,-2.272930E-04
1688704385
-1.578811E+00,-2.197078E-04
1688704388
-1.547994E+00,-2.120342E-04
1688704392
-1.520652E+00,-2.050736E-04
1688704396
-1.489986E+00,-1.972382E-04
1688704399
-1.459034E+00,-1.902343E-04
1688704403
-1.428316E+00,-1.830311E-04
1688704406
-1.401115E+00,-1.767601E-04
1688704410
-1.370393E+00,-1.699792E-04
1688704414
-1.339523E+00,-1.634494E-04
1688704417
-1.308739E+00,-1.568490E-04
1688704421
-1.278025E+00,-1.507540E-04
1688704424
-1.250769E+00,-1.453999E-04
1688704428
-1.220028E+00,-1.392073E-04
1688704431
-1.189354E+00,-1.333425E-04
1688704435
-1.158648E+00,-1.276507E-04
1688704439
-1.127955E+00,-1.220456E-04
1688704442
-1.100701E+00,-1.173482E-04
1688704446
-1.069860E+00,-1.120492E-04
1688704449
-1.039073E+00,-1.065629E-04
1688704453
-1.008041E+00,-1.016758E-04
1688704457
-9.774289E-01,-9.668947E-05
1688704460
-9.501215E-01,-9.241950E-05
1688704464
-9.194139E-01,-8.779464E-05
1688704467
-8.887107E-01,-8.311558E-05
1688704471
-8.579368E-01,-7.864504E-05
1688704474
-8.305955E-01,-7.459684E-05
1688704478
-7.999974E-01,-7.045483E-05
1688704482
-7.692842E-01,-6.625653E-05
1688704485
-7.385579E-01,-6.217750E-05
1688704489
-7.078132E-01,-5.828775E-05
1688704492
-6.804976E-01,-5.492710E-05
1688704496
-6.497948E-01,-5.141305E-05
1688704500
-6.189966E-01,-4.795026E-05
1688704503
-5.881492E-01,-4.468677E-05
1688704507
-5.575092E-01,-4.147831E-05
1688704510
-5.301874E-01,-3.870183E-05
1688704514
-4.995025E-01,-3.579275E-05
1688704517
-4.687735E-01,-3.304586E-05
1688704521
-4.379714E-01,-3.041116E-05
1688704525
-4.071741E-01,-2.788401E-05
1688704528
-3.798696E-01,-2.578341E-05
1688704532
-3.491165E-01,-2.352645E-05
1688704535
-3.184591E-01,-2.135953E-05
1688704539
-2.877627E-01,-1.929687E-05
1688704543
-2.602931E-01,-1.752941E-05
1688704546
-2.296685E-01,-1.562395E-05
1688704550
-1.989003E-01,-1.371514E-05
1688704553
-1.681363E-01,-1.191641E-05
1688704557
-1.374540E-01,-1.012017E-05
1688704560
-1.101496E-01,-8.523250E-06
1688704564
-7.944404E-02,-6.680738E-06
1688704568
-4.858752E-02,-4.597647E-06
1688704571
-1.774348E-02,-1.963345E-06
1688704575
+1.172497E-02,+1.735565E-06
1688704578
+4.241169E-02,+8.143491E-06
1688704582
+7.304423E-02,+1.979491E-05
1688704586
+1.036976E-01,+4.151806E-05
1688704589
+1.309926E-01,+7.616962E-05
1688704592
+1.616668E-01,+1.434949E-04
1688704596
+1.924586E-01,+2.564495E-04
1688704600
+2.233096E-01,+4.329388E-04
1688704603
+2.506731E-01,+6.558604E-04
1688704606
+2.813398E-01,+9.896103E-04
1688704610
+3.120574E-01,+1.417620E-03
1688704614
+3.428507E-01,+1.945142E-03
1688704617
+3.735824E-01,+2.575912E-03
1688704621
+4.008215E-01,+3.242241E-03
1688704624
+4.316776E-01,+4.115117E-03
1688704628
+4.624844E-01,+5.148729E-03
1688704632
+4.931362E-01,+6.381600E-03
1688704635
+5.240888E-01,+7.839467E-03
1688704639
+5.514081E-01,+9.405808E-03
1688704642
+5.820079E-01,+1.136884E-02
1688704646
+6.127597E-01,+1.368464E-02
1688704649
+6.437200E-01,+1.639600E-02
1688704653
+6.743558E-01,+1.950564E-02
1688704657
+7.017810E-01,+2.279803E-02
1688704660
+7.326095E-01,+2.682992E-02
1688704664
+7.633554E-01,+3.150278E-02
1688704667
+7.942181E-01,+3.682334E-02
1688704671
+8.250306E-01,+4.289060E-02
1688704675
+8.523081E-01,+4.907164E-02
1688704678
+8.832431E-01,+5.653237E-02
1688704682
+9.141091E-01,+6.486847E-02
1688704685
+9.449701E-01,+7.401673E-02
1688704689
+9.724147E-01,+8.314463E-02
