1678350450
-9.972320E-01,-3.231866E-02
1678350452
-9.289417E-01,-3.082289E-02
1678350455
-8.640353E-01,-2.961068E-02
1678350458
-7.923128E-01,-2.836171E-02
1678350460
-7.274749E-01,-2.728050E-02
1678350463
-6.590748E-01,-2.619660E-02
1678350465
-5.872222E-01,-2.511308E-02
1678350468
-5.223544E-01,-2.416426E-02
1678350471
-4.539183E-01,-2.319176E-02
1678350473
-3.891287E-01,-2.231028E-02
1678350476
-3.174874E-01,-2.139584E-02
1678350478
-2.490764E-01,-2.052133E-02
1678350481
-1.841643E-01,-1.972720E-02
1678350484
-1.124154E-01,-1.885772E-02
1678350486
-4.746670E-02,-1.809944E-02
1678350489
+1.857788E-02,-1.729137E-02
1678350491
+9.006450E-02,-1.639065E-02
1678350494
+1.548600E-01,-1.554027E-02
1678350496
+2.233726E-01,-1.456099E-02
1678350499
+2.883433E-01,-1.364235E-02
1678350502
+3.601350E-01,-1.255541E-02
1678350504
+4.283882E-01,-1.146115E-02
1678350507
+4.933120E-01,-1.026643E-02
1678350509
+5.638620E-01,-8.588386E-03
1678350512
+6.293262E-01,-5.754629E-03
1678350515
+6.987929E-01,+1.176453E-03
1678350517
+7.705061E-01,+1.458614E-02
1678350520
+8.356286E-01,+3.160774E-02
1678350522
+9.042493E-01,+5.246121E-02
1678350525
+9.693857E-01,+7.352253E-02
