1682921398
+3.189608E-03,+4.126408E-07
1682921401
+2.998616E-02,+1.535813E-06
1682921403
+5.393646E-02,+2.495804E-06
1682921406
+7.794680E-02,+3.630078E-06
1682921408
+1.054464E-01,+4.993321E-06
1682921411
+1.295860E-01,+6.142304E-06
1682921414
+1.536521E-01,+7.426843E-06
1682921416
+1.813302E-01,+9.584347E-06
1682921419
+2.038127E-01,+1.267229E-05
1682921421
+2.280232E-01,+1.488566E-05
1682921424
+2.520169E-01,+1.888503E-05
1682921426
+2.794281E-01,+2.262027E-05
1682921429
+3.034101E-01,+2.670579E-05
1682921432
+3.273587E-01,+3.015104E-05
1682921434
+3.547989E-01,+3.483304E-05
1682921437
+3.786843E-01,+3.913387E-05
1682921439
+4.025553E-01,+4.455343E-05
1682921442
+4.300308E-01,+4.892759E-05
1682921444
+4.540179E-01,+5.396890E-05
1682921447
+4.780098E-01,+5.783906E-05
1682921450
+5.051416E-01,+5.938981E-05
1682921452
+5.292504E-01,+6.349388E-05
1682921455
+5.531456E-01,+6.741848E-05
1682921457
+5.805627E-01,+7.176700E-05
1682921460
+6.045247E-01,+7.667718E-05
1682921463
+6.286393E-01,+8.180947E-05
1682921465
+6.563124E-01,+9.471320E-05
1682921468
+6.801190E-01,+9.246197E-05
1682921470
+7.040209E-01,+9.221172E-05
1682921473
+7.315030E-01,+9.802114E-05
1682921476
+7.554683E-01,+1.028194E-04
1682921478
+7.777081E-01,+1.090197E-04
1682921481
+8.050953E-01,+1.148930E-04
1682921483
+8.289137E-01,+1.184976E-04
1682921486
+8.528382E-01,+1.237753E-04
1682921488
+8.801370E-01,+1.299424E-04
1682921491
+9.040313E-01,+1.346699E-04
1682921493
+9.278558E-01,+1.385692E-04
1682921496
+9.551758E-01,+1.708840E-04
1682921499
+9.789905E-01,+1.728824E-04
