1685081704
-1.998949E+00,-2.573395E-04
1685081708
-1.971590E+00,-2.372973E-04
1685081712
-1.940869E+00,-2.237494E-04
1685081715
-1.910130E+00,-2.109153E-04
1685081719
-1.879382E+00,-2.008827E-04
1685081722
-1.848707E+00,-1.917490E-04
1685081726
-1.821384E+00,-1.843361E-04
1685081729
-1.790685E+00,-1.759279E-04
1685081733
-1.759892E+00,-1.689031E-04
1685081737
-1.729205E+00,-1.624108E-04
1685081740
-1.698514E+00,-1.561044E-04
1685081744
-1.671249E+00,-1.506186E-04
1685081747
-1.640590E+00,-1.448276E-04
1685081751
-1.609875E+00,-1.400460E-04
1685081755
-1.579074E+00,-1.347495E-04
1685081758
-1.548306E+00,-1.296815E-04
1685081762
-1.521045E+00,-1.253699E-04
1685081765
-1.490320E+00,-1.210015E-04
1685081769
-1.459376E+00,-1.167774E-04
1685081772
-1.428669E+00,-1.126054E-04
1685081776
-1.401411E+00,-1.088599E-04
1685081780
-1.370653E+00,-1.046646E-04
1685081783
-1.339889E+00,-1.007048E-04
1685081787
-1.309213E+00,-9.719497E-05
1685081790
-1.278492E+00,-9.388317E-05
1685081794
-1.251134E+00,-9.062428E-05
1685081798
-1.220358E+00,-8.726198E-05
1685081801
-1.189686E+00,-8.389595E-05
1685081805
-1.158952E+00,-8.066044E-05
1685081808
-1.128085E+00,-7.746783E-05
1685081812
-1.100873E+00,-7.489317E-05
1685081815
-1.070114E+00,-7.192031E-05
1685081819
-1.039232E+00,-6.903294E-05
1685081823
-1.008288E+00,-6.620812E-05
1685081826
-9.776211E-01,-6.334535E-05
1685081830
-9.503645E-01,-6.091454E-05
1685081833
-9.197267E-01,-5.832654E-05
1685081837
-8.888744E-01,-5.580399E-05
1685081841
-8.582432E-01,-5.328395E-05
1685081844
-8.308704E-01,-5.117125E-05
1685081848
-8.001627E-01,-4.881467E-05
1685081851
-7.694347E-01,-4.649767E-05
1685081855
-7.387745E-01,-4.421364E-05
1685081858
-7.080333E-01,-4.202632E-05
1685081862
-6.807649E-01,-4.013087E-05
1685081866
-6.500046E-01,-3.802737E-05
1685081869
-6.192266E-01,-3.591385E-05
1685081873
-5.883759E-01,-3.386745E-05
1685081876
-5.577365E-01,-3.192948E-05
1685081880
-5.304524E-01,-3.029546E-05
1685081884
-4.996896E-01,-2.836374E-05
1685081887
-4.690391E-01,-2.652040E-05
1685081891
-4.382244E-01,-2.465455E-05
1685081894
-4.073765E-01,-2.279038E-05
1685081898
-3.800940E-01,-2.127477E-05
1685081902
-3.494635E-01,-1.954275E-05
1685081905
-3.187389E-01,-1.774236E-05
1685081909
-2.879792E-01,-1.604121E-05
1685081912
-2.605416E-01,-1.447473E-05
1685081916
-2.298546E-01,-1.279235E-05
1685081919
-1.991301E-01,-1.116041E-05
1685081923
-1.683563E-01,-9.542228E-06
1685081927
-1.375817E-01,-7.962823E-06
1685081930
-1.103250E-01,-6.591894E-06
1685081934
-7.956287E-02,-5.055019E-06
1685081937
-4.881994E-02,-3.443510E-06
1685081941
-1.800447E-02,-1.611435E-06
1685081945
+1.173485E-02,+7.603973E-07
1685081948
+4.229544E-02,+4.425023E-06
1685081952
+7.296863E-02,+1.081540E-05
1685081955
+1.036009E-01,+2.240920E-05
1685081959
+1.309992E-01,+4.070647E-05
1685081962
+1.615698E-01,+7.657060E-05
1685081966
+1.923972E-01,+1.387183E-04
1685081970
+2.232689E-01,+2.395734E-04
1685081973
+2.506205E-01,+3.724813E-04
1685081977
+2.813811E-01,+5.788555E-04
1685081980
+3.120994E-01,+8.535506E-04
1685081984
+3.428150E-01,+1.202828E-03
1685081988
+3.735123E-01,+1.635143E-03
1685081991
+4.007971E-01,+2.103790E-03
1685081995
+4.316055E-01,+2.727616E-03
1685081998
+4.624280E-01,+3.478641E-03
1685082002
+4.930687E-01,+4.373068E-03
1685082005
+5.238619E-01,+5.442995E-03
1685082009
+5.511924E-01,+6.583628E-03
1685082013
+5.818488E-01,+8.045188E-03
1685082016
+6.126622E-01,+9.778479E-03
1685082020
+6.435907E-01,+1.180414E-02
1685082023
+6.743146E-01,+1.413842E-02
1685082027
+7.017279E-01,+1.657380E-02
1685082031
+7.326087E-01,+1.957822E-02
1685082034
+7.633451E-01,+2.299802E-02
1685082038
+7.941359E-01,+2.686124E-02
1685082041
+8.249127E-01,+3.117954E-02
1685082045
+8.522297E-01,+3.551266E-02
1685082048
+8.830807E-01,+4.071348E-02
1685082052
+9.138906E-01,+4.643954E-02
1685082056
+9.446796E-01,+5.263743E-02
1685082059
+9.720929E-01,+5.864770E-02
