1683543692
+2.251025E-05,-1.455448E-02
1683543694
+2.724355E-02,-1.416087E-02
1683543697
+5.107700E-02,-1.378612E-02
1683543699
+7.495213E-02,-1.339822E-02
1683543702
+1.022024E-01,-1.291053E-02
1683543705
+1.261709E-01,-1.237696E-02
1683543707
+1.500694E-01,-1.176120E-02
1683543710
+1.773854E-01,-1.091480E-02
1683543712
+1.999011E-01,-1.014288E-02
1683543715
+2.241658E-01,-9.080593E-03
1683543717
+2.483202E-01,-7.892223E-03
1683543720
+2.758857E-01,-6.364305E-03
1683543723
+3.001211E-01,-4.898211E-03
1683543725
+3.241880E-01,-3.346374E-03
1683543728
+3.518745E-01,-1.489930E-03
1683543730
+3.765144E-01,+2.797694E-04
1683543733
+4.001058E-01,+1.920201E-03
1683543736
+4.277647E-01,+3.901537E-03
1683543738
+4.520926E-01,+5.689992E-03
1683543741
+4.763096E-01,+7.532886E-03
1683543743
+5.039920E-01,+9.723122E-03
1683543746
+5.261915E-01,+1.146530E-02
1683543749
+5.502117E-01,+1.356520E-02
1683543751
+5.775753E-01,+1.610482E-02
1683543754
+6.015080E-01,+1.856220E-02
1683543756
+6.256433E-01,+2.120601E-02
1683543759
+6.530311E-01,+2.439624E-02
1683543761
+6.770230E-01,+2.751326E-02
1683543764
+7.008672E-01,+3.081083E-02
1683543767
+7.283610E-01,+3.480196E-02
1683543769
+7.523927E-01,+3.869735E-02
1683543772
+7.763304E-01,+4.279386E-02
1683543774
+8.036488E-01,+4.766464E-02
1683543777
+8.275530E-01,+5.235230E-02
1683543780
+8.515106E-01,+5.728127E-02
1683543782
+8.789210E-01,+6.306712E-02
1683543785
+9.029489E-01,+6.858038E-02
1683543787
+9.268525E-01,+7.427730E-02
1683543790
+9.543443E-01,+8.093561E-02
1683543792
+9.782634E-01,+8.715872E-02
