1679747678
-9.982767E-01,-1.968292E-02
1679747680
-9.300326E-01,-1.953042E-02
1679747683
-8.651116E-01,-1.937418E-02
1679747686
-7.934372E-01,-1.923125E-02
1679747688
-7.285952E-01,-1.914699E-02
1679747691
-6.602994E-01,-1.900798E-02
1679747693
-5.883858E-01,-1.891766E-02
1679747696
-5.235986E-01,-1.882237E-02
1679747699
-4.551845E-01,-1.874074E-02
1679747701
-3.903100E-01,-1.863596E-02
1679747704
-3.186523E-01,-1.855796E-02
1679747706
-2.502756E-01,-1.848222E-02
1679747709
-1.854228E-01,-1.839688E-02
1679747711
-1.136800E-01,-1.832835E-02
1679747714
-4.878880E-02,-1.827128E-02
1679747717
+2.041406E-02,-1.818333E-02
1679747719
+9.182541E-02,-1.811302E-02
1679747722
+1.566502E-01,-1.801192E-02
1679747724
+2.251419E-01,-1.789806E-02
1679747727
+2.900926E-01,-1.764570E-02
1679747730
+3.618175E-01,-1.740959E-02
1679747732
+4.300698E-01,-1.717764E-02
1679747735
+4.948996E-01,-1.687789E-02
1679747737
+5.666779E-01,-1.609041E-02
1679747740
+6.316277E-01,-1.383045E-02
1679747743
+6.991445E-01,-6.322465E-03
1679747745
+7.721703E-01,+1.238901E-02
1679747748
+8.373286E-01,+3.755484E-02
1679747750
+9.062414E-01,+7.020783E-02
1679747753
+9.612163E-01,+9.999941E-02
