1677007420
-9.983444E-01,-1.642726E-02
1677007422
-9.301060E-01,-1.641450E-02
1677007425
-8.652879E-01,-1.638647E-02
1677007427
-7.935762E-01,-1.637059E-02
1677007430
-7.286949E-01,-1.632293E-02
1677007433
-6.603588E-01,-1.630171E-02
1677007435
-5.885064E-01,-1.627606E-02
1677007438
-5.237632E-01,-1.626823E-02
1677007440
-4.553778E-01,-1.623838E-02
1677007443
-3.904805E-01,-1.621152E-02
1677007446
-3.188225E-01,-1.620349E-02
1677007448
-2.505072E-01,-1.618124E-02
1677007451
-1.856214E-01,-1.614651E-02
1677007453
-1.139867E-01,-1.613068E-02
1677007456
-4.896085E-02,-1.611739E-02
1677007459
+1.922583E-02,-1.608493E-02
1677007461
+9.073430E-02,-1.605961E-02
1677007464
+1.555811E-01,-1.603852E-02
1677007466
+2.240557E-01,-1.601451E-02
1677007469
+2.890569E-01,-1.597005E-02
1677007471
+3.606611E-01,-1.594810E-02
1677007474
+4.289072E-01,-1.581039E-02
1677007477
+4.937681E-01,-1.569351E-02
1677007479
+5.655551E-01,-1.522187E-02
1677007482
+6.306380E-01,-1.370566E-02
1677007484
+6.978626E-01,-8.182281E-03
1677007487
1677007490
1677007492
1677007495
+8.362275E-01,+3.569597E-02
+9.051258E-01,+7.111903E-02
