1685500757
1685500760
1685500763
1685500766
1685500769
1685500772
1685500775
1685500778
1685500781
1685500784
1685500787
1685500790
1685500793
1685500796
1685500799
1685500802
1685500805
1685500808
1685500811
1685500814
1685500817
1685500820
1685500823
1685500826
1685500829
1685500832
1685500835
1685500838
1685500841
1685500844
1685500847
1685500850
1685500853
1685500856
1685500859
1685500862
1685500865
1685500868
1685500871
1685500874
1685500877
1685500880
1685500883
1685500886
1685500889
1685500892
1685500895
1685500898
1685500901
1685500904
1685500907
1685500910
1685500913
1685500916
1685500919
1685500922
1685500925
1685500928
1685500931
1685500934
1685500937
1685500940
1685500943
