1684731492
-1.998979E+00,-5.478640E-04
1684731496
-1.971670E+00,-4.956137E-04
1684731500
-1.940972E+00,-4.659412E-04
1684731503
-1.910217E+00,-4.418363E-04
1684731507
-1.879514E+00,-4.236173E-04
1684731510
-1.848845E+00,-4.054444E-04
1684731514
-1.821467E+00,-3.899269E-04
1684731517
-1.790766E+00,-3.751090E-04
1684731521
-1.760055E+00,-3.597094E-04
1684731525
-1.729365E+00,-3.453562E-04
1684731528
-1.698651E+00,-3.310427E-04
1684731532
-1.671399E+00,-3.178751E-04
1684731535
-1.640686E+00,-3.042530E-04
1684731539
-1.609961E+00,-2.928595E-04
1684731543
-1.579260E+00,-2.812384E-04
1684731546
-1.548480E+00,-2.701899E-04
1684731550
-1.521094E+00,-2.604871E-04
1684731553
-1.490426E+00,-2.503159E-04
1684731557
-1.459510E+00,-2.405518E-04
1684731560
-1.428805E+00,-2.315384E-04
1684731564
-1.401532E+00,-2.231411E-04
1684731568
-1.370827E+00,-2.143615E-04
1684731571
-1.340068E+00,-2.058946E-04
1684731575
-1.309343E+00,-1.976640E-04
1684731578
-1.278578E+00,-1.898679E-04
1684731582
-1.251214E+00,-1.832969E-04
1684731586
-1.220518E+00,-1.758389E-04
1684731589
-1.189769E+00,-1.687375E-04
1684731593
-1.159062E+00,-1.616315E-04
1684731596
-1.128312E+00,-1.549441E-04
1684731600
-1.101031E+00,-1.491160E-04
1684731603
-1.070087E+00,-1.427284E-04
1684731607
-1.039295E+00,-1.367835E-04
1684731611
-1.008428E+00,-1.307949E-04
1684731614
-9.778215E-01,-1.250152E-04
1684731618
-9.505349E-01,-1.200635E-04
1684731621
-9.198308E-01,-1.145031E-04
1684731625
-8.890498E-01,-1.091996E-04
1684731629
-8.584059E-01,-1.039802E-04
1684731632
-8.310028E-01,-9.938756E-05
1684731636
-8.003564E-01,-9.465058E-05
1684731639
-7.696330E-01,-8.989281E-05
1684731643
-7.389429E-01,-8.518091E-05
1684731646
-7.082902E-01,-8.066121E-05
1684731650
-6.808937E-01,-7.678569E-05
1684731654
-6.500425E-01,-7.240066E-05
1684731657
-6.192989E-01,-6.813029E-05
1684731661
-5.884079E-01,-6.391414E-05
1684731664
-5.577201E-01,-5.988810E-05
1684731668
-5.304659E-01,-5.639865E-05
1684731672
-4.997632E-01,-5.255148E-05
1684731675
-4.690614E-01,-4.884776E-05
1684731679
-4.382903E-01,-4.510148E-05
1684731682
-4.075425E-01,-4.152324E-05
1684731686
-3.801975E-01,-3.839363E-05
1684731689
-3.495498E-01,-3.495424E-05
1684731693
-3.189172E-01,-3.159949E-05
1684731697
-2.881786E-01,-2.834564E-05
1684731700
-2.606636E-01,-2.550874E-05
1684731704
-2.299209E-01,-2.242125E-05
1684731707
-1.991239E-01,-1.939879E-05
1684731711
-1.684612E-01,-1.651519E-05
1684731715
-1.377527E-01,-1.367954E-05
1684731718
-1.104661E-01,-1.117202E-05
1684731722
-7.978259E-02,-8.381811E-06
1684731725
-4.896814E-02,-5.481530E-06
1684731729
-1.810949E-02,-2.185568E-06
1684731732
+1.159379E-02,+1.939395E-06
1684731736
+4.229514E-02,+8.216749E-06
1684731740
+7.291060E-02,+1.863815E-05
1684731743
+1.035777E-01,+3.735347E-05
1684731747
+1.307690E-01,+6.632634E-05
1684731750
+1.615754E-01,+1.227024E-04
1684731754
+1.923126E-01,+2.170224E-04
1684731758
+2.231473E-01,+3.655575E-04
1684731761
+2.505547E-01,+5.543078E-04
1684731765
+2.812902E-01,+8.409427E-04
1684731768
+3.120123E-01,+1.215666E-03
1684731772
+3.427904E-01,+1.681967E-03
1684731775
+3.734917E-01,+2.251179E-03
1684731779
+4.007873E-01,+2.859799E-03
1684731783
+4.317028E-01,+3.673379E-03
1684731786
+4.624617E-01,+4.651427E-03
1684731790
+4.931188E-01,+5.824922E-03
1684731793
+5.239226E-01,+7.244123E-03
1684731797
+5.511672E-01,+8.770756E-03
1684731801
+5.819686E-01,+1.072860E-02
1684731804
+6.125909E-01,+1.303227E-02
1684731808
+6.435133E-01,+1.575306E-02
1684731811
+6.743112E-01,+1.890543E-02
1684731815
+7.016960E-01,+2.220198E-02
1684731818
+7.325825E-01,+2.624922E-02
1684731822
+7.633837E-01,+3.087721E-02
1684731826
+7.941700E-01,+3.610183E-02
1684731829
+8.250406E-01,+4.195712E-02
1684731833
+8.523797E-01,+4.785734E-02
1684731836
+8.832893E-01,+5.486633E-02
1684731840
+9.140890E-01,+6.255237E-02
1684731844
+9.449239E-01,+7.084823E-02
1684731847
+9.723695E-01,+7.893717E-02
