1685351567
1685351570
1685351573
1685351576
1685351579
1685351582
1685351585
1685351588
1685351591
1685351594
1685351597
1685351600
1685351603
1685351606
1685351609
1685351612
1685351615
1685351618
1685351621
1685351624
1685351627
1685351630
1685351633
1685351636
1685351639
1685351642
1685351645
1685351648
1685351651
1685351654
1685351657
1685351660
1685351663
1685351666
1685351669
1685351672
1685351676
1685351679
1685351682
1685351685
1685351688
1685351691
1685351694
1685351697
1685351700
1685351703
1685351706
1685351709
1685351712
1685351715
1685351718
1685351721
1685351724
1685351727
1685351730
1685351733
1685351736
1685351739
1685351742
1685351745
1685351748
-1.998038E+00,-5.184515E-04
-1.970721E+00,-4.973200E-04
-1.909181E+00,-4.676979E-04
-1.847699E+00,-4.382360E-04
-1.789559E+00,-4.110771E-04
-1.728001E+00,-3.844120E-04
-1.669935E+00,-3.601831E-04
-1.608421E+00,-3.357471E-04
-1.546902E+00,-3.128745E-04
-1.488885E+00,-2.922450E-04
-1.427114E+00,-2.712375E-04
-1.369025E+00,-2.524546E-04
-1.307489E+00,-2.339496E-04
-1.249375E+00,-2.173413E-04
-1.187963E+00,-2.006116E-04
-1.126420E+00,-1.846160E-04
-1.877224E+00,-4.353175E-04
-1.846573E+00,-4.208294E-04
