1684939654
-1.996630E+00,-1.891563E-02
1684939657
-1.969304E+00,-1.888492E-02
1684939661
-1.938564E+00,-1.885994E-02
1684939665
-1.907930E+00,-1.879246E-02
1684939668
-1.877163E+00,-1.873711E-02
1684939672
-1.846528E+00,-1.867217E-02
1684939675
-1.819126E+00,-1.859660E-02
1684939679
-1.788358E+00,-1.854355E-02
1684939682
-1.757690E+00,-1.844701E-02
1684939686
-1.726982E+00,-1.840397E-02
1684939690
-1.696241E+00,-1.830458E-02
1684939693
-1.668936E+00,-1.822487E-02
1684939697
-1.638251E+00,-1.818252E-02
1684939700
-1.607558E+00,-1.815899E-02
1684939704
-1.576809E+00,-1.805953E-02
1684939708
-1.546035E+00,-1.794757E-02
1684939711
-1.518795E+00,-1.792045E-02
1684939715
-1.488056E+00,-1.786376E-02
1684939718
-1.457114E+00,-1.774896E-02
1684939722
-1.426402E+00,-1.772835E-02
1684939725
-1.399067E+00,-1.764102E-02
1684939729
-1.368393E+00,-1.757661E-02
1684939733
-1.337534E+00,-1.752217E-02
1684939736
-1.306867E+00,-1.747359E-02
1684939740
-1.276129E+00,-1.740551E-02
1684939743
-1.248836E+00,-1.736470E-02
1684939747
-1.218112E+00,-1.729744E-02
1684939751
-1.187374E+00,-1.724351E-02
1684939754
-1.156707E+00,-1.716347E-02
1684939758
-1.125853E+00,-1.712262E-02
1684939761
-1.098544E+00,-1.713948E-02
1684939765
-1.067721E+00,-1.703935E-02
1684939768
-1.037025E+00,-1.695837E-02
1684939772
-1.006018E+00,-1.689514E-02
1684939776
-9.753831E-01,-1.680009E-02
1684939779
-9.481056E-01,-1.677873E-02
1684939783
-9.174176E-01,-1.669925E-02
1684939786
-8.866848E-01,-1.663700E-02
1684939790
-8.559600E-01,-1.655248E-02
1684939794
-8.286436E-01,-1.653990E-02
1684939797
-7.978946E-01,-1.644259E-02
1684939801
-7.672127E-01,-1.636224E-02
1684939804
-7.365124E-01,-1.627574E-02
1684939808
-7.057084E-01,-1.622153E-02
1684939811
-6.783442E-01,-1.615106E-02
1684939815
-6.476488E-01,-1.607368E-02
1684939819
-6.168910E-01,-1.598221E-02
1684939822
-5.860188E-01,-1.590607E-02
1684939826
-5.553158E-01,-1.585364E-02
1684939829
-5.280286E-01,-1.574509E-02
1684939833
-4.972539E-01,-1.564338E-02
1684939837
-4.664868E-01,-1.555714E-02
1684939840
-4.358507E-01,-1.546534E-02
1684939844
-4.050852E-01,-1.534616E-02
1684939847
-3.776812E-01,-1.527043E-02
1684939851
-3.470284E-01,-1.514881E-02
1684939854
-3.163731E-01,-1.504220E-02
1684939858
-2.856911E-01,-1.490091E-02
1684939862
-2.582344E-01,-1.475447E-02
1684939865
-2.274832E-01,-1.462091E-02
1684939869
-1.967770E-01,-1.451944E-02
1684939872
-1.660242E-01,-1.435009E-02
1684939876
-1.353022E-01,-1.413445E-02
1684939880
-1.079298E-01,-1.395020E-02
1684939883
-7.723618E-02,-1.374836E-02
1684939887
-4.644330E-02,-1.346868E-02
1684939890
-1.556117E-02,-1.319751E-02
1684939894
+9.917783E-03,-1.294014E-02
1684939897
+4.067510E-02,-1.255110E-02
1684939901
+7.130400E-02,-1.211802E-02
1684939905
+1.018937E-01,-1.158742E-02
1684939908
+1.292667E-01,-1.092258E-02
1684939912
+1.599639E-01,-9.982712E-03
1684939915
+1.907754E-01,-8.816904E-03
1684939919
+2.216370E-01,-7.394238E-03
1684939923
+2.490300E-01,-5.908993E-03
1684939926
+2.798365E-01,-4.055698E-03
1684939930
+3.105421E-01,-2.021715E-03
1684939933
+3.413611E-01,+2.134593E-04
1684939937
+3.721259E-01,+2.543644E-03
1684939940
+3.993504E-01,+4.711916E-03
1684939944
+4.302694E-01,+7.326526E-03
1684939947
+4.610792E-01,+1.011940E-02
1684939951
+4.918841E-01,+1.313023E-02
1684939955
+5.227205E-01,+1.639815E-02
1684939958
+5.501227E-01,+1.956966E-02
1684939962
+5.808599E-01,+2.335436E-02
1684939965
+6.116036E-01,+2.747686E-02
1684939969
+6.425727E-01,+3.194763E-02
1684939972
+6.733584E-01,+3.670888E-02
1684939976
+7.007372E-01,+4.127716E-02
1684939980
+7.317187E-01,+4.661126E-02
1684939983
+7.625092E-01,+5.221088E-02
1684939987
+7.933849E-01,+5.806987E-02
1684939990
+8.242339E-01,+6.413863E-02
1684939994
+8.515852E-01,+6.974388E-02
1684939998
+8.824205E-01,+7.597994E-02
1684940001
+9.132262E-01,+8.231269E-02
1684940005
+9.440166E-01,+8.831780E-02
1684940008
+9.713734E-01,+9.350552E-02
