1678321106
-1.000433E+00,-1.858878E-02
1678321108
-9.322119E-01,-1.857003E-02
1678321111
-8.673147E-01,-1.856542E-02
1678321113
-7.955983E-01,-1.854481E-02
1678321116
-7.307988E-01,-1.853093E-02
1678321119
-6.624807E-01,-1.849958E-02
1678321121
-5.905612E-01,-1.849521E-02
1678321124
-5.257682E-01,-1.847437E-02
1678321126
-4.575672E-01,-1.845097E-02
1678321129
-3.926524E-01,-1.842332E-02
1678321132
-3.210615E-01,-1.841942E-02
1678321134
-2.526339E-01,-1.837727E-02
1678321137
-1.878084E-01,-1.837619E-02
1678321139
-1.160507E-01,-1.835196E-02
1678321142
-5.112674E-02,-1.831158E-02
1678321144
+2.018623E-02,-1.828633E-02
1678321147
+9.163007E-02,-1.825578E-02
1678321150
+1.563716E-01,-1.822600E-02
1678321152
+2.249517E-01,-1.819901E-02
1678321155
+2.898059E-01,-1.817871E-02
1678321157
+3.614406E-01,-1.810409E-02
1678321160
+4.297547E-01,-1.802083E-02
1678321163
+4.946055E-01,-1.778277E-02
1678321165
+5.663055E-01,-1.695722E-02
1678321168
+6.314064E-01,-1.436943E-02
1678321170
+6.987368E-01,-7.620503E-03
1678321173
+7.728571E-01,+6.096881E-03
1678321176
+8.367181E-01,+2.103756E-02
1678321178
+9.053701E-01,+3.787247E-02
1678321181
+9.703360E-01,+4.231635E-02
