1688710510
-1.991570E+00,-5.256826E-04
1688710513
-1.964310E+00,-5.200689E-04
1688710517
-1.933575E+00,-5.105284E-04
1688710520
-1.902813E+00,-5.006653E-04
1688710524
-1.872030E+00,-4.890821E-04
1688710527
-1.841385E+00,-4.769167E-04
1688710531
-1.814061E+00,-4.661439E-04
1688710535
-1.783313E+00,-4.535853E-04
1688710538
-1.752629E+00,-4.416835E-04
1688710542
-1.721922E+00,-4.297160E-04
1688710545
-1.691235E+00,-4.177168E-04
1688710549
-1.663971E+00,-4.070163E-04
1688710553
-1.633185E+00,-3.950290E-04
1688710556
-1.602521E+00,-3.835797E-04
1688710560
-1.571718E+00,-3.724590E-04
1688710563
-1.540962E+00,-3.614246E-04
1688710567
-1.513648E+00,-3.514440E-04
1688710570
-1.482950E+00,-3.404539E-04
1688710574
-1.452059E+00,-3.295788E-04
1688710578
-1.421372E+00,-3.191383E-04
1688710581
-1.393986E+00,-3.096972E-04
1688710585
-1.363315E+00,-2.995891E-04
1688710588
-1.332516E+00,-2.896444E-04
1688710592
-1.301841E+00,-2.798440E-04
1688710596
-1.271121E+00,-2.700769E-04
1688710599
-1.243716E+00,-2.617235E-04
1688710603
-1.213004E+00,-2.522045E-04
1688710606
-1.182296E+00,-2.433082E-04
1688710610
-1.151597E+00,-2.343302E-04
1688710613
-1.120815E+00,-2.256870E-04
1688710617
-1.093588E+00,-2.176400E-04
1688710621
-1.062787E+00,-2.091962E-04
1688710624
-1.032038E+00,-2.008186E-04
1688710628
-1.001140E+00,-1.922483E-04
1688710631
-9.703558E-01,-1.842478E-04
1688710635
-9.431241E-01,-1.770157E-04
1688710639
-9.124130E-01,-1.692269E-04
1688710642
-8.816459E-01,-1.615111E-04
1688710646
-8.509196E-01,-1.539589E-04
1688710649
-8.236009E-01,-1.474003E-04
1688710653
-7.929367E-01,-1.401224E-04
1688710656
-7.623166E-01,-1.330279E-04
1688710660
-7.315809E-01,-1.258851E-04
1688710664
-7.007756E-01,-1.190384E-04
1688710667
-6.734667E-01,-1.129619E-04
1688710671
-6.427062E-01,-1.063386E-04
1688710674
-6.118791E-01,-9.991189E-05
1688710678
-5.810874E-01,-9.361187E-05
1688710682
-5.502815E-01,-8.737396E-05
1688710685
-5.230206E-01,-8.194254E-05
1688710689
-4.923789E-01,-7.601153E-05
1688710692
-4.615106E-01,-7.020399E-05
1688710696
-4.308023E-01,-6.461285E-05
1688710699
-4.000564E-01,-5.912805E-05
1688710703
-3.727406E-01,-5.429212E-05
1688710707
-3.420825E-01,-4.905962E-05
1688710710
-3.114101E-01,-4.411444E-05
1688710714
-2.806753E-01,-3.910587E-05
1688710717
-2.532451E-01,-3.477659E-05
1688710721
-2.225261E-01,-3.016458E-05
1688710725
-1.917979E-01,-2.569186E-05
1688710728
-1.610530E-01,-2.132964E-05
1688710732
-1.303299E-01,-1.712130E-05
1688710735
-1.030650E-01,-1.348466E-05
1688710739
-7.227348E-02,-9.551119E-06
1688710742
-4.151361E-02,-5.723077E-06
1688710746
-1.058697E-02,-1.908384E-06
1688710750
+8.608661E-03,+4.966916E-07
1688710753
+3.929539E-02,+4.425675E-06
1688710757
+6.996711E-02,+8.930058E-06
1688710760
+1.005821E-01,+1.496592E-05
1688710764
+1.278751E-01,+2.343221E-05
1688710768
+1.585601E-01,+4.129754E-05
1688710771
+1.894394E-01,+7.917677E-05
1688710775
+2.203087E-01,+1.588721E-04
1688710778
+2.476201E-01,+2.947598E-04
1688710782
+2.783718E-01,+5.687079E-04
1688710785
+3.092018E-01,+1.029899E-03
1688710789
+3.399135E-01,+1.733432E-03
1688710793
+3.706209E-01,+2.725734E-03
1688710796
+3.979706E-01,+3.900686E-03
1688710800
+4.287564E-01,+5.551495E-03
1688710803
+4.596073E-01,+7.598608E-03
1688710807
+4.904099E-01,+1.007613E-02
1688710811
+5.212558E-01,+1.299187E-02
1688710814
+5.485778E-01,+1.601402E-02
1688710818
+5.793954E-01,+1.979880E-02
1688710821
+6.101304E-01,+2.407580E-02
1688710825
+6.411396E-01,+2.890003E-02
1688710828
+6.719013E-01,+3.418282E-02
1688710832
+6.992624E-01,+3.943639E-02
1688710836
+7.302609E-01,+4.568975E-02
1688710839
+7.610623E-01,+5.249258E-02
1688710843
+7.919341E-01,+5.977377E-02
1688710846
+8.227881E-01,+6.758433E-02
1688710850
+8.502253E-01,+7.502527E-02
1688710854
+8.811194E-01,+8.364558E-02
1688710857
+9.120077E-01,+9.271060E-02
1688710861
+9.345572E-01,+1.000007E-01
1688710864
+9.301118E-01,+1.000007E-01
