1688721449
-1.994052E+00,-5.874544E-04
1688721452
-1.966736E+00,-5.763512E-04
1688721456
-1.936018E+00,-5.583248E-04
1688721459
-1.905301E+00,-5.408213E-04
1688721463
-1.874472E+00,-5.226173E-04
1688721467
-1.843897E+00,-5.055236E-04
1688721470
-1.816549E+00,-4.900645E-04
1688721474
-1.785756E+00,-4.737399E-04
1688721477
-1.754994E+00,-4.578505E-04
1688721481
-1.724295E+00,-4.425587E-04
1688721484
-1.693555E+00,-4.279563E-04
1688721488
-1.666262E+00,-4.149101E-04
1688721492
-1.635584E+00,-4.007965E-04
1688721495
-1.604795E+00,-3.871750E-04
1688721499
-1.574072E+00,-3.738654E-04
1688721502
-1.543296E+00,-3.612495E-04
1688721506
-1.515994E+00,-3.501678E-04
1688721510
-1.485307E+00,-3.379478E-04
1688721513
-1.454422E+00,-3.264971E-04
1688721517
-1.423678E+00,-3.151149E-04
1688721520
-1.396353E+00,-3.053013E-04
1688721524
-1.365677E+00,-2.946104E-04
1688721527
-1.334840E+00,-2.840267E-04
1688721531
-1.304152E+00,-2.738473E-04
1688721535
-1.273396E+00,-2.636893E-04
1688721538
-1.246076E+00,-2.549074E-04
1688721542
-1.215348E+00,-2.453785E-04
1688721545
-1.184579E+00,-2.358964E-04
1688721549
-1.153899E+00,-2.265539E-04
1688721553
-1.123112E+00,-2.176744E-04
1688721556
-1.095745E+00,-2.097777E-04
1688721560
-1.065006E+00,-2.013117E-04
1688721563
-1.034202E+00,-1.927804E-04
1688721567
-1.003248E+00,-1.846059E-04
1688721570
-9.725228E-01,-1.766316E-04
1688721574
-9.453050E-01,-1.696314E-04
1688721578
-9.145598E-01,-1.621954E-04
1688721581
-8.838254E-01,-1.547002E-04
1688721585
-8.531053E-01,-1.473597E-04
1688721588
-8.257416E-01,-1.408519E-04
1688721592
-7.950223E-01,-1.339209E-04
1688721596
-7.642831E-01,-1.269456E-04
1688721599
-7.337173E-01,-1.202123E-04
1688721603
-7.028363E-01,-1.134189E-04
1688721606
-6.755525E-01,-1.077859E-04
1688721610
-6.447790E-01,-1.012873E-04
1688721613
-6.140183E-01,-9.513227E-05
1688721617
-5.831864E-01,-8.906104E-05
1688721621
-5.524073E-01,-8.319961E-05
1688721624
-5.252103E-01,-7.798193E-05
1688721628
-4.945076E-01,-7.237355E-05
1688721631
-4.637108E-01,-6.688112E-05
1688721635
-4.328931E-01,-6.151459E-05
1688721639
-4.021232E-01,-5.624400E-05
1688721642
-3.748203E-01,-5.169184E-05
1688721646
-3.441278E-01,-4.668143E-05
1688721649
-3.133677E-01,-4.187992E-05
1688721653
-2.826050E-01,-3.715805E-05
1688721656
-2.552330E-01,-3.305206E-05
1688721660
-2.245071E-01,-2.863293E-05
1688721664
-1.937995E-01,-2.436265E-05
1688721667
-1.630420E-01,-2.023373E-05
1688721671
-1.322877E-01,-1.620655E-05
1688721674
-1.049857E-01,-1.277815E-05
1688721678
-7.425145E-02,-9.014082E-06
1688721682
-4.351806E-02,-5.411388E-06
1688721685
-1.264536E-02,-1.832462E-06
1688721689
+1.021169E-02,+7.951417E-07
1688721692
+4.085868E-02,+4.294085E-06
1688721696
+7.143309E-02,+7.902680E-06
1688721699
+1.020401E-01,+1.190028E-05
1688721703
+1.293994E-01,+1.633025E-05
1688721707
+1.600822E-01,+2.388057E-05
1688721710
+1.909202E-01,+3.838542E-05
1688721714
+2.217473E-01,+7.098620E-05
1688721717
+2.491717E-01,+1.353881E-04
1688721721
+2.799387E-01,+2.900511E-04
1688721725
+3.106925E-01,+6.065969E-04
1688721728
+3.414754E-01,+1.185030E-03
1688721732
+3.721898E-01,+2.122825E-03
1688721735
+3.994583E-01,+3.334197E-03
1688721739
+4.303204E-01,+5.158235E-03
1688721742
+4.610641E-01,+7.517552E-03
1688721746
+4.918387E-01,+1.041984E-02
1688721750
+5.226384E-01,+1.390322E-02
1688721753
+5.499769E-01,+1.750842E-02
1688721757
+5.807405E-01,+2.204911E-02
1688721760
+6.115752E-01,+2.723346E-02
1688721764
+6.425960E-01,+3.304923E-02
1688721768
+6.733453E-01,+3.953832E-02
1688721771
+7.007705E-01,+4.595139E-02
1688721775
+7.316943E-01,+5.370168E-02
1688721778
+7.626041E-01,+6.219893E-02
1688721782
+7.934244E-01,+7.143030E-02
1688721786
+8.243114E-01,+8.145482E-02
1688721789
+8.517585E-01,+9.119076E-02
1688721793
+8.743196E-01,+1.000004E-01
1688721796
+8.695452E-01,+1.000004E-01
1688721800
+8.668377E-01,+1.000004E-01
1688721803
+8.650439E-01,+1.000004E-01
