1676390586
-9.983514E-01,-1.814169E-02
1676390588
-9.779390E-01,-1.812005E-02
1676390591
-9.608437E-01,-1.812593E-02
1676390593
-9.404378E-01,-1.812893E-02
1676390596
-9.200006E-01,-1.813472E-02
1676390599
-8.994429E-01,-1.812717E-02
1676390601
-8.789756E-01,-1.812063E-02
1676390604
-8.584542E-01,-1.811346E-02
1676390606
-8.378717E-01,-1.809823E-02
1676390609
-8.209192E-01,-1.810585E-02
1676390612
-8.004159E-01,-1.810154E-02
1676390614
-7.799694E-01,-1.810358E-02
1676390617
-7.594667E-01,-1.809563E-02
1676390619
-7.390637E-01,-1.808003E-02
1676390622
-7.185748E-01,-1.808866E-02
1676390625
-6.980346E-01,-1.810150E-02
1676390627
-6.809286E-01,-1.808268E-02
1676390630
-6.604296E-01,-1.806688E-02
1676390632
-6.399823E-01,-1.808351E-02
1676390635
-6.194717E-01,-1.806021E-02
1676390638
-5.990227E-01,-1.805599E-02
1676390640
-5.783734E-01,-1.805587E-02
1676390643
-5.579180E-01,-1.805013E-02
1676390645
-5.408925E-01,-1.805376E-02
1676390648
-5.204034E-01,-1.805195E-02
1676390650
-4.999102E-01,-1.804079E-02
1676390653
-4.793460E-01,-1.803263E-02
1676390656
-4.589228E-01,-1.803304E-02
1676390658
-4.384447E-01,-1.802493E-02
1676390661
-4.179997E-01,-1.801689E-02
1676390663
-4.008284E-01,-1.801063E-02
1676390666
-3.803319E-01,-1.801669E-02
1676390669
-3.598053E-01,-1.801576E-02
1676390671
-3.393922E-01,-1.799769E-02
1676390674
-3.188832E-01,-1.798885E-02
1676390676
-2.984309E-01,-1.798752E-02
1676390679
-2.779602E-01,-1.799100E-02
1676390682
-2.607998E-01,-1.799562E-02
1676390684
-2.402608E-01,-1.797105E-02
1676390687
-2.197801E-01,-1.796405E-02
1676390689
-1.992562E-01,-1.795022E-02
1676390692
-1.788172E-01,-1.796420E-02
1676390695
-1.583924E-01,-1.795454E-02
1676390697
-1.379001E-01,-1.795218E-02
1676390700
-1.208699E-01,-1.794792E-02
1676390702
-1.004126E-01,-1.795138E-02
1676390705
-7.991111E-02,-1.793150E-02
1676390708
-5.940796E-02,-1.793020E-02
1676390710
-3.877387E-02,-1.790016E-02
1676390713
-1.829990E-02,-1.791271E-02
1676390715
+2.239785E-03,-1.790630E-02
1676390718
+1.921912E-02,-1.790374E-02
1676390720
+3.966773E-02,-1.788124E-02
1676390723
+6.002376E-02,-1.789197E-02
1676390726
+8.044232E-02,-1.787476E-02
1676390728
+1.007775E-01,-1.786689E-02
1676390731
+1.178586E-01,-1.789020E-02
1676390733
+1.384415E-01,-1.785749E-02
1676390736
+1.588308E-01,-1.785978E-02
1676390739
+1.793195E-01,-1.785031E-02
1676390741
+1.998882E-01,-1.783174E-02
1676390744
+2.204770E-01,-1.785087E-02
1676390746
+2.410890E-01,-1.781605E-02
1676390749
+2.581359E-01,-1.782170E-02
1676390752
+2.786195E-01,-1.780551E-02
1676390754
+2.991381E-01,-1.779667E-02
1676390757
+3.195508E-01,-1.779991E-02
1676390759
+3.400746E-01,-1.777755E-02
1676390762
+3.605431E-01,-1.775268E-02
1676390765
+3.810225E-01,-1.774713E-02
1676390767
+3.980369E-01,-1.774485E-02
1676390770
+4.186422E-01,-1.771389E-02
1676390772
+4.391449E-01,-1.768495E-02
1676390775
+4.596519E-01,-1.764091E-02
1676390777
+4.800578E-01,-1.759024E-02
1676390780
+5.005332E-01,-1.754070E-02
1676390783
+5.210643E-01,-1.742950E-02
1676390785
+5.380793E-01,-1.732942E-02
1676390788
+5.585510E-01,-1.712215E-02
1676390790
+5.790381E-01,-1.685462E-02
1676390793
+5.995100E-01,-1.644391E-02
1676390796
+6.201995E-01,-1.579404E-02
1676390798
+6.406971E-01,-1.484313E-02
1676390801
+6.612107E-01,-1.344459E-02
1676390803
+6.782811E-01,-1.179087E-02
1676390806
+6.987830E-01,-9.118622E-03
1676390809
+7.193908E-01,-5.521154E-03
1676390811
+7.399794E-01,-8.990453E-04
1676390814
+7.605507E-01,+4.991621E-03
1676390816
+7.811419E-01,+1.178058E-02
1676390819
+8.017895E-01,+1.942733E-02
1676390822
+8.223857E-01,+2.791959E-02
1676390824
+8.396111E-01,+3.557751E-02
1676390827
+8.602355E-01,+4.538247E-02
1676390829
+8.808360E-01,+5.577139E-02
1676390832
+9.015326E-01,+6.676224E-02
1676390834
+9.222395E-01,+7.819575E-02
1676390837
+9.428874E-01,+9.012505E-02
1676390840
+9.592786E-01,+9.999913E-02
1676390842
+9.581571E-01,+9.999913E-02
