1678993291
-9.979927E-01,-1.898246E-02
1678993294
-9.297580E-01,-1.898998E-02
1678993297
-8.648897E-01,-1.892372E-02
1678993299
-7.931511E-01,-1.886797E-02
1678993302
-7.283370E-01,-1.880357E-02
1678993304
-6.600281E-01,-1.873303E-02
1678993307
-5.881312E-01,-1.866655E-02
1678993310
-5.233413E-01,-1.860010E-02
1678993312
-4.549757E-01,-1.853238E-02
1678993315
-3.901099E-01,-1.846245E-02
1678993317
-3.184848E-01,-1.840196E-02
1678993320
-2.500634E-01,-1.834722E-02
1678993323
-1.851708E-01,-1.828680E-02
1678993325
-1.134732E-01,-1.822724E-02
1678993328
-4.858482E-02,-1.817922E-02
1678993330
+2.012409E-02,-1.811194E-02
1678993333
+9.162860E-02,-1.805491E-02
1678993336
+1.564406E-01,-1.798913E-02
1678993338
+2.249395E-01,-1.788864E-02
1678993341
+2.898791E-01,-1.779369E-02
1678993343
+3.615104E-01,-1.768940E-02
1678993346
+4.297660E-01,-1.758559E-02
1678993349
+4.946978E-01,-1.738212E-02
1678993351
+5.663659E-01,-1.666529E-02
1678993354
+6.314166E-01,-1.445351E-02
1678993356
+6.997086E-01,-7.686621E-03
1678993359
+7.718782E-01,+7.773219E-03
1678993361
+8.370152E-01,+2.837728E-02
1678993364
+9.057266E-01,+5.494854E-02
1678993367
+9.711374E-01,+8.431905E-02
