1678994973
-9.988884E-01,-6.439473E-02
1678994975
-9.305839E-01,-6.008429E-02
1678994978
-8.656194E-01,-5.657413E-02
1678994981
-7.938911E-01,-5.284250E-02
1678994983
-7.290151E-01,-4.957637E-02
1678994986
-6.606244E-01,-4.622835E-02
1678994988
-5.886933E-01,-4.278411E-02
1678994991
-5.238056E-01,-3.974122E-02
1678994994
-4.553624E-01,-3.663608E-02
1678994996
-3.904146E-01,-3.372722E-02
1678994999
-3.187670E-01,-3.060466E-02
1678995001
-2.502671E-01,-2.766724E-02
1678995004
-1.853478E-01,-2.493088E-02
1678995006
-1.136060E-01,-2.194618E-02
1678995009
-4.860405E-02,-1.925893E-02
1678995012
+2.014996E-02,-1.643166E-02
1678995014
+9.172047E-02,-1.343284E-02
1678995017
+1.565767E-01,-1.071182E-02
1678995019
+2.251090E-01,-7.771611E-03
1678995022
+2.900387E-01,-4.897877E-03
1678995025
+3.617951E-01,-1.624356E-03
1678995027
+4.301197E-01,+1.677410E-03
1678995030
+4.950304E-01,+5.108805E-03
1678995032
+5.668501E-01,+9.500702E-03
1678995035
+6.318665E-01,+1.473870E-02
1678995038
+7.002464E-01,+2.354626E-02
1678995040
+7.723930E-01,+4.059795E-02
1678995043
+8.375828E-01,+6.412563E-02
1678995045
+9.064691E-01,+9.545497E-02
1678995048
+9.127123E-01,+9.999939E-02
