1688733955
-1.992472E+00,-6.296562E-04
1688733959
-1.965145E+00,-6.097849E-04
1688733962
-1.934385E+00,-5.905193E-04
1688733966
-1.903560E+00,-5.694763E-04
1688733969
-1.872821E+00,-5.508134E-04
1688733973
-1.842098E+00,-5.332170E-04
1688733976
-1.814805E+00,-5.169254E-04
1688733980
-1.784020E+00,-4.994021E-04
1688733984
-1.753285E+00,-4.823531E-04
1688733987
-1.722574E+00,-4.661179E-04
1688733991
-1.691800E+00,-4.502871E-04
1688733994
-1.664519E+00,-4.364584E-04
1688733998
-1.633797E+00,-4.213761E-04
1688734002
-1.603112E+00,-4.063932E-04
1688734005
-1.572307E+00,-3.921840E-04
1688734009
-1.541491E+00,-3.789089E-04
1688734012
-1.514159E+00,-3.671348E-04
1688734016
-1.483504E+00,-3.545707E-04
1688734019
-1.452569E+00,-3.420513E-04
1688734023
-1.421895E+00,-3.299045E-04
1688734027
-1.394548E+00,-3.196942E-04
1688734030
-1.363869E+00,-3.082876E-04
1688734034
-1.332974E+00,-2.970686E-04
1688734037
-1.302266E+00,-2.861999E-04
1688734041
-1.271539E+00,-2.754670E-04
1688734045
-1.244162E+00,-2.662148E-04
1688734048
-1.213435E+00,-2.560983E-04
1688734052
-1.182748E+00,-2.458525E-04
1688734055
-1.152042E+00,-2.362518E-04
1688734059
-1.121231E+00,-2.267221E-04
1688734062
-1.093990E+00,-2.185048E-04
1688734066
-1.063186E+00,-2.092315E-04
1688734070
-1.032455E+00,-2.004160E-04
1688734073
-1.001453E+00,-1.915984E-04
1688734077
-9.707346E-01,-1.832002E-04
1688734080
-9.434204E-01,-1.757779E-04
1688734084
-9.127162E-01,-1.677083E-04
1688734088
-8.819764E-01,-1.596404E-04
1688734091
-8.511607E-01,-1.517552E-04
1688734095
-8.238458E-01,-1.448491E-04
1688734098
-7.931840E-01,-1.374258E-04
1688734102
-7.625126E-01,-1.303304E-04
1688734106
-7.317312E-01,-1.230327E-04
1688734109
-7.010294E-01,-1.162345E-04
1688734113
-6.736100E-01,-1.099242E-04
1688734116
-6.428936E-01,-1.032370E-04
1688734120
-6.121292E-01,-9.696090E-05
1688734123
-5.812626E-01,-9.059643E-05
1688734127
-5.505285E-01,-8.454550E-05
1688734131
-5.232284E-01,-7.913593E-05
1688734134
-4.925368E-01,-7.328808E-05
1688734138
-4.616991E-01,-6.760326E-05
1688734141
-4.309167E-01,-6.197267E-05
1688734145
-4.001627E-01,-5.664817E-05
1688734149
-3.728441E-01,-5.201375E-05
1688734152
-3.422126E-01,-4.691023E-05
1688734156
-3.114718E-01,-4.200268E-05
1688734159
-2.808477E-01,-3.725943E-05
1688734163
-2.533266E-01,-3.309289E-05
1688734166
-2.226191E-01,-2.862194E-05
1688734170
-1.919533E-01,-2.437282E-05
1688734174
-1.611858E-01,-2.023379E-05
1688734177
-1.303999E-01,-1.621276E-05
1688734181
-1.031089E-01,-1.284057E-05
1688734184
-7.234888E-02,-9.126033E-06
1688734188
-4.150626E-02,-5.553688E-06
1688734192
-1.062946E-02,-2.031381E-06
1688734195
+9.233010E-03,+2.152173E-07
1688734199
+3.988995E-02,+3.691317E-06
1688734202
+7.048266E-02,+7.239131E-06
1688734206
+1.010495E-01,+1.104545E-05
1688734209
+1.283929E-01,+1.493976E-05
1688734213
+1.591742E-01,+2.053187E-05
1688734217
+1.900046E-01,+2.961718E-05
1688734220
+2.207800E-01,+4.789413E-05
1688734224
+2.482143E-01,+8.367500E-05
1688734227
+2.789447E-01,+1.771874E-04
1688734231
+3.097308E-01,+3.935550E-04
1688734235
+3.405414E-01,+8.448308E-04
1688734238
+3.711791E-01,+1.660226E-03
1688734242
+3.985350E-01,+2.780938E-03
1688734245
+4.292846E-01,+4.513396E-03
1688734249
+4.600115E-01,+6.742283E-03
1688734252
+4.907787E-01,+9.432574E-03
1688734256
+5.216184E-01,+1.254526E-02
1688734260
+5.489676E-01,+1.564086E-02
1688734263
+5.797572E-01,+1.939334E-02
1688734267
+6.106194E-01,+2.345865E-02
1688734270
+6.415583E-01,+2.782369E-02
1688734274
+6.723848E-01,+3.246369E-02
1688734278
+6.996958E-01,+3.686867E-02
1688734281
+7.306320E-01,+4.198641E-02
1688734285
+7.614966E-01,+4.739173E-02
1688734288
+7.923155E-01,+5.300399E-02
1688734292
+8.230808E-01,+5.881306E-02
1688734295
+8.504597E-01,+6.419116E-02
1688734299
+8.811979E-01,+7.025565E-02
1688734303
+9.120760E-01,+7.648828E-02
1688734306
+9.429022E-01,+8.304333E-02
1688734310
+9.703061E-01,+8.914931E-02
