1678345086
-9.977561E-01,-1.785596E-02
1678345088
-9.294590E-01,-1.781547E-02
1678345091
-8.646328E-01,-1.778497E-02
1678345093
-7.928991E-01,-1.772651E-02
1678345096
-7.280683E-01,-1.768499E-02
1678345098
-6.597710E-01,-1.761714E-02
1678345101
-5.878612E-01,-1.755039E-02
1678345104
-5.230769E-01,-1.748348E-02
1678345106
-4.547164E-01,-1.742926E-02
1678345109
-3.898619E-01,-1.737377E-02
1678345111
-3.181834E-01,-1.730269E-02
1678345114
-2.497585E-01,-1.723278E-02
1678345117
-1.848874E-01,-1.716992E-02
1678345119
-1.132655E-01,-1.711634E-02
1678345122
-4.825265E-02,-1.705472E-02
1678345124
+1.902951E-02,-1.700637E-02
1678345127
+9.045423E-02,-1.694684E-02
1678345130
+1.552622E-01,-1.688122E-02
1678345132
+2.237548E-01,-1.680622E-02
1678345135
+2.886278E-01,-1.674588E-02
1678345137
+3.603268E-01,-1.663607E-02
1678345140
+4.285442E-01,-1.648702E-02
1678345143
+4.934222E-01,-1.621142E-02
1678345145
+5.651165E-01,-1.544200E-02
1678345148
+6.301504E-01,-1.333686E-02
1678345150
+6.977132E-01,-6.804305E-03
1678345153
+7.706866E-01,+1.063705E-02
1678345155
+8.358048E-01,+3.427146E-02
1678345158
+9.045966E-01,+6.490933E-02
1678345161
+9.701349E-01,+9.841003E-02
