1682929992
+5.859705E-05,-1.402837E-02
1682929994
+2.743470E-02,-1.366269E-02
1682929997
+5.131384E-02,-1.336016E-02
1682929999
+7.522968E-02,-1.299710E-02
1682930002
+1.024589E-01,-1.252749E-02
1682930005
+1.264740E-01,-1.205031E-02
1682930007
+1.503181E-01,-1.149309E-02
1682930010
+1.776334E-01,-1.067432E-02
1682930012
+2.003048E-01,-9.917382E-03
1682930015
+2.244559E-01,-8.901711E-03
1682930017
+2.486277E-01,-7.732593E-03
1682930020
+2.761888E-01,-6.223052E-03
1682930022
+3.003999E-01,-4.770581E-03
1682930025
+3.244557E-01,-3.222069E-03
1682930028
+3.521146E-01,-1.348772E-03
1682930030
+3.770511E-01,+4.922664E-04
1682930033
+4.004089E-01,+2.132345E-03
1682930035
+4.281378E-01,+4.196691E-03
1682930038
+4.524221E-01,+6.094175E-03
1682930040
+4.766890E-01,+8.099454E-03
1682930043
+5.026122E-01,+1.025951E-02
1682930046
+5.266240E-01,+1.248284E-02
1682930048
+5.505630E-01,+1.488975E-02
1682930051
+5.779982E-01,+1.786376E-02
1682930053
+6.018823E-01,+2.076992E-02
1682930056
+6.259390E-01,+2.392598E-02
1682930059
+6.534184E-01,+2.782100E-02
1682930061
+6.773583E-01,+3.164621E-02
1682930064
+7.012652E-01,+3.580473E-02
1682930066
+7.287160E-01,+4.088613E-02
1682930069
+7.527325E-01,+4.589014E-02
1682930072
+7.766367E-01,+5.116069E-02
1682930074
+8.041169E-01,+5.767579E-02
1682930077
+8.281027E-01,+6.417482E-02
1682930079
+8.521495E-01,+7.100881E-02
1682930082
+8.796114E-01,+7.909832E-02
1682930085
+9.036664E-01,+8.690774E-02
1682930087
+9.276913E-01,+9.496966E-02
1682930090
+9.391398E-01,+1.000002E-01
1682930092
+9.396855E-01,+1.000002E-01
