1683553720
-7.585860E-04,+7.684401E-06
1683553724
+2.651797E-02,+3.995527E-05
1683553727
+5.036089E-02,+6.835897E-05
1683553731
+7.417460E-02,+9.692859E-05
1683553734
+1.013469E-01,+1.302572E-04
1683553738
+1.253040E-01,+1.601486E-04
1683553741
+1.491845E-01,+1.913054E-04
1683553745
+1.765036E-01,+2.295466E-04
1683553749
+2.005283E-01,+2.675779E-04
1683553752
+2.245171E-01,+3.149001E-04
1683553756
+2.484969E-01,+3.787623E-04
1683553759
+2.757508E-01,+4.908313E-04
1683553763
+2.996972E-01,+6.434131E-04
1683553767
+3.236135E-01,+8.667558E-04
1683553770
+3.510093E-01,+1.225598E-03
1683553774
+3.748897E-01,+1.631406E-03
1683553777
+3.986675E-01,+2.114235E-03
1683553781
+4.260649E-01,+2.753919E-03
1683553784
+4.499313E-01,+3.380107E-03
1683553788
+4.738407E-01,+4.054635E-03
1683553792
+5.011448E-01,+4.866912E-03
1683553795
+5.252147E-01,+5.628464E-03
1683553799
+5.490566E-01,+6.382639E-03
1683553802
+5.764251E-01,+7.280434E-03
1683553806
+6.003120E-01,+8.103375E-03
1683553810
+6.243351E-01,+8.931194E-03
1683553813
+6.516907E-01,+9.844362E-03
1683553817
+6.756779E-01,+1.068490E-02
1683553820
+6.995075E-01,+1.106700E-02
1683553824
+7.269049E-01,+9.973599E-03
1683553827
+7.508669E-01,+9.799437E-03
1683553831
+7.748000E-01,+1.076683E-02
1683553835
+8.021331E-01,+1.177735E-02
1683553838
+8.259945E-01,+1.126713E-02
1683553842
+8.498780E-01,+1.262769E-02
1683553845
+8.772205E-01,+1.318750E-02
1683553849
+9.012086E-01,+1.553704E-02
1683553853
+9.250636E-01,+1.690609E-02
1683553856
+9.525179E-01,+2.156315E-02
1683553860
+9.764223E-01,+2.484977E-02
