1683565397
+7.185470E-05,+5.886730E-06
1683565401
+2.733758E-02,+2.880395E-05
1683565404
+5.109136E-02,+4.949849E-05
1683565408
+7.488183E-02,+7.078090E-05
1683565411
+1.021042E-01,+9.591369E-05
1683565415
+1.261390E-01,+1.183944E-04
1683565419
+1.499645E-01,+1.417435E-04
1683565422
+1.772427E-01,+1.703844E-04
1683565426
+2.013075E-01,+1.974430E-04
1683565429
+2.253406E-01,+2.287914E-04
1683565433
+2.492645E-01,+2.676254E-04
1683565437
+2.765394E-01,+3.321402E-04
1683565440
+3.004857E-01,+4.269330E-04
1683565444
+3.243879E-01,+5.909631E-04
1683565447
+3.517436E-01,+9.330268E-04
1683565451
+3.756157E-01,+1.437405E-03
1683565454
+3.994646E-01,+2.177516E-03
1683565458
+4.267903E-01,+3.323713E-03
1683565462
+4.507025E-01,+4.558133E-03
1683565465
+4.746278E-01,+5.970853E-03
1683565469
+5.019235E-01,+7.741957E-03
1683565472
+5.258849E-01,+9.418449E-03
1683565476
+5.498520E-01,+1.121944E-02
1683565480
+5.771385E-01,+1.338001E-02
1683565483
+6.010998E-01,+1.546483E-02
1683565487
+6.250938E-01,+1.771038E-02
1683565490
+6.526245E-01,+2.045061E-02
1683565494
+6.765275E-01,+2.315575E-02
1683565497
+7.003764E-01,+2.605660E-02
1683565501
+7.278437E-01,+2.962473E-02
1683565505
+7.518401E-01,+3.317304E-02
1683565508
+7.757730E-01,+3.700458E-02
1683565512
+8.031686E-01,+4.159482E-02
1683565515
+8.271441E-01,+4.621542E-02
1683565519
+8.511130E-01,+5.106984E-02
1683565523
+8.785554E-01,+5.688041E-02
1683565526
+9.026251E-01,+6.255511E-02
1683565530
+9.266205E-01,+6.847594E-02
1683565533
+9.540778E-01,+7.541002E-02
1683565537
+9.781035E-01,+8.201458E-02
