1685100213
-1.999383E+00,-4.572520E-04
1685100217
-1.972085E+00,-4.244030E-04
1685100221
-1.941309E+00,-3.994186E-04
1685100224
-1.910463E+00,-3.808041E-04
1685100228
-1.879618E+00,-3.634551E-04
1685100231
-1.848967E+00,-3.480033E-04
1685100235
-1.821530E+00,-3.347742E-04
1685100238
-1.790828E+00,-3.211903E-04
1685100242
-1.760122E+00,-3.086481E-04
1685100246
-1.729400E+00,-2.969496E-04
1685100249
-1.698619E+00,-2.855716E-04
1685100253
-1.671321E+00,-2.757591E-04
1685100256
-1.640624E+00,-2.661317E-04
1685100260
-1.609842E+00,-2.560011E-04
1685100264
-1.579045E+00,-2.469703E-04
1685100267
-1.548231E+00,-2.380472E-04
1685100271
-1.520891E+00,-2.301071E-04
1685100274
-1.490140E+00,-2.220178E-04
1685100278
-1.459293E+00,-2.138051E-04
1685100282
-1.428425E+00,-2.060721E-04
1685100285
-1.401153E+00,-1.990964E-04
1685100289
-1.370440E+00,-1.917822E-04
1685100292
-1.339658E+00,-1.841420E-04
1685100296
-1.308876E+00,-1.772781E-04
1685100299
-1.278191E+00,-1.708821E-04
1685100303
-1.250810E+00,-1.649199E-04
1685100307
-1.220075E+00,-1.584045E-04
1685100310
-1.189373E+00,-1.520442E-04
1685100314
-1.158680E+00,-1.462907E-04
1685100317
-1.127808E+00,-1.403850E-04
1685100321
-1.100555E+00,-1.352165E-04
1685100325
-1.069792E+00,-1.295001E-04
1685100328
-1.038877E+00,-1.239543E-04
1685100332
-1.007931E+00,-1.185362E-04
1685100335
-9.772486E-01,-1.132063E-04
1685100339
-9.500594E-01,-1.084853E-04
1685100342
-9.192535E-01,-1.034676E-04
1685100346
-8.905239E-01,-9.877876E-05
1685100350
-8.596717E-01,-9.379924E-05
1685100353
-8.322016E-01,-8.961716E-05
1685100357
-8.013662E-01,-8.480767E-05
1685100360
-7.706825E-01,-8.031666E-05
1685100364
-7.398260E-01,-7.583143E-05
1685100368
-7.089866E-01,-7.161834E-05
1685100371
-6.816058E-01,-6.780937E-05
1685100375
-6.506926E-01,-6.356356E-05
1685100378
-6.198164E-01,-5.964405E-05
1685100382
-5.888674E-01,-5.572233E-05
1685100385
-5.580361E-01,-5.205146E-05
1685100389
-5.306354E-01,-4.871088E-05
1685100393
-4.999192E-01,-4.497038E-05
1685100396
-4.690653E-01,-4.145567E-05
1685100400
-4.382574E-01,-3.801567E-05
1685100403
-4.074654E-01,-3.485674E-05
1685100407
-3.800302E-01,-3.194622E-05
1685100411
-3.493082E-01,-2.874979E-05
1685100414
-3.185595E-01,-2.583112E-05
1685100418
-2.877648E-01,-2.285789E-05
1685100421
-2.603174E-01,-2.037935E-05
1685100425
-2.295126E-01,-1.763029E-05
1685100428
-1.987806E-01,-1.497841E-05
1685100432
-1.679394E-01,-1.239796E-05
1685100436
-1.392123E-01,-1.012232E-05
1685100439
-1.114595E-01,-7.977328E-06
1685100443
-8.013692E-02,-5.554974E-06
1685100446
-4.878931E-02,-3.187882E-06
1685100450
-1.964280E-02,-1.046661E-06
1685100454
+1.126835E-02,+1.600025E-06
1685100457
+4.237934E-02,+4.685415E-06
1685100461
+7.375804E-02,+9.093679E-06
1685100464
+1.030669E-01,+1.532752E-05
1685100468
+1.306852E-01,+2.592107E-05
1685100471
+1.617537E-01,+4.876399E-05
1685100475
+1.933709E-01,+9.594325E-05
1685100479
+2.228280E-01,+1.720241E-04
1685100482
+2.505124E-01,+2.976793E-04
1685100486
+2.815508E-01,+5.242543E-04
1685100489
+3.129362E-01,+8.765085E-04
1685100493
+3.423685E-01,+1.316790E-03
1685100497
+3.731116E-01,+1.946313E-03
1685100500
+4.004706E-01,+2.673125E-03
1685100504
+4.314625E-01,+3.691404E-03
1685100507
+4.624426E-01,+4.978879E-03
1685100511
+4.934994E-01,+6.574437E-03
1685100514
+5.246329E-01,+8.511508E-03
1685100518
+5.504172E-01,+1.037463E-02
1685100522
+5.811815E-01,+1.288661E-02
1685100525
+6.120246E-01,+1.591151E-02
1685100529
+6.429197E-01,+1.941473E-02
1685100532
+6.736680E-01,+2.339664E-02
1685100536
+7.010221E-01,+2.748582E-02
1685100540
+7.319053E-01,+3.255475E-02
1685100543
+7.626938E-01,+3.833897E-02
1685100547
+7.934627E-01,+4.481626E-02
1685100550
+8.243703E-01,+5.204764E-02
1685100554
+8.518360E-01,+5.934547E-02
1685100557
+8.827076E-01,+6.820349E-02
1685100561
+9.136403E-01,+7.802708E-02
1685100565
+9.445077E-01,+8.877451E-02
1685100568
+9.720003E-01,+9.942301E-02
