1679748484
-9.982373E-01,-1.975583E-02
1679748486
-9.300796E-01,-1.959689E-02
1679748489
-8.651161E-01,-1.946912E-02
1679748492
-7.934158E-01,-1.933807E-02
1679748494
-7.285606E-01,-1.921714E-02
1679748497
-6.601529E-01,-1.908430E-02
1679748499
-5.883358E-01,-1.899013E-02
1679748502
-5.235589E-01,-1.887836E-02
1679748505
-4.551923E-01,-1.879163E-02
1679748507
-3.903670E-01,-1.868549E-02
1679748510
-3.187208E-01,-1.860560E-02
1679748512
-2.503066E-01,-1.851326E-02
1679748515
-1.854871E-01,-1.844391E-02
1679748517
-1.137793E-01,-1.835709E-02
1679748520
-4.882303E-02,-1.828214E-02
1679748523
+2.040574E-02,-1.820371E-02
1679748525
+9.187136E-02,-1.812110E-02
1679748528
+1.566336E-01,-1.802846E-02
1679748530
+2.251712E-01,-1.793613E-02
1679748533
+2.900695E-01,-1.781615E-02
1679748536
+3.618169E-01,-1.767422E-02
1679748538
+4.300569E-01,-1.746272E-02
1679748541
+4.948531E-01,-1.715281E-02
1679748543
+5.666433E-01,-1.631125E-02
1679748546
+6.317117E-01,-1.387097E-02
1679748549
+6.992412E-01,-6.438174E-03
1679748551
+7.722095E-01,+1.224869E-02
1679748554
+8.374398E-01,+3.699902E-02
1679748556
+9.063050E-01,+6.892546E-02
1679748559
+9.654207E-01,+9.999942E-02
