1678346968
-9.980485E-01,-1.868106E-02
1678346970
-9.298312E-01,-1.863338E-02
1678346973
-8.649343E-01,-1.858038E-02
1678346976
-7.932166E-01,-1.854094E-02
1678346978
-7.283216E-01,-1.849771E-02
1678346981
-6.599851E-01,-1.843116E-02
1678346983
-5.881690E-01,-1.839545E-02
1678346986
-5.233757E-01,-1.835799E-02
1678346989
-4.550768E-01,-1.833105E-02
1678346991
-3.902559E-01,-1.830392E-02
1678346994
-3.185549E-01,-1.826799E-02
1678346996
-2.501258E-01,-1.825600E-02
1678346999
-1.853549E-01,-1.821856E-02
1678347002
-1.136348E-01,-1.820720E-02
1678347004
-4.864373E-02,-1.817975E-02
1678347007
+1.890853E-02,-1.814689E-02
1678347009
+9.031731E-02,-1.812102E-02
1678347012
+1.551085E-01,-1.808695E-02
1678347015
+2.236267E-01,-1.806229E-02
1678347017
+2.886298E-01,-1.803412E-02
1678347020
+3.603094E-01,-1.795388E-02
1678347022
+4.286284E-01,-1.785397E-02
1678347025
+4.934221E-01,-1.762837E-02
1678347027
+5.652019E-01,-1.688713E-02
1678347030
+6.302275E-01,-1.480606E-02
1678347033
+6.974131E-01,-8.208321E-03
1678347035
1678347038
1678347040
1678347043
