1682921247
+7.060986E-04,-1.001457E-02
1682921249
+2.817315E-02,-9.510147E-03
1682921252
+5.201836E-02,-9.010210E-03
1682921255
+7.596614E-02,-8.415386E-03
1682921257
+1.032831E-01,-7.626624E-03
1682921260
+1.273509E-01,-6.850170E-03
1682921262
+1.514438E-01,-5.983762E-03
1682921265
+1.789092E-01,-4.943251E-03
1682921267
+2.030496E-01,-3.980563E-03
1682921270
+2.272701E-01,-2.986262E-03
1682921273
+2.512746E-01,-1.985624E-03
1682921275
+2.773980E-01,-9.419231E-04
1682921278
+3.034575E-01,+2.404299E-04
1682921280
+3.270074E-01,+1.208021E-03
1682921283
+3.544911E-01,+2.330327E-03
1682921286
+3.784798E-01,+3.308343E-03
1682921288
+4.024017E-01,+4.290396E-03
1682921291
+4.300264E-01,+5.433097E-03
1682921293
+4.541978E-01,+6.464099E-03
1682921296
+4.782205E-01,+7.522521E-03
1682921299
+5.057067E-01,+8.770278E-03
1682921301
+5.298789E-01,+9.950657E-03
1682921304
+5.520936E-01,+1.103096E-02
1682921306
+5.793971E-01,+1.246545E-02
1682921309
+6.033416E-01,+1.384815E-02
1682921311
+6.274519E-01,+1.531585E-02
1682921314
+6.548556E-01,+1.705621E-02
1682921317
+6.787667E-01,+1.874220E-02
1682921319
+7.025952E-01,+2.050140E-02
1682921322
+7.299914E-01,+2.256233E-02
1682921324
+7.539492E-01,+2.452408E-02
1682921327
+7.778554E-01,+2.654302E-02
1682921330
+8.051372E-01,+2.888022E-02
1682921332
+8.290967E-01,+3.106775E-02
1682921335
+8.529943E-01,+3.327420E-02
1682921337
+8.803723E-01,+3.574419E-02
1682921340
+9.043263E-01,+3.784188E-02
1682921343
+9.282101E-01,+3.964978E-02
1682921345
+9.555720E-01,+4.069051E-02
1682921348
+9.795989E-01,+4.542888E-02
