1676440093
-1.000250E+00,-1.754586E-02
1676440096
-9.320850E-01,-1.751792E-02
1676440098
-8.672078E-01,-1.748642E-02
1676440101
-7.954608E-01,-1.745601E-02
1676440104
-7.306418E-01,-1.743557E-02
1676440106
-6.624193E-01,-1.741615E-02
1676440109
-5.905364E-01,-1.739441E-02
1676440111
-5.257376E-01,-1.736563E-02
1676440114
-4.573683E-01,-1.734684E-02
1676440117
-3.924026E-01,-1.732233E-02
1676440119
-3.208575E-01,-1.729063E-02
1676440122
-2.524316E-01,-1.727251E-02
1676440124
-1.875584E-01,-1.727090E-02
1676440127
-1.158982E-01,-1.722143E-02
1676440129
-5.089244E-02,-1.721192E-02
1676440132
+1.985687E-02,-1.718749E-02
1676440134
+9.121574E-02,-1.715392E-02
1676440137
+1.561142E-01,-1.713045E-02
1676440140
+2.246452E-01,-1.710519E-02
1676440142
+2.896096E-01,-1.706545E-02
1676440145
+3.613529E-01,-1.700873E-02
1676440147
+4.295662E-01,-1.691298E-02
1676440150
+4.944203E-01,-1.673316E-02
1676440153
+5.661104E-01,-1.609834E-02
1676440155
+6.311299E-01,-1.388370E-02
1676440158
+6.995324E-01,-6.439233E-03
1676440160
+7.716686E-01,+1.091362E-02
1676440163
+8.367800E-01,+3.350093E-02
1676440165
+9.055363E-01,+6.201449E-02
1676440168
+9.709306E-01,+9.238237E-02
