1678347068
-9.980158E-01,-1.865866E-02
1678347070
-9.298529E-01,-1.864224E-02
1678347073
-8.650103E-01,-1.859079E-02
1678347076
-7.932667E-01,-1.853940E-02
1678347078
-7.284191E-01,-1.848939E-02
1678347081
-6.599892E-01,-1.845676E-02
1678347083
-5.881864E-01,-1.841887E-02
1678347086
-5.233614E-01,-1.837438E-02
1678347089
-4.550299E-01,-1.832049E-02
1678347091
-3.901657E-01,-1.831224E-02
1678347094
-3.185715E-01,-1.828723E-02
1678347096
-2.501258E-01,-1.824330E-02
1678347099
-1.852707E-01,-1.823786E-02
1678347102
-1.135973E-01,-1.820303E-02
1678347104
-4.865791E-02,-1.817778E-02
1678347107
+1.882930E-02,-1.814707E-02
1678347109
+9.026890E-02,-1.812174E-02
1678347112
+1.550817E-01,-1.809902E-02
1678347115
+2.236608E-01,-1.806895E-02
1678347117
+2.885521E-01,-1.802770E-02
1678347120
+3.602953E-01,-1.797387E-02
1678347122
+4.285265E-01,-1.785095E-02
1678347125
+4.934118E-01,-1.762871E-02
1678347127
+5.651134E-01,-1.691494E-02
1678347130
+6.301329E-01,-1.482150E-02
1678347133
+6.974627E-01,-8.180380E-03
1678347135
1678347138
1678347140
1678347143
