1682921823
+2.681739E-03,+1.652863E-06
1682921826
+3.119376E-02,+8.792531E-06
1682921828
+5.359206E-02,+1.679298E-05
1682921831
+7.771497E-02,+3.122555E-05
1682921833
+1.054197E-01,+5.960445E-05
1682921836
+1.301389E-01,+1.028686E-04
1682921838
+1.524897E-01,+1.580734E-04
1682921841
+1.800519E-01,+2.712327E-04
1682921844
+2.042874E-01,+4.221020E-04
1682921846
+2.286305E-01,+6.358805E-04
1682921849
+2.531346E-01,+9.281057E-04
1682921851
+2.789795E-01,+1.293450E-03
1682921854
+3.030582E-01,+1.726665E-03
1682921857
+3.271186E-01,+2.225177E-03
1682921859
+3.545773E-01,+2.871985E-03
1682921862
+3.785684E-01,+3.491971E-03
1682921864
+4.024278E-01,+4.160402E-03
1682921867
+4.299582E-01,+5.001794E-03
1682921869
+4.540145E-01,+5.802028E-03
1682921872
+4.780658E-01,+6.663837E-03
1682921875
+5.054544E-01,+7.713285E-03
1682921877
+5.295832E-01,+8.735578E-03
1682921880
+5.535926E-01,+9.847879E-03
1682921882
+5.792457E-01,+1.106258E-02
1682921885
+6.032168E-01,+1.241085E-02
1682921888
+6.273357E-01,+1.393765E-02
1682921890
+6.547151E-01,+1.583210E-02
1682921893
+6.786103E-01,+1.777275E-02
1682921895
+7.025399E-01,+1.992419E-02
1682921898
+7.299510E-01,+2.258904E-02
1682921901
+7.538919E-01,+2.535392E-02
1682921903
+7.777674E-01,+2.841377E-02
1682921906
+8.051983E-01,+3.223590E-02
1682921908
+8.290405E-01,+3.619956E-02
1682921911
+8.530049E-01,+4.051616E-02
1682921913
+8.803911E-01,+4.573713E-02
1682921916
+9.044033E-01,+5.103647E-02
1682921919
+9.283635E-01,+5.670017E-02
1682921921
+9.558003E-01,+6.343625E-02
1682921924
+9.798533E-01,+7.017982E-02
