1676389391
-9.961140E-01,-1.651674E-02
1676389393
-9.279258E-01,-1.649000E-02
1676389396
-8.629829E-01,-1.647896E-02
1676389399
-7.912410E-01,-1.646575E-02
1676389401
-7.263960E-01,-1.643276E-02
1676389404
-6.580500E-01,-1.642195E-02
1676389406
-5.861804E-01,-1.641295E-02
1676389409
-5.213455E-01,-1.640265E-02
1676389412
-4.530283E-01,-1.638173E-02
1676389414
-3.882294E-01,-1.636307E-02
1676389417
-3.166161E-01,-1.633254E-02
1676389419
-2.481829E-01,-1.631796E-02
1676389422
-1.833505E-01,-1.628299E-02
1676389425
-1.116829E-01,-1.626605E-02
1676389427
-4.672964E-02,-1.624829E-02
1676389430
+1.834953E-02,-1.621906E-02
1676389432
+8.985496E-02,-1.620444E-02
1676389435
+1.546634E-01,-1.617385E-02
1676389438
+2.231247E-01,-1.615216E-02
1676389440
+2.881083E-01,-1.610550E-02
1676389443
+3.598254E-01,-1.604827E-02
1676389445
+4.280591E-01,-1.595406E-02
1676389448
+4.929060E-01,-1.578153E-02
1676389450
+5.646831E-01,-1.513693E-02
1676389453
+6.296725E-01,-1.315895E-02
1676389456
+6.980395E-01,-6.485434E-03
1676389458
+7.701169E-01,+9.525525E-03
1676389461
+8.351907E-01,+3.055269E-02
1676389463
+9.039187E-01,+5.652775E-02
1676389466
+9.692549E-01,+8.281035E-02
