1676545191
-9.966562E-01,-1.858660E-02
1676545193
-9.761717E-01,-1.859418E-02
1676545196
-9.591078E-01,-1.859115E-02
1676545199
-9.386544E-01,-1.856739E-02
1676545201
-9.182350E-01,-1.857885E-02
1676545204
-8.976648E-01,-1.857612E-02
1676545206
-8.772065E-01,-1.856363E-02
1676545209
-8.567255E-01,-1.856888E-02
1676545212
-8.361734E-01,-1.854549E-02
1676545214
-8.191214E-01,-1.854978E-02
1676545217
-7.986295E-01,-1.853610E-02
1676545219
-7.782343E-01,-1.853569E-02
1676545222
-7.577367E-01,-1.852625E-02
1676545224
-7.373009E-01,-1.853570E-02
1676545227
-7.168257E-01,-1.851114E-02
1676545230
-6.963095E-01,-1.851789E-02
1676545232
-6.792567E-01,-1.850379E-02
1676545235
-6.587499E-01,-1.850730E-02
1676545237
-6.382723E-01,-1.848211E-02
1676545240
-6.177496E-01,-1.849465E-02
1676545243
-5.972787E-01,-1.849228E-02
1676545245
-5.766503E-01,-1.848250E-02
1676545248
-5.561292E-01,-1.847253E-02
1676545250
-5.390645E-01,-1.848391E-02
1676545253
-5.186578E-01,-1.848451E-02
1676545256
-4.981917E-01,-1.847064E-02
1676545258
-4.776282E-01,-1.847558E-02
1676545261
-4.570907E-01,-1.845287E-02
1676545263
-4.365922E-01,-1.846137E-02
1676545266
-4.161220E-01,-1.845418E-02
1676545269
-3.990416E-01,-1.845365E-02
1676545271
-3.785274E-01,-1.846574E-02
1676545274
-3.580947E-01,-1.843828E-02
1676545276
-3.376247E-01,-1.844737E-02
1676545279
-3.171371E-01,-1.842505E-02
1676545281
-2.966720E-01,-1.842915E-02
1676545284
-2.761844E-01,-1.841656E-02
1676545287
-2.589896E-01,-1.840655E-02
1676545289
-2.385188E-01,-1.841652E-02
1676545292
-2.180712E-01,-1.840359E-02
1676545294
-1.975095E-01,-1.839685E-02
1676545297
-1.770602E-01,-1.838289E-02
1676545300
-1.565744E-01,-1.836753E-02
1676545302
-1.361177E-01,-1.837736E-02
1676545305
-1.191239E-01,-1.837156E-02
1676545307
-9.864554E-02,-1.836546E-02
1676545310
-7.809709E-02,-1.836257E-02
1676545313
-5.753446E-02,-1.835134E-02
1676545315
-3.698937E-02,-1.832889E-02
1676545318
-1.643092E-02,-1.832687E-02
1676545320
+4.043772E-03,-1.831953E-02
1676545323
+1.884083E-02,-1.833094E-02
1676545326
+3.932636E-02,-1.830315E-02
1676545328
+5.964261E-02,-1.830402E-02
1676545331
+8.012814E-02,-1.830559E-02
1676545333
+1.005328E-01,-1.829992E-02
1676545336
+1.175841E-01,-1.827798E-02
1676545339
+1.381071E-01,-1.827500E-02
1676545341
+1.584825E-01,-1.825836E-02
1676545344
+1.789939E-01,-1.825741E-02
1676545346
+1.996787E-01,-1.824402E-02
1676545349
+2.201868E-01,-1.824836E-02
1676545351
+2.407282E-01,-1.824726E-02
1676545354
+2.577794E-01,-1.823050E-02
1676545357
+2.782249E-01,-1.822766E-02
1676545359
+2.988455E-01,-1.821161E-02
1676545362
+3.192994E-01,-1.820038E-02
1676545364
+3.399182E-01,-1.819456E-02
1676545367
+3.603137E-01,-1.817917E-02
1676545370
+3.808242E-01,-1.815828E-02
1676545372
+3.978355E-01,-1.814323E-02
1676545375
+4.184143E-01,-1.812170E-02
1676545377
+4.388907E-01,-1.809927E-02
1676545380
+4.593921E-01,-1.806559E-02
1676545383
+4.798117E-01,-1.801304E-02
1676545385
+5.003454E-01,-1.795159E-02
1676545388
+5.208024E-01,-1.785829E-02
1676545390
+5.378771E-01,-1.777374E-02
1676545393
+5.584337E-01,-1.760074E-02
1676545396
+5.788740E-01,-1.735952E-02
1676545398
+5.993686E-01,-1.696032E-02
1676545401
+6.200835E-01,-1.639635E-02
1676545403
+6.406240E-01,-1.549279E-02
1676545406
+6.611629E-01,-1.416276E-02
1676545408
+6.782033E-01,-1.257702E-02
1676545411
+6.971836E-01,-1.040021E-02
1676545414
+7.183112E-01,-6.621531E-03
1676545416
+7.397397E-01,-1.474185E-03
1676545419
+7.614186E-01,+5.515412E-03
1676545421
+7.809502E-01,+1.217879E-02
1676545424
+8.015891E-01,+2.059577E-02
1676545427
+8.221853E-01,+3.006577E-02
1676545429
+8.393935E-01,+3.868669E-02
1676545432
+8.600913E-01,+4.977047E-02
1676545434
+8.807904E-01,+6.161380E-02
1676545437
+9.014594E-01,+7.405143E-02
1676545440
+9.221866E-01,+8.717367E-02
1676545442
+9.414870E-01,+9.999957E-02
1676545445
+9.402595E-01,+9.999955E-02
1676545447
+9.396263E-01,+9.999954E-02
