1676287984
-9.990732E-01,-1.742562E-02
1676287987
-9.309270E-01,-1.742021E-02
1676287989
-8.660702E-01,-1.737707E-02
1676287992
-7.944396E-01,-1.735713E-02
1676287994
-7.296386E-01,-1.733766E-02
1676287997
-6.612572E-01,-1.730904E-02
1676288000
-5.894438E-01,-1.729034E-02
1676288002
-5.246345E-01,-1.725962E-02
1676288005
-4.562108E-01,-1.723328E-02
1676288007
-3.913447E-01,-1.722397E-02
1676288010
-3.196590E-01,-1.717651E-02
1676288012
-2.513635E-01,-1.717201E-02
1676288015
-1.864725E-01,-1.714105E-02
1676288018
-1.147926E-01,-1.707836E-02
1676288020
-4.987322E-02,-1.700659E-02
1676288023
+1.957134E-02,-1.682111E-02
1676288025
+9.095818E-02,-1.648610E-02
1676288028
+1.558187E-01,-1.585064E-02
1676288031
+2.243568E-01,-1.467817E-02
1676288033
+2.892798E-01,-1.319694E-02
1676288036
+3.610294E-01,-1.128808E-02
1676288038
+4.279539E-01,-9.405787E-03
1676288041
+4.931522E-01,-7.442038E-03
1676288044
+5.652286E-01,-5.205875E-03
1676288046
+6.305286E-01,-3.143655E-03
1676288049
+6.976648E-01,-1.036845E-03
1676288051
+7.714000E-01,+1.448331E-03
1676288054
+8.365674E-01,+3.618636E-03
1676288057
+9.052866E-01,+5.934631E-03
1676288059
+9.704872E-01,+8.150851E-03
