1676950137
-1.000148E+00,-1.847537E-02
1676950139
-9.421469E-01,-1.843409E-02
1676950142
-8.772863E-01,-1.842552E-02
1676950144
-8.158014E-01,-1.840967E-02
1676950147
-7.510058E-01,-1.839702E-02
1676950149
-6.930179E-01,-1.837072E-02
1676950152
-6.315232E-01,-1.835427E-02
1676950155
-5.664864E-01,-1.833764E-02
1676950157
-5.050817E-01,-1.832967E-02
1676950160
-4.401350E-01,-1.830030E-02
1676950162
-3.820438E-01,-1.829047E-02
1676950165
-3.207666E-01,-1.828493E-02
1676950168
-2.558142E-01,-1.826251E-02
1676950170
-1.976721E-01,-1.824513E-02
1676950173
-1.293869E-01,-1.823950E-02
1676950175
-7.136411E-02,-1.820385E-02
1676950178
-9.805156E-03,-1.818470E-02
1676950180
+5.415300E-02,-1.814912E-02
1676950183
+1.154441E-01,-1.813323E-02
1676950186
+1.802984E-01,-1.809333E-02
1676950188
+2.420265E-01,-1.807792E-02
1676950191
+3.000987E-01,-1.804578E-02
1676950193
+3.649923E-01,-1.798614E-02
1676950196
+4.264801E-01,-1.787016E-02
1676950199
+4.912670E-01,-1.764406E-02
1676950201
+5.493399E-01,-1.713151E-02
1676950204
+6.108119E-01,-1.560541E-02
1676950206
+6.759099E-01,-1.063938E-02
1676950209
+7.376394E-01,+7.790932E-04
1676950211
+8.028284E-01,+2.062332E-02
