1678323147
-1.000605E+00,-1.877728E-02
1678323149
-9.324258E-01,-1.874495E-02
1678323152
-8.675604E-01,-1.870884E-02
1678323154
-7.957989E-01,-1.865619E-02
1678323157
-7.309937E-01,-1.861709E-02
1678323160
-6.627398E-01,-1.856893E-02
1678323162
-5.907896E-01,-1.852802E-02
1678323165
-5.260202E-01,-1.851631E-02
1678323167
-4.576206E-01,-1.848690E-02
1678323170
-3.927477E-01,-1.845814E-02
1678323173
-3.211545E-01,-1.840971E-02
1678323175
-2.527589E-01,-1.839942E-02
1678323178
-1.878836E-01,-1.835757E-02
1678323180
-1.161737E-01,-1.834105E-02
1678323183
-5.120581E-02,-1.830697E-02
1678323186
+2.030287E-02,-1.828341E-02
1678323188
+9.165969E-02,-1.825444E-02
1678323191
+1.564644E-01,-1.822630E-02
1678323193
+2.249609E-01,-1.819016E-02
1678323196
+2.899174E-01,-1.813627E-02
1678323198
+3.616328E-01,-1.808722E-02
1678323201
+4.298599E-01,-1.797798E-02
1678323204
+4.947430E-01,-1.777488E-02
1678323206
+5.664693E-01,-1.701457E-02
1678323209
+6.314982E-01,-1.455271E-02
1678323211
+6.999148E-01,-6.788427E-03
1678323214
+7.719852E-01,+1.012355E-02
1678323217
+8.370685E-01,+3.135563E-02
1678323219
+9.058921E-01,+5.791483E-02
1678323222
+9.711946E-01,+8.675238E-02
