1683564877
-7.770614E-04,-1.528247E-02
1683564881
+2.666831E-02,-1.508533E-02
1683564884
+5.044657E-02,-1.495717E-02
1683564888
+7.416809E-02,-1.479686E-02
1683564892
+1.013966E-01,-1.459670E-02
1683564895
+1.253700E-01,-1.438399E-02
1683564899
+1.492341E-01,-1.413837E-02
1683564902
+1.765502E-01,-1.384493E-02
1683564906
+2.005961E-01,-1.348056E-02
1683564910
+2.246471E-01,-1.302103E-02
1683564913
+2.486346E-01,-1.244203E-02
1683564917
+2.759758E-01,-1.150285E-02
1683564920
+3.000374E-01,-1.038630E-02
1683564924
+3.238824E-01,-8.978029E-03
1683564927
+3.512368E-01,-6.950195E-03
1683564931
+3.751667E-01,-4.892881E-03
1683564935
+3.990457E-01,-2.622995E-03
1683564938
+4.264026E-01,+1.965675E-04
1683564942
+4.503951E-01,+2.652790E-03
1683564945
+4.743594E-01,+5.117754E-03
1683564949
+5.016820E-01,+7.926092E-03
1683564953
+5.256203E-01,+1.043790E-02
1683564956
+5.495884E-01,+1.307080E-02
1683564960
+5.769453E-01,+1.615894E-02
1683564963
+6.008843E-01,+1.906400E-02
1683564967
+6.250121E-01,+2.223205E-02
1683564970
+6.524506E-01,+2.608802E-02
1683564974
+6.763761E-01,+2.987939E-02
1683564978
+7.002702E-01,+3.395182E-02
1683564981
+7.277649E-01,+3.890963E-02
1683564985
+7.517179E-01,+4.379672E-02
1683564988
+7.757561E-01,+4.904569E-02
1683564992
+8.031948E-01,+5.530769E-02
1683564996
+8.271644E-01,+6.142575E-02
1683564999
+8.511427E-01,+6.788267E-02
1683565003
+8.786412E-01,+7.551510E-02
1683565006
+9.026977E-01,+8.287270E-02
1683565010
+9.266728E-01,+9.056412E-02
1683565013
+9.542852E-01,+9.961303E-02
1683565017
+9.494841E-01,+1.000001E-01
