1676640987
-9.923396E-01,-5.221382E-05
1676640990
-9.241359E-01,-4.757309E-05
1676640992
-8.592033E-01,-4.326719E-05
1676640995
-7.874963E-01,-3.882537E-05
1676640997
-7.226430E-01,-3.483722E-05
1676641000
-6.542955E-01,-3.079487E-05
1676641003
-5.824775E-01,-2.658406E-05
1676641005
-5.176269E-01,-2.319264E-05
1676641008
-4.492077E-01,-1.968071E-05
1676641010
-3.843429E-01,-1.653615E-05
1676641013
-3.127407E-01,-1.337366E-05
1676641016
-2.443500E-01,-1.038839E-05
1676641018
-1.794735E-01,-7.755485E-06
1676641021
-1.077063E-01,-4.997063E-06
1676641023
-4.274123E-02,-2.618105E-06
1676641026
+1.708317E-02,-4.193672E-07
1676641029
+8.855478E-02,+2.287084E-06
1676641031
+1.534008E-01,+4.979775E-06
1676641034
+2.218757E-01,+8.253282E-06
1676641036
+2.868694E-01,+1.237446E-05
1676641039
+3.585444E-01,+2.023905E-05
1676641042
+4.268202E-01,+3.864594E-05
1676641044
+4.916521E-01,+9.066476E-05
1676641047
+5.633481E-01,+2.885139E-04
1676641049
+6.283968E-01,+8.967847E-04
1676641052
+6.967006E-01,+2.682849E-03
1676641055
+7.685335E-01,+6.250424E-03
1676641057
+8.334529E-01,+1.031205E-02
1676641060
+9.018657E-01,+1.443202E-02
1676641062
+9.668205E-01,+1.862940E-02
