1678995471
-9.973984E-01,-9.597619E-07
1678995473
-9.291818E-01,-9.601789E-07
1678995476
-8.643793E-01,-9.605958E-07
1678995479
-7.926767E-01,-9.831094E-07
1678995481
-7.278461E-01,-9.781064E-07
1678995484
-6.595849E-01,-9.681003E-07
1678995486
-5.876704E-01,-9.618466E-07
1678995489
-5.228878E-01,-9.860279E-07
1678995492
-4.545214E-01,-9.689343E-07
1678995494
-3.896473E-01,-9.722696E-07
1678995497
-3.180734E-01,-9.856109E-07
1678995499
-2.496795E-01,-9.685174E-07
1678995502
-1.847778E-01,-9.801910E-07
1678995504
-1.131428E-01,-9.722696E-07
1678995507
-4.808185E-02,-9.751881E-07
1678995510
+2.050602E-02,-9.676834E-07
1678995512
+9.191874E-02,-9.651819E-07
1678995515
+1.567707E-01,-9.710188E-07
1678995517
+2.252888E-01,-9.731034E-07
1678995520
+2.901841E-01,-9.693510E-07
1678995523
+3.618753E-01,-9.706019E-07
1678995525
+4.301198E-01,-9.689343E-07
1678995528
+4.949775E-01,-9.635144E-07
1678995530
+5.666563E-01,-9.810249E-07
1678995533
+6.316717E-01,-9.726865E-07
1678995536
+6.999288E-01,-9.776895E-07
1678995538
+7.717350E-01,-9.701851E-07
1678995541
+8.364920E-01,-9.635143E-07
1678995543
+9.047961E-01,-9.576773E-07
1678995546
+9.696686E-01,-9.764387E-07
