1677003504
-9.978802E-01,-1.837241E-02
1677003507
-9.398469E-01,-1.835106E-02
1677003510
-8.750474E-01,-1.832283E-02
1677003512
-8.135624E-01,-1.830546E-02
1677003515
-7.487987E-01,-1.828210E-02
1677003517
-6.906866E-01,-1.829569E-02
1677003520
-6.291924E-01,-1.826124E-02
1677003523
-5.642253E-01,-1.824313E-02
1677003525
-5.028370E-01,-1.820630E-02
1677003528
-4.378548E-01,-1.818457E-02
1677003530
-3.797753E-01,-1.816811E-02
1677003533
-3.184721E-01,-1.813394E-02
1677003536
-2.534483E-01,-1.809881E-02
1677003538
-1.953586E-01,-1.809897E-02
1677003541
-1.271237E-01,-1.807541E-02
1677003543
-6.903414E-02,-1.803103E-02
1677003546
-7.430765E-03,-1.802814E-02
1677003549
+5.301993E-02,-1.795483E-02
1677003551
+1.142595E-01,-1.802156E-02
1677003554
+1.791635E-01,-1.776766E-02
1677003556
+2.409043E-01,-1.768088E-02
1677003559
+2.990342E-01,-1.696663E-02
1677003561
+3.639607E-01,-1.536345E-02
1677003564
+4.253754E-01,-1.362784E-02
1677003567
+4.903010E-01,-1.151153E-02
1677003569
+5.470181E-01,-9.372914E-03
1677003572
+6.088923E-01,-6.665896E-03
1677003574
+6.744901E-01,-3.519348E-03
1677003577
+7.359331E-01,-4.114860E-04
1677003580
+8.032501E-01,+1.009143E-02
