1677012988
-9.982041E-01,-1.834146E-02
1677012990
-9.299366E-01,-1.833315E-02
1677012993
-8.650963E-01,-1.830803E-02
1677012995
-7.933621E-01,-1.830187E-02
1677012998
-7.285983E-01,-1.826578E-02
1677013001
-6.603043E-01,-1.825802E-02
1677013003
-5.884244E-01,-1.821379E-02
1677013006
-5.236217E-01,-1.820998E-02
1677013008
-4.552371E-01,-1.818735E-02
1677013011
-3.903288E-01,-1.816016E-02
1677013014
-3.187356E-01,-1.813524E-02
1677013016
-2.503992E-01,-1.810364E-02
1677013019
-1.854709E-01,-1.806910E-02
1677013021
-1.138243E-01,-1.805376E-02
1677013024
-4.883665E-02,-1.803137E-02
1677013027
+1.916751E-02,-1.801807E-02
1677013029
+9.057858E-02,-1.796254E-02
1677013032
+1.554030E-01,-1.793928E-02
1677013034
+2.239127E-01,-1.789184E-02
1677013037
+2.888398E-01,-1.788190E-02
1677013039
+3.606076E-01,-1.782375E-02
1677013042
+4.289380E-01,-1.770603E-02
1677013045
+4.937499E-01,-1.749818E-02
1677013047
+5.654345E-01,-1.686280E-02
1677013050
+6.304308E-01,-1.489475E-02
1677013052
+6.976588E-01,-8.408972E-03
1677013055
1677013058
1677013060
1677013063
