1683553964
-6.385100E-04,+7.579303E-06
1683553968
+2.666881E-02,+4.024324E-05
1683553971
+5.050744E-02,+6.937938E-05
1683553975
+7.437531E-02,+9.893918E-05
1683553978
+1.016434E-01,+1.332408E-04
1683553982
+1.255688E-01,+1.637963E-04
1683553986
+1.494741E-01,+1.955791E-04
1683553989
+1.767555E-01,+2.351835E-04
1683553993
+2.007001E-01,+2.747153E-04
1683553996
+2.247414E-01,+3.240729E-04
1683554000
+2.486801E-01,+3.911224E-04
1683554003
+2.759616E-01,+5.114949E-04
1683554007
+2.999228E-01,+6.785744E-04
1683554011
+3.238706E-01,+9.337289E-04
1683554014
+3.512146E-01,+1.355238E-03
1683554018
+3.751490E-01,+1.846009E-03
1683554021
+3.989851E-01,+2.441040E-03
1683554025
+4.264526E-01,+3.240085E-03
1683554029
+4.504196E-01,+4.019922E-03
1683554032
+4.743475E-01,+4.869355E-03
1683554036
+5.016313E-01,+5.905291E-03
1683554039
+5.255609E-01,+6.850622E-03
1683554043
+5.494171E-01,+7.831344E-03
1683554047
+5.767357E-01,+8.954203E-03
1683554050
+6.006143E-01,+1.096052E-02
1683554054
+6.246330E-01,+1.141627E-02
1683554057
+6.519611E-01,+1.253551E-02
1683554061
+6.759607E-01,+1.355210E-02
1683554064
+6.999037E-01,+1.391909E-02
1683554068
+7.272315E-01,+1.257922E-02
1683554072
+7.511436E-01,+1.314383E-02
1683554075
+7.750804E-01,+1.370347E-02
1683554079
+8.023859E-01,+1.501562E-02
1683554082
+8.261970E-01,+1.575597E-02
1683554086
+8.501363E-01,+1.541150E-02
1683554090
+8.774281E-01,+1.384144E-02
1683554093
+9.013154E-01,+1.328609E-02
1683554097
+9.251539E-01,+1.155621E-02
1683554100
+9.525988E-01,+1.490205E-02
1683554104
+9.764657E-01,+1.298677E-02
