1677006463
-9.983698E-01,-1.822988E-02
1677006466
-9.301937E-01,-1.821913E-02
1677006469
-8.653588E-01,-1.821330E-02
1677006471
-7.936363E-01,-1.817717E-02
1677006474
-7.287591E-01,-1.815977E-02
1677006476
-6.604437E-01,-1.815170E-02
1677006479
-5.885604E-01,-1.813062E-02
1677006481
-5.238013E-01,-1.811322E-02
1677006484
-4.553983E-01,-1.810923E-02
1677006487
-3.905026E-01,-1.808224E-02
1677006489
-3.189196E-01,-1.804532E-02
1677006492
-2.505274E-01,-1.804364E-02
1677006494
-1.856175E-01,-1.804185E-02
1677006497
-1.139818E-01,-1.801405E-02
1677006500
-4.902261E-02,-1.799215E-02
1677006502
+1.909576E-02,-1.797035E-02
1677006505
+9.058511E-02,-1.793156E-02
1677006507
+1.554620E-01,-1.790630E-02
1677006510
+2.239366E-01,-1.788149E-02
1677006513
+2.889361E-01,-1.784896E-02
1677006515
+3.605990E-01,-1.778011E-02
1677006518
+4.288834E-01,-1.768894E-02
1677006520
+4.936569E-01,-1.749175E-02
1677006523
+5.654055E-01,-1.683890E-02
1677006526
+6.304660E-01,-1.490891E-02
1677006528
+6.977179E-01,-8.457921E-03
1677006531
+7.711062E-01,+1.117662E-02
1677006533
+8.363652E-01,+3.953409E-02
1677006536
+9.052883E-01,+7.733893E-02
1677006538
+9.411393E-01,+9.999936E-02
