1685008037
-1.995214E+00,-2.023443E-02
1685008041
-1.967981E+00,-2.015900E-02
1685008044
-1.937281E+00,-2.006046E-02
1685008048
-1.906518E+00,-1.998491E-02
1685008051
-1.875790E+00,-1.989874E-02
1685008055
-1.845142E+00,-1.988699E-02
1685008058
-1.817835E+00,-1.983257E-02
1685008062
-1.787120E+00,-1.976958E-02
1685008066
-1.756449E+00,-1.969355E-02
1685008069
-1.725725E+00,-1.956203E-02
1685008073
-1.694993E+00,-1.952561E-02
1685008076
-1.667728E+00,-1.947363E-02
1685008080
-1.637118E+00,-1.940156E-02
1685008084
-1.606326E+00,-1.933498E-02
1685008087
-1.575584E+00,-1.925052E-02
1685008091
-1.544818E+00,-1.919631E-02
1685008094
-1.517458E+00,-1.914971E-02
1685008098
-1.486781E+00,-1.910190E-02
1685008101
-1.455952E+00,-1.902415E-02
1685008105
-1.425231E+00,-1.895870E-02
1685008109
-1.397927E+00,-1.895515E-02
1685008112
-1.367208E+00,-1.890101E-02
1685008116
-1.336445E+00,-1.883174E-02
1685008119
-1.305762E+00,-1.877391E-02
1685008123
-1.275070E+00,-1.876660E-02
1685008127
-1.247746E+00,-1.870403E-02
1685008130
-1.217020E+00,-1.865190E-02
1685008134
-1.186342E+00,-1.861158E-02
1685008137
-1.155575E+00,-1.863856E-02
1685008141
-1.124888E+00,-1.859093E-02
1685008144
-1.097525E+00,-1.851876E-02
1685008148
-1.066822E+00,-1.846246E-02
1685008152
-1.036010E+00,-1.842794E-02
1685008155
-1.005005E+00,-1.836661E-02
1685008159
-9.744009E-01,-1.833645E-02
1685008162
-9.471031E-01,-1.829171E-02
1685008166
-9.163855E-01,-1.822867E-02
1685008170
-8.856226E-01,-1.822282E-02
1685008173
-8.549123E-01,-1.813233E-02
1685008177
-8.275588E-01,-1.810534E-02
1685008180
-7.968972E-01,-1.805606E-02
1685008184
-7.662328E-01,-1.802528E-02
1685008187
-7.355388E-01,-1.797272E-02
1685008191
-7.048714E-01,-1.794871E-02
1685008195
-6.775315E-01,-1.788595E-02
1685008198
-6.468064E-01,-1.786143E-02
1685008202
-6.159289E-01,-1.782214E-02
1685008205
-5.851202E-01,-1.775803E-02
1685008209
-5.543911E-01,-1.769179E-02
1685008213
-5.271283E-01,-1.768502E-02
1685008216
-4.964601E-01,-1.760750E-02
1685008220
-4.656908E-01,-1.758031E-02
1685008223
-4.348858E-01,-1.751881E-02
1685008227
-4.041675E-01,-1.747969E-02
1685008230
-3.768238E-01,-1.741533E-02
1685008234
-3.461630E-01,-1.734005E-02
1685008238
-3.154323E-01,-1.730548E-02
1685008241
-2.847240E-01,-1.720541E-02
1685008245
-2.572645E-01,-1.716887E-02
1685008248
-2.265204E-01,-1.706962E-02
1685008252
-1.957904E-01,-1.695741E-02
1685008256
-1.650763E-01,-1.686836E-02
1685008259
-1.343222E-01,-1.682162E-02
1685008263
-1.070295E-01,-1.668211E-02
1685008266
-7.633296E-02,-1.655960E-02
1685008270
-4.561054E-02,-1.643096E-02
1685008273
-1.476973E-02,-1.624215E-02
1685008277
+9.645292E-03,-1.608627E-02
1685008281
+4.024706E-02,-1.587302E-02
1685008284
+7.079792E-02,-1.562089E-02
1685008288
+1.014481E-01,-1.530545E-02
1685008291
+1.288306E-01,-1.493733E-02
1685008295
+1.595891E-01,-1.445672E-02
1685008299
+1.903984E-01,-1.382797E-02
1685008302
+2.212604E-01,-1.295474E-02
1685008306
+2.486620E-01,-1.188890E-02
1685008309
+2.794448E-01,-1.025213E-02
1685008313
+3.102541E-01,-8.123190E-03
1685008316
+3.409674E-01,-5.440069E-03
1685008320
+3.717377E-01,-2.217815E-03
1685008324
+3.990618E-01,+1.092421E-03
1685008327
+4.300254E-01,+5.134799E-03
1685008331
+4.608186E-01,+9.499645E-03
1685008334
+4.916340E-01,+1.418851E-02
1685008338
+5.224674E-01,+1.919803E-02
1685008342
+5.497780E-01,+2.393842E-02
1685008345
+5.806375E-01,+2.958936E-02
1685008349
+6.113875E-01,+3.560193E-02
1685008352
+6.424419E-01,+4.207844E-02
1685008356
+6.732469E-01,+4.897520E-02
1685008359
+7.006854E-01,+5.554475E-02
1685008363
+7.317832E-01,+6.332070E-02
1685008367
+7.625806E-01,+7.154467E-02
1685008370
+7.934300E-01,+8.029092E-02
1685008374
+8.242341E-01,+8.952044E-02
1685008377
+8.516908E-01,+9.831554E-02
1685008381
+8.532277E-01,+9.999999E-02
1685008385
+8.508573E-01,+9.999996E-02
1685008388
+8.492249E-01,+9.999991E-02
1685008392
+8.478321E-01,+9.999990E-02
