1685501045
-1.995956E+00,-1.889461E-02
1685501048
-1.968652E+00,-1.887260E-02
1685501052
-1.937974E+00,-1.885057E-02
1685501056
-1.907236E+00,-1.882230E-02
1685501059
-1.876439E+00,-1.879419E-02
1685501063
-1.845815E+00,-1.873308E-02
1685501066
-1.818488E+00,-1.869939E-02
1685501070
-1.787785E+00,-1.866333E-02
1685501074
-1.757037E+00,-1.866302E-02
1685501077
-1.726295E+00,-1.860047E-02
1685501081
-1.695598E+00,-1.859228E-02
1685501084
-1.668374E+00,-1.859337E-02
1685501088
-1.637644E+00,-1.853331E-02
1685501091
-1.606847E+00,-1.853843E-02
1685501095
-1.576120E+00,-1.848256E-02
1685501099
-1.545301E+00,-1.846374E-02
1685501102
-1.517978E+00,-1.839484E-02
1685501106
-1.487294E+00,-1.839812E-02
1685501109
-1.456442E+00,-1.837840E-02
1685501113
-1.425713E+00,-1.830760E-02
1685501117
-1.398396E+00,-1.825830E-02
1685501120
-1.367654E+00,-1.823852E-02
1685501124
-1.336922E+00,-1.820438E-02
1685501127
-1.306183E+00,-1.815927E-02
1685501131
-1.275478E+00,-1.813669E-02
1685501134
-1.248105E+00,-1.812406E-02
1685501138
-1.217446E+00,-1.808317E-02
1685501142
-1.186782E+00,-1.806764E-02
1685501145
-1.156013E+00,-1.806721E-02
1685501149
-1.125229E+00,-1.805780E-02
1685501152
-1.098015E+00,-1.800309E-02
1685501156
-1.067242E+00,-1.794857E-02
1685501160
-1.036518E+00,-1.794811E-02
1685501163
-1.005447E+00,-1.787730E-02
1685501167
-9.748271E-01,-1.784536E-02
1685501170
-9.475019E-01,-1.785639E-02
1685501174
-9.168471E-01,-1.785007E-02
1685501177
-8.862126E-01,-1.779403E-02
1685501181
-8.553525E-01,-1.776541E-02
1685501185
-8.279830E-01,-1.776443E-02
1685501188
-7.972689E-01,-1.769412E-02
1685501192
-7.666081E-01,-1.766126E-02
1685501195
-7.358561E-01,-1.764441E-02
1685501199
-7.051921E-01,-1.763654E-02
1685501203
-6.777985E-01,-1.760993E-02
1685501206
-6.471251E-01,-1.754369E-02
1685501210
-6.163150E-01,-1.752494E-02
1685501213
-5.854583E-01,-1.752409E-02
1685501217
-5.547367E-01,-1.742313E-02
1685501220
-5.274590E-01,-1.735087E-02
1685501224
-4.967282E-01,-1.736668E-02
1685501228
-4.659390E-01,-1.730947E-02
1685501231
-4.352281E-01,-1.726524E-02
1685501235
-4.044767E-01,-1.724962E-02
1685501238
-3.771788E-01,-1.714054E-02
1685501242
-3.464431E-01,-1.716310E-02
1685501246
-3.157682E-01,-1.710571E-02
1685501249
-2.850825E-01,-1.704175E-02
1685501253
-2.577055E-01,-1.696868E-02
1685501256
-2.270456E-01,-1.688380E-02
1685501260
-1.962215E-01,-1.682789E-02
1685501264
-1.654724E-01,-1.672973E-02
1685501267
-1.347617E-01,-1.661665E-02
1685501271
-1.075107E-01,-1.654042E-02
1685501274
-7.671743E-02,-1.637815E-02
1685501278
-4.594416E-02,-1.623621E-02
1685501281
-1.510086E-02,-1.603569E-02
1685501285
+9.955530E-03,-1.587345E-02
1685501289
+4.059398E-02,-1.563998E-02
1685501292
+7.123244E-02,-1.536791E-02
1685501296
+1.018408E-01,-1.496053E-02
1685501299
+1.291808E-01,-1.457234E-02
1685501303
+1.599393E-01,-1.393839E-02
1685501307
+1.907529E-01,-1.315972E-02
1685501310
+2.216232E-01,-1.214583E-02
1685501314
+2.489907E-01,-1.100711E-02
1685501317
+2.784232E-01,-9.569300E-03
1685501321
+3.095461E-01,-7.663943E-03
1685501324
+3.406824E-01,-5.458850E-03
1685501328
+3.717569E-01,-2.988733E-03
1685501332
+3.981193E-01,-8.330373E-04
1685501335
+4.307269E-01,+2.319785E-03
1685501339
+4.619790E-01,+5.351992E-03
1685501342
+4.932672E-01,+8.523197E-03
1685501346
+5.225451E-01,+1.140969E-02
1685501350
+5.499735E-01,+1.434555E-02
1685501353
+5.807604E-01,+1.772078E-02
1685501357
+6.115228E-01,+2.120039E-02
1685501360
+6.424507E-01,+2.479768E-02
1685501364
+6.732292E-01,+2.849204E-02
1685501367
+7.006151E-01,+3.192673E-02
1685501371
+7.315913E-01,+3.586307E-02
1685501375
+7.623602E-01,+3.993805E-02
1685501378
+7.932014E-01,+4.412395E-02
1685501382
+8.239413E-01,+4.848951E-02
1685501385
+8.513246E-01,+5.236361E-02
1685501389
+8.821372E-01,+5.564421E-02
1685501393
+9.128491E-01,+5.771998E-02
1685501396
+9.436367E-01,+5.991088E-02
1685501400
+9.710632E-01,+6.337278E-02
