1679748050
-9.982246E-01,-1.972455E-02
1679748053
-9.300306E-01,-1.957993E-02
1679748055
-8.651487E-01,-1.944503E-02
1679748058
-7.934317E-01,-1.929463E-02
1679748060
-7.286423E-01,-1.918739E-02
1679748063
-6.603400E-01,-1.905791E-02
1679748066
-5.884330E-01,-1.894523E-02
1679748068
-5.236260E-01,-1.886634E-02
1679748071
-4.552369E-01,-1.878249E-02
1679748073
-3.904198E-01,-1.867861E-02
1679748076
-3.187739E-01,-1.859021E-02
1679748079
-2.503948E-01,-1.849766E-02
1679748081
-1.855153E-01,-1.841549E-02
1679748084
-1.138284E-01,-1.834862E-02
1679748086
-4.880131E-02,-1.828525E-02
1679748089
+2.042406E-02,-1.819821E-02
1679748092
+9.177616E-02,-1.809945E-02
1679748094
+1.566117E-01,-1.802653E-02
1679748097
+2.251785E-01,-1.791012E-02
1679748099
+2.900974E-01,-1.780847E-02
1679748102
+3.617881E-01,-1.766526E-02
1679748104
+4.301204E-01,-1.745326E-02
1679748107
+4.949843E-01,-1.716237E-02
1679748110
+5.667067E-01,-1.630033E-02
1679748112
+6.317237E-01,-1.384597E-02
1679748115
+6.991786E-01,-6.406580E-03
1679748117
+7.721125E-01,+1.204754E-02
1679748120
+8.373377E-01,+3.634004E-02
1679748123
+9.061953E-01,+6.754631E-02
1679748125
+9.694102E-01,+9.999938E-02
