1685351976
-1.996936E+00,-4.800899E-04
1685351980
-1.969609E+00,-4.690114E-04
1685351983
-1.938935E+00,-4.552969E-04
1685351987
-1.908206E+00,-4.387532E-04
1685351990
-1.877417E+00,-4.237249E-04
1685351994
-1.846718E+00,-4.076660E-04
1685351998
-1.819412E+00,-3.949611E-04
1685352001
-1.788636E+00,-3.805194E-04
1685352005
-1.757901E+00,-3.667876E-04
1685352008
-1.727229E+00,-3.542262E-04
1685352012
-1.696483E+00,-3.415669E-04
1685352015
-1.669157E+00,-3.300327E-04
1685352019
-1.638509E+00,-3.189859E-04
1685352023
-1.607812E+00,-3.076127E-04
1685352026
-1.577023E+00,-2.965088E-04
1685352030
-1.546222E+00,-2.854345E-04
1685352033
-1.518863E+00,-2.761461E-04
1685352037
-1.488216E+00,-2.660964E-04
1685352041
-1.457289E+00,-2.562621E-04
1685352044
-1.426522E+00,-2.468415E-04
1685352048
-1.399195E+00,-2.379384E-04
1685352051
-1.368546E+00,-2.288048E-04
1685352055
-1.337739E+00,-2.202711E-04
1685352058
-1.307049E+00,-2.119088E-04
1685352062
-1.276310E+00,-2.033033E-04
1685352066
-1.249037E+00,-1.959847E-04
1685352069
-1.218280E+00,-1.882095E-04
1685352073
-1.187547E+00,-1.804810E-04
1685352076
-1.156878E+00,-1.731811E-04
1685352080
-1.126085E+00,-1.659175E-04
1685352084
-1.098743E+00,-1.591268E-04
1685352087
-1.067939E+00,-1.524603E-04
1685352091
-1.037167E+00,-1.457212E-04
1685352094
-1.006243E+00,-1.392674E-04
1685352098
-9.755384E-01,-1.326343E-04
1685352101
-9.482511E-01,-1.271065E-04
1685352105
-9.174733E-01,-1.211260E-04
1685352109
-8.867725E-01,-1.151271E-04
1685352112
-8.560257E-01,-1.092090E-04
1685352116
-8.286799E-01,-1.040861E-04
1685352119
-7.979882E-01,-9.878105E-05
1685352123
-7.672616E-01,-9.328710E-05
1685352127
-7.366039E-01,-8.830473E-05
1685352130
-7.059255E-01,-8.326861E-05
1685352134
-6.785309E-01,-7.908267E-05
1685352137
-6.478326E-01,-7.429841E-05
1685352141
-6.171023E-01,-6.965003E-05
1685352144
-5.863222E-01,-6.517055E-05
1685352148
-5.555397E-01,-6.069233E-05
1685352152
-5.282959E-01,-5.679411E-05
1685352155
-4.976751E-01,-5.280581E-05
1685352159
-4.668258E-01,-4.862197E-05
1685352162
-4.360474E-01,-4.465661E-05
1685352166
-4.052272E-01,-4.071752E-05
1685352170
-3.779520E-01,-3.730925E-05
1685352173
-3.472702E-01,-3.374375E-05
1685352177
-3.165852E-01,-3.027834E-05
1685352180
-2.858743E-01,-2.691759E-05
1685352184
-2.584146E-01,-2.384829E-05
1685352188
-2.276962E-01,-2.072687E-05
1685352191
-1.968727E-01,-1.767551E-05
1685352195
-1.661277E-01,-1.479468E-05
1685352198
-1.353460E-01,-1.190636E-05
1685352202
-1.080848E-01,-9.493372E-06
1685352205
-7.734640E-02,-6.870233E-06
1685352209
-4.659721E-02,-4.285458E-06
1685352213
-1.580964E-02,-1.661071E-06
1685352216
+1.077576E-02,+6.850150E-07
1685352220
+4.147439E-02,+3.691050E-06
1685352223
+7.203788E-02,+7.089825E-06
1685352227
+1.026865E-01,+1.141293E-05
1685352231
+1.300367E-01,+1.665118E-05
1685352234
+1.606970E-01,+2.547750E-05
1685352238
+1.915032E-01,+4.124605E-05
1685352241
+2.223460E-01,+7.198803E-05
1685352245
+2.497746E-01,+1.253612E-04
1685352248
+2.805075E-01,+2.397272E-04
1685352252
+3.112753E-01,+4.553761E-04
1685352256
+3.420839E-01,+8.293901E-04
1685352259
+3.727264E-01,+1.421693E-03
1685352263
+3.999048E-01,+2.180200E-03
1685352266
+4.307270E-01,+3.334006E-03
1685352270
+4.614998E-01,+4.854284E-03
1685352274
+4.921874E-01,+6.766738E-03
1685352277
+5.230102E-01,+9.102798E-03
1685352281
+5.503069E-01,+1.156299E-02
1685352284
+5.810889E-01,+1.472380E-02
1685352288
+6.118082E-01,+1.836083E-02
1685352291
+6.427861E-01,+2.250966E-02
1685352295
+6.736024E-01,+2.712943E-02
1685352299
+7.009592E-01,+3.177665E-02
1685352302
+7.318946E-01,+3.744939E-02
1685352306
+7.627081E-01,+4.372980E-02
1685352309
+7.936326E-01,+5.063609E-02
1685352313
+8.244094E-01,+5.819160E-02
1685352317
+8.518388E-01,+6.570986E-02
1685352320
+8.826800E-01,+7.463473E-02
1685352324
+9.134919E-01,+8.436365E-02
1685352327
+9.443505E-01,+9.489573E-02
1685352331
+9.546531E-01,+9.999955E-02
