1675983061
-1.000926E+00,-1.841328E-02
1675983064
-8.986788E-01,-1.832499E-02
1675983066
-7.926821E-01,-1.831731E-02
1675983069
-6.868703E-01,-1.828552E-02
1675983072
-5.808915E-01,-1.823438E-02
1675983074
-4.785526E-01,-1.817402E-02
1675983077
-3.727033E-01,-1.808971E-02
1675983079
-2.669699E-01,-1.783679E-02
1675983082
-1.609614E-01,-1.713827E-02
1675983085
-5.505867E-02,-1.577156E-02
1675983087
+5.075317E-02,-1.393669E-02
1675983090
+1.565462E-01,-1.185229E-02
1675983092
+2.593054E-01,-9.728580E-03
1675983095
+3.652278E-01,-7.483103E-03
1675983098
+4.710407E-01,-5.215338E-03
1675983100
+5.768178E-01,-2.952967E-03
1675983103
+6.794964E-01,-7.802335E-04
1675983105
+7.852885E-01,+1.446578E-03
1675983108
+8.910441E-01,+3.634330E-03
1675983111
+9.968637E-01,+5.809877E-03
