1675982286
-1.001008E+00,-2.597642E-02
1675982288
-8.984154E-01,-1.404925E-02
1675982291
-7.923244E-01,-3.522023E-03
1675982294
-6.863096E-01,+6.195772E-03
1675982296
-5.800672E-01,+1.353424E-02
1675982299
-4.775980E-01,+1.702398E-02
1675982301
-3.717117E-01,+1.795758E-02
1675982304
-2.658946E-01,+1.816134E-02
1675982307
-1.600292E-01,+1.824014E-02
1675982309
-5.406965E-02,+1.829628E-02
1675982312
+5.152716E-02,+1.833626E-02
1675982314
+1.571011E-01,+1.837249E-02
1675982317
+2.597780E-01,+1.840879E-02
1675982320
+3.655378E-01,+1.844804E-02
1675982322
+4.714612E-01,+1.846201E-02
1675982325
+5.771810E-01,+1.851526E-02
1675982327
+6.798062E-01,+1.853809E-02
1675982330
+7.856421E-01,+1.856314E-02
1675982333
+8.913511E-01,+1.857967E-02
1675982335
+9.971051E-01,+1.862613E-02
