1678992307
-9.980131E-01,-1.902535E-02
1678992310
-9.298130E-01,-1.891783E-02
1678992312
-8.649491E-01,-1.882592E-02
1678992315
-7.932367E-01,-1.875279E-02
1678992317
-7.284676E-01,-1.866397E-02
1678992320
-6.600647E-01,-1.861944E-02
1678992323
-5.881558E-01,-1.854680E-02
1678992325
-5.232066E-01,-1.848113E-02
1678992328
-4.549704E-01,-1.841780E-02
1678992330
-3.901214E-01,-1.837811E-02
1678992333
-3.185523E-01,-1.831266E-02
1678992336
-2.500670E-01,-1.826899E-02
1678992338
-1.852420E-01,-1.821648E-02
1678992341
-1.135781E-01,-1.815701E-02
1678992343
-4.861224E-02,-1.809001E-02
1678992346
+2.028163E-02,-1.803420E-02
1678992349
+9.165758E-02,-1.798882E-02
1678992351
+1.564727E-01,-1.790973E-02
1678992354
+2.248864E-01,-1.784407E-02
1678992356
+2.898534E-01,-1.776693E-02
1678992359
+3.616078E-01,-1.760835E-02
1678992362
+4.299433E-01,-1.735543E-02
1678992364
+4.947751E-01,-1.690540E-02
1678992367
+5.665506E-01,-1.580066E-02
1678992369
+6.315693E-01,-1.329926E-02
1678992372
+6.999972E-01,-7.064498E-03
1678992374
+7.720438E-01,+7.868533E-03
1678992377
+8.372374E-01,+2.927630E-02
1678992380
+9.060883E-01,+5.741709E-02
1678992382
+9.713653E-01,+8.759488E-02
