1684940151
-1.996961E+00,-1.025169E-03
1684940155
-1.969639E+00,-9.825247E-04
1684940158
-1.938976E+00,-9.507528E-04
1684940162
-1.908211E+00,-9.215839E-04
1684940165
-1.877431E+00,-8.924239E-04
1684940169
-1.846779E+00,-8.641905E-04
1684940173
-1.819477E+00,-8.498703E-04
1684940176
-1.788692E+00,-8.186317E-04
1684940180
-1.758021E+00,-7.918114E-04
1684940183
-1.727283E+00,-7.672405E-04
1684940187
-1.696531E+00,-7.433643E-04
1684940190
-1.669270E+00,-7.230166E-04
1684940194
-1.638562E+00,-7.010132E-04
1684940198
-1.607840E+00,-6.789062E-04
1684940201
-1.577164E+00,-6.573485E-04
1684940205
-1.546344E+00,-6.367337E-04
1684940208
-1.519041E+00,-6.180077E-04
1684940212
-1.488373E+00,-5.982482E-04
1684940216
-1.457450E+00,-5.783180E-04
1684940219
-1.426690E+00,-5.594064E-04
1684940223
-1.399383E+00,-5.428491E-04
1684940226
-1.368646E+00,-5.243415E-04
1684940230
-1.337857E+00,-5.060671E-04
1684940234
-1.307078E+00,-4.883803E-04
1684940237
-1.276341E+00,-4.710245E-04
1684940241
-1.249088E+00,-4.553697E-04
1684940244
-1.218370E+00,-4.390529E-04
1684940248
-1.187600E+00,-4.227765E-04
1684940251
-1.156861E+00,-4.067262E-04
1684940255
-1.126053E+00,-3.909072E-04
1684940259
-1.098791E+00,-3.773002E-04
1684940262
-1.067988E+00,-3.622776E-04
1684940266
-1.037188E+00,-3.470721E-04
1684940269
-1.006255E+00,-3.322300E-04
1684940273
-9.755145E-01,-3.177183E-04
1684940277
-9.482647E-01,-3.052922E-04
1684940280
-9.175931E-01,-2.915685E-04
1684940284
-8.868086E-01,-2.781871E-04
1684940287
-8.560942E-01,-2.646615E-04
1684940291
-8.287560E-01,-2.532173E-04
1684940294
-7.981083E-01,-2.406173E-04
1684940298
-7.674682E-01,-2.280570E-04
1684940302
-7.366964E-01,-2.156222E-04
1684940305
-7.059411E-01,-2.034809E-04
1684940309
-6.785498E-01,-1.929612E-04
1684940312
-6.477643E-01,-1.813002E-04
1684940316
-6.170227E-01,-1.700658E-04
1684940320
-5.862039E-01,-1.589332E-04
1684940323
-5.555347E-01,-1.481804E-04
1684940327
-5.283067E-01,-1.386847E-04
1684940330
-4.975799E-01,-1.283173E-04
1684940334
-4.668214E-01,-1.183242E-04
1684940337
-4.360495E-01,-1.086730E-04
1684940341
-4.053010E-01,-9.906941E-05
1684940345
-3.779805E-01,-9.089224E-05
1684940348
-3.473088E-01,-8.190786E-05
1684940352
-3.165603E-01,-7.322614E-05
1684940355
-2.857625E-01,-6.508274E-05
1684940359
-2.584279E-01,-5.779832E-05
1684940363
-2.277402E-01,-4.993803E-05
1684940366
-1.969800E-01,-4.235255E-05
1684940370
-1.662299E-01,-3.496847E-05
1684940373
-1.354873E-01,-2.790754E-05
1684940377
-1.081952E-01,-2.182773E-05
1684940380
-7.751090E-02,-1.527548E-05
1684940384
-4.665571E-02,-8.935910E-06
1684940388
-1.583302E-02,-2.638028E-06
1684940391
+1.060068E-02,+2.951435E-06
1684940395
+4.123436E-02,+9.879095E-06
1684940398
+7.183470E-02,+1.838441E-05
1684940402
+1.024742E-01,+3.050740E-05
1684940406
+1.298595E-01,+4.791325E-05
1684940409
+1.605774E-01,+8.310063E-05
1684940413
+1.914804E-01,+1.504451E-04
1684940416
+2.222725E-01,+2.751501E-04
1684940420
+2.496070E-01,+4.636953E-04
1684940423
+2.803574E-01,+8.001672E-04
1684940427
+3.110811E-01,+1.304914E-03
1684940431
+3.418890E-01,+2.007809E-03
1684940434
+3.726428E-01,+2.945371E-03
1684940438
+3.998479E-01,+4.012050E-03
1684940441
+4.306490E-01,+5.491688E-03
1684940445
+4.614564E-01,+7.333683E-03
1684940449
+4.921882E-01,+9.578817E-03
1684940452
+5.229837E-01,+1.229318E-02
1684940456
+5.503114E-01,+1.519106E-02
1684940459
+5.811234E-01,+1.889878E-02
1684940463
+6.118664E-01,+2.323059E-02
1684940466
+6.428267E-01,+2.828088E-02
1684940470
+6.736638E-01,+3.403860E-02
1684940474
+7.010666E-01,+3.991620E-02
1684940477
+7.319781E-01,+4.712909E-02
1684940481
+7.628259E-01,+5.522701E-02
1684940484
+7.936720E-01,+6.421971E-02
1684940488
+8.245641E-01,+7.415145E-02
1684940492
+8.520985E-01,+8.404409E-02
1684940495
+8.829916E-01,+9.566137E-02
1684940499
+8.893181E-01,+9.999964E-02
1684940502
+8.853514E-01,+9.999958E-02
1684940506
+8.827170E-01,+9.999964E-02
