1678324897
-1.000720E+00,-1.779404E-02
1678324899
-9.324749E-01,-1.772825E-02
1678324902
-8.675386E-01,-1.769296E-02
1678324904
-7.958577E-01,-1.764927E-02
1678324907
-7.310068E-01,-1.759648E-02
1678324910
-6.627064E-01,-1.755529E-02
1678324912
-5.908263E-01,-1.752541E-02
1678324915
-5.260411E-01,-1.749548E-02
1678324917
-4.577162E-01,-1.747149E-02
1678324920
-3.927910E-01,-1.744790E-02
1678324923
-3.211694E-01,-1.740452E-02
1678324925
-2.527154E-01,-1.739969E-02
1678324928
-1.878936E-01,-1.737469E-02
1678324930
-1.162053E-01,-1.733409E-02
1678324933
-5.130501E-02,-1.732833E-02
1678324936
+2.046213E-02,-1.729062E-02
1678324938
+9.187814E-02,-1.727217E-02
1678324941
+1.566720E-01,-1.722342E-02
1678324943
+2.251393E-01,-1.720008E-02
1678324946
+2.900966E-01,-1.716393E-02
1678324949
+3.617861E-01,-1.709733E-02
1678324951
+4.300816E-01,-1.698227E-02
1678324954
+4.949021E-01,-1.675679E-02
1678324956
+5.666399E-01,-1.603643E-02
1678324959
+6.316639E-01,-1.387101E-02
1678324962
+6.990539E-01,-7.065121E-03
1678324964
+7.720450E-01,+1.049521E-02
1678324967
+8.372408E-01,+3.337261E-02
1678324969
+9.060294E-01,+6.233341E-02
1678324972
+9.714618E-01,+9.367520E-02
