1688720310
-1.994193E+00,-1.059169E-03
1688720314
-1.966969E+00,-1.015601E-03
1688720317
-1.938176E+00,-9.817852E-04
1688720321
-1.907359E+00,-9.473928E-04
1688720324
-1.876523E+00,-9.156625E-04
1688720328
-1.845733E+00,-8.843124E-04
1688720331
-1.818381E+00,-8.570135E-04
1688720335
-1.787529E+00,-8.283525E-04
1688720339
-1.756768E+00,-8.007461E-04
1688720342
-1.726021E+00,-7.743398E-04
1688720346
-1.695179E+00,-7.480487E-04
1688720349
-1.667912E+00,-7.252147E-04
1688720353
-1.637116E+00,-7.009961E-04
1688720357
-1.606306E+00,-6.774028E-04
1688720360
-1.575601E+00,-6.539625E-04
1688720364
-1.544723E+00,-6.313518E-04
1688720367
-1.517375E+00,-6.115651E-04
1688720371
-1.486655E+00,-5.902449E-04
1688720374
-1.455672E+00,-5.696021E-04
1688720378
-1.424877E+00,-5.492781E-04
1688720382
-1.397581E+00,-5.317751E-04
1688720385
-1.366804E+00,-5.126211E-04
1688720389
-1.335978E+00,-4.938187E-04
1688720392
-1.305249E+00,-4.755596E-04
1688720396
-1.274406E+00,-4.574196E-04
1688720400
-1.246997E+00,-4.419195E-04
1688720403
-1.216181E+00,-4.246758E-04
1688720407
-1.185498E+00,-4.080768E-04
1688720410
-1.154781E+00,-3.911629E-04
1688720414
-1.123965E+00,-3.750742E-04
1688720417
-1.096606E+00,-3.608253E-04
1688720421
-1.065812E+00,-3.453925E-04
1688720425
-1.035041E+00,-3.303012E-04
1688720428
-1.004094E+00,-3.155299E-04
1688720432
-9.733502E-01,-3.010044E-04
1688720435
-9.460276E-01,-2.883282E-04
1688720439
-9.153065E-01,-2.748858E-04
1688720443
-8.845260E-01,-2.611153E-04
1688720446
-8.537521E-01,-2.483007E-04
1688720450
-8.264025E-01,-2.368262E-04
1688720453
-7.956737E-01,-2.240448E-04
1688720457
-7.649522E-01,-2.116908E-04
1688720460
-7.342178E-01,-1.998053E-04
1688720464
-7.034242E-01,-1.881863E-04
1688720468
-6.760333E-01,-1.781160E-04
1688720471
-6.452971E-01,-1.671026E-04
1688720475
-6.144650E-01,-1.562546E-04
1688720478
-5.836430E-01,-1.456366E-04
1688720482
-5.528817E-01,-1.352937E-04
1688720486
-5.255846E-01,-1.263548E-04
1688720489
-4.948081E-01,-1.165818E-04
1688720493
-4.640076E-01,-1.071618E-04
1688720496
-4.352031E-01,-9.886977E-05
1688720500
-4.042701E-01,-9.005063E-05
1688720503
-3.767110E-01,-8.233959E-05
1688720507
-3.459155E-01,-7.391442E-05
1688720511
-3.150000E-01,-6.578356E-05
1688720514
-2.841379E-01,-5.797027E-05
1688720518
-2.565280E-01,-5.109674E-05
1688720521
-2.256166E-01,-4.377707E-05
1688720525
-1.947053E-01,-3.677585E-05
1688720529
-1.637898E-01,-3.001758E-05
1688720532
-1.329352E-01,-2.356325E-05
1688720536
-1.055328E-01,-1.806839E-05
1688720539
-7.470907E-02,-1.209601E-05
1688720543
-4.512230E-02,-6.773702E-06
1688720546
1688720550
1688720554
1688720557
1688720561
1688720564
1688720568
1688720572
1688720575
1688720579
1688720582
1688720586
1688720590
1688720593
1688720597
1688720600
1688720604
1688720607
1688720611
1688720615
1688720618
1688720622
1688720625
1688720629
1688720633
1688720636
1688720640
1688720643
1688720647
1688720650
1688720654
1688720658
1688720661
1688720665
