1676389981
-9.975117E-01,-1.690011E-02
1676389983
-9.292584E-01,-1.688324E-02
1676389986
-8.644034E-01,-1.686538E-02
1676389989
-7.926536E-01,-1.685616E-02
1676389991
-7.278361E-01,-1.685978E-02
1676389994
-6.595596E-01,-1.683133E-02
1676389996
-5.876443E-01,-1.682308E-02
1676389999
-5.228676E-01,-1.680912E-02
1676390002
-4.544953E-01,-1.680006E-02
1676390004
-3.896727E-01,-1.679491E-02
1676390007
-3.179725E-01,-1.677498E-02
1676390009
-2.495802E-01,-1.674904E-02
1676390012
-1.847077E-01,-1.674594E-02
1676390014
-1.130159E-01,-1.671962E-02
1676390017
-4.805238E-02,-1.669814E-02
1676390020
+1.883763E-02,-1.666953E-02
1676390022
+9.030803E-02,-1.664858E-02
1676390025
+1.551166E-01,-1.662691E-02
1676390027
+2.236640E-01,-1.660134E-02
1676390030
+2.884985E-01,-1.657663E-02
1676390033
+3.601815E-01,-1.654492E-02
1676390035
+4.285971E-01,-1.648392E-02
1676390038
+4.933931E-01,-1.634056E-02
1676390040
+5.651504E-01,-1.583979E-02
1676390043
+6.301958E-01,-1.423842E-02
1676390046
+6.985404E-01,-8.189856E-03
1676390048
+7.706692E-01,+8.971407E-03
1676390051
+8.358522E-01,+3.441409E-02
1676390053
+9.047123E-01,+6.845480E-02
1676390056
+9.602725E-01,+9.999937E-02
