1678988589
-9.990181E-01,-3.459607E-02
1678988592
-9.307807E-01,-3.284467E-02
1678988594
-8.659012E-01,-3.144931E-02
1678988597
-7.941689E-01,-3.004120E-02
1678988600
-7.293269E-01,-2.880692E-02
1678988602
-6.609309E-01,-2.756130E-02
1678988605
-5.890757E-01,-2.628791E-02
1678988607
-5.242106E-01,-2.518573E-02
1678988610
-4.558806E-01,-2.407858E-02
1678988612
-3.909553E-01,-2.307414E-02
1678988615
-3.192836E-01,-2.199352E-02
1678988618
-2.508920E-01,-2.100236E-02
1678988620
-1.859450E-01,-2.010365E-02
1678988623
-1.143008E-01,-1.914746E-02
1678988625
-4.928116E-02,-1.825731E-02
1678988628
+2.041868E-02,-1.729861E-02
1678988631
+9.188493E-02,-1.630365E-02
1678988633
+1.566971E-01,-1.531629E-02
1678988636
+2.252363E-01,-1.418660E-02
1678988638
+2.901986E-01,-1.295407E-02
1678988641
+3.619133E-01,-1.155912E-02
1678988644
+4.302016E-01,-1.021178E-02
1678988646
+4.950656E-01,-8.763106E-03
1678988649
+5.667571E-01,-6.708824E-03
1678988651
+6.318187E-01,-3.506503E-03
1678988654
+7.002417E-01,+4.460117E-03
1678988657
+7.722709E-01,+2.166672E-02
1678988659
+8.374637E-01,+4.420423E-02
1678988662
+9.062605E-01,+7.250231E-02
1678988664
+9.634872E-01,+9.999917E-02
