1676949644
-9.999514E-01,-1.844959E-02
1676949647
-9.795378E-01,-1.845062E-02
1676949649
-9.658277E-01,-1.844530E-02
1676949652
-9.453709E-01,-1.844628E-02
1676949654
-9.317147E-01,-1.843469E-02
1676949657
-9.112707E-01,-1.842800E-02
1676949660
-8.908318E-01,-1.842113E-02
1676949662
-8.772248E-01,-1.840279E-02
1676949665
-8.567940E-01,-1.839950E-02
1676949667
-8.396295E-01,-1.840386E-02
1676949670
-8.225433E-01,-1.839897E-02
1676949672
-8.021325E-01,-1.839098E-02
1676949675
-7.850103E-01,-1.837984E-02
1676949678
-7.679341E-01,-1.838281E-02
1676949680
-7.508720E-01,-1.838702E-02
1676949683
-7.303961E-01,-1.838336E-02
1676949685
-7.099705E-01,-1.836693E-02
1676949688
-6.962317E-01,-1.837031E-02
1676949691
-6.757125E-01,-1.834900E-02
1676949693
-6.620315E-01,-1.837072E-02
1676949696
-6.415065E-01,-1.835823E-02
1676949698
-6.210417E-01,-1.835857E-02
1676949701
-6.073382E-01,-1.834432E-02
1676949703
-5.867715E-01,-1.834401E-02
1676949706
-5.697469E-01,-1.833756E-02
1676949708
-5.527514E-01,-1.832757E-02
1676949711
-5.322363E-01,-1.832785E-02
1676949713
-5.151302E-01,-1.832095E-02
1676949716
-4.947262E-01,-1.830534E-02
1676949718
-4.810234E-01,-1.830407E-02
1676949721
-4.604618E-01,-1.830440E-02
1676949724
-4.399617E-01,-1.829946E-02
1676949726
-4.263858E-01,-1.829907E-02
1676949729
-4.058793E-01,-1.829768E-02
1676949731
-3.922299E-01,-1.829123E-02
1676949734
-3.718308E-01,-1.826639E-02
1676949736
-3.513592E-01,-1.827871E-02
1676949739
-3.376514E-01,-1.828272E-02
1676949742
-3.171340E-01,-1.825445E-02
1676949744
-3.001512E-01,-1.825925E-02
1676949747
-2.795652E-01,-1.826533E-02
1676949749
-2.623772E-01,-1.825448E-02
1676949752
-2.453275E-01,-1.824902E-02
1676949754
-2.248518E-01,-1.823917E-02
1676949757
-2.111932E-01,-1.824240E-02
1676949760
-1.906949E-01,-1.823230E-02
1676949762
-1.701700E-01,-1.822892E-02
1676949765
-1.565006E-01,-1.821623E-02
1676949767
-1.360373E-01,-1.820751E-02
1676949770
-1.224981E-01,-1.820430E-02
1676949773
-1.020606E-01,-1.819816E-02
1676949775
-8.151902E-02,-1.818214E-02
1676949778
-6.437849E-02,-1.818524E-02
1676949780
-4.734053E-02,-1.818887E-02
1676949783
-3.018916E-02,-1.817251E-02
1676949785
-9.685061E-03,-1.815909E-02
1676949788
+9.924896E-03,-1.817468E-02
1676949791
+2.696202E-02,-1.814436E-02
1676949793
+4.385070E-02,-1.814304E-02
1676949796
+6.083030E-02,-1.815211E-02
1676949798
+8.135325E-02,-1.815760E-02
1676949801
+1.017270E-01,-1.812908E-02
1676949804
+1.153916E-01,-1.812948E-02
1676949806
+1.359470E-01,-1.811798E-02
1676949809
+1.496151E-01,-1.811135E-02
1676949811
+1.700880E-01,-1.810250E-02
1676949814
+1.906410E-01,-1.808846E-02
1676949816
+2.044242E-01,-1.808828E-02
1676949819
+2.250247E-01,-1.805667E-02
1676949822
+2.420125E-01,-1.805698E-02
1676949824
+2.591773E-01,-1.804586E-02
1676949827
+2.795485E-01,-1.803839E-02
1676949829
+2.967658E-01,-1.801948E-02
1676949832
+3.171970E-01,-1.800290E-02
1676949835
+3.308058E-01,-1.799768E-02
1676949837
+3.512503E-01,-1.797991E-02
1676949840
+3.717015E-01,-1.795300E-02
1676949842
+3.853404E-01,-1.793785E-02
1676949845
+4.058492E-01,-1.791702E-02
1676949848
+4.195756E-01,-1.787281E-02
1676949850
+4.400752E-01,-1.784437E-02
1676949853
+4.606223E-01,-1.777025E-02
1676949855
+4.742361E-01,-1.773127E-02
1676949858
+4.947241E-01,-1.760855E-02
1676949860
+5.117978E-01,-1.752483E-02
1676949863
+5.323139E-01,-1.733317E-02
1676949866
+5.492888E-01,-1.713779E-02
1676949868
+5.663434E-01,-1.686581E-02
1676949871
+5.868406E-01,-1.640324E-02
1676949873
+6.004760E-01,-1.601801E-02
1676949876
+6.212066E-01,-1.515690E-02
1676949878
+6.417738E-01,-1.392841E-02
1676949881
+6.554710E-01,-1.284187E-02
1676949884
+6.758838E-01,-1.069461E-02
1676949886
+6.883762E-01,-9.251216E-03
1676949889
+7.094201E-01,-5.726473E-03
1676949891
+7.307370E-01,-1.176487E-03
1676949894
+7.485700E-01,+3.572049E-03
1676949897
+7.665420E-01,+8.918922E-03
1676949899
+7.821186E-01,+1.339237E-02
