1684940677
-1.997226E+00,-8.643463E-04
1684940680
-1.969942E+00,-8.149156E-04
1684940684
-1.939225E+00,-7.810331E-04
1684940687
-1.908417E+00,-7.505718E-04
1684940691
-1.877693E+00,-7.232982E-04
1684940695
-1.847047E+00,-6.968072E-04
1684940698
-1.819638E+00,-6.741781E-04
1684940702
-1.788896E+00,-6.510074E-04
1684940705
-1.758196E+00,-6.282424E-04
1684940709
-1.727495E+00,-6.073832E-04
1684940713
-1.696865E+00,-5.866475E-04
1684940716
-1.669514E+00,-5.687859E-04
1684940720
-1.638781E+00,-5.507843E-04
1684940723
-1.608064E+00,-5.326418E-04
1684940727
-1.577408E+00,-5.144549E-04
1684940730
-1.546519E+00,-4.963908E-04
1684940734
-1.519196E+00,-4.813954E-04
1684940738
-1.488458E+00,-4.661153E-04
1684940741
-1.457616E+00,-4.505893E-04
1684940745
-1.426890E+00,-4.353641E-04
1684940748
-1.399607E+00,-4.216839E-04
1684940752
-1.368950E+00,-4.080233E-04
1684940756
-1.338220E+00,-3.935451E-04
1684940759
-1.307424E+00,-3.791730E-04
1684940763
-1.276716E+00,-3.660595E-04
1684940766
-1.249373E+00,-3.538157E-04
1684940770
-1.218618E+00,-3.404302E-04
1684940774
-1.187914E+00,-3.281211E-04
1684940777
-1.157225E+00,-3.155954E-04
1684940781
-1.126368E+00,-3.041230E-04
1684940784
-1.099073E+00,-2.935759E-04
1684940788
-1.068205E+00,-2.818354E-04
1684940791
-1.037508E+00,-2.703288E-04
1684940795
-1.006520E+00,-2.590066E-04
1684940799
-9.759198E-01,-2.479039E-04
1684940802
-9.486061E-01,-2.384688E-04
1684940806
-9.178762E-01,-2.282119E-04
1684940809
-8.870823E-01,-2.179892E-04
1684940813
-8.563614E-01,-2.079116E-04
1684940817
-8.291053E-01,-1.987875E-04
1684940820
-7.983848E-01,-1.892700E-04
1684940824
-7.676489E-01,-1.797719E-04
1684940827
-7.369832E-01,-1.702555E-04
1684940831
-7.063032E-01,-1.611773E-04
1684940834
-6.789237E-01,-1.529822E-04
1684940838
-6.481797E-01,-1.445462E-04
1684940842
-6.174455E-01,-1.361931E-04
1684940845
-5.865923E-01,-1.276383E-04
1684940849
-5.558658E-01,-1.194512E-04
1684940852
-5.286087E-01,-1.123240E-04
1684940856
-4.978848E-01,-1.048278E-04
1684940860
-4.670397E-01,-9.723777E-05
1684940863
-4.363040E-01,-8.951059E-05
1684940867
-4.055458E-01,-8.223872E-05
1684940870
-3.782481E-01,-7.579914E-05
1684940874
-3.475598E-01,-6.875657E-05
1684940877
-3.169450E-01,-6.180286E-05
1684940881
-2.862434E-01,-5.524524E-05
1684940885
-2.587921E-01,-4.948402E-05
1684940888
-2.280480E-01,-4.307193E-05
1684940892
-1.972373E-01,-3.682080E-05
1684940895
-1.665341E-01,-3.079941E-05
1684940899
-1.358592E-01,-2.495564E-05
1684940903
-1.086098E-01,-1.987618E-05
1684940906
-7.783490E-02,-1.421797E-05
1684940910
-4.708247E-02,-8.492621E-06
1684940913
-1.623415E-02,-2.605911E-06
1684940917
+1.067311E-02,+2.854681E-06
1684940920
+4.133243E-02,+9.926132E-06
1684940924
+7.188084E-02,+1.899507E-05
1684940928
+1.024910E-01,+3.259223E-05
1684940931
+1.299219E-01,+5.279219E-05
1684940935
+1.605471E-01,+9.386631E-05
1684940938
+1.913515E-01,+1.730481E-04
1684940942
+2.221751E-01,+3.205017E-04
1684940946
+2.496270E-01,+5.430793E-04
1684940949
+2.803472E-01,+9.324923E-04
1684940953
+3.111075E-01,+1.505402E-03
1684940956
+3.419067E-01,+2.277728E-03
1684940960
+3.726202E-01,+3.267088E-03
1684940963
+3.997853E-01,+4.345348E-03
1684940967
+4.306330E-01,+5.783441E-03
1684940971
+4.613717E-01,+7.480029E-03
1684940974
+4.921451E-01,+9.451731E-03
1684940978
+5.228670E-01,+1.170161E-02
1684940981
+5.501738E-01,+1.397323E-02
1684940985
+5.809262E-01,+1.674394E-02
1684940989
+6.117258E-01,+1.980670E-02
1684940992
+6.426920E-01,+2.316602E-02
1684940996
+6.735500E-01,+2.678807E-02
1684940999
+7.009093E-01,+3.025762E-02
1684941003
+7.317561E-01,+3.428523E-02
1684941006
+7.625497E-01,+3.855149E-02
1684941010
+7.933124E-01,+4.301355E-02
1684941014
+8.240484E-01,+4.763768E-02
1684941017
+8.515019E-01,+5.192628E-02
1684941021
+8.822970E-01,+5.674382E-02
1684941024
+9.131507E-01,+6.166735E-02
1684941028
+9.439327E-01,+6.665031E-02
1684941032
+9.713541E-01,+7.109860E-02
