1683557709
-1.434873E-03,-1.539076E-02
1683557712
+2.595636E-02,-1.509096E-02
1683557716
+4.974875E-02,-1.490083E-02
1683557719
+7.364707E-02,-1.470030E-02
1683557723
+1.008331E-01,-1.443566E-02
1683557726
+1.248357E-01,-1.418142E-02
1683557730
+1.487340E-01,-1.386154E-02
1683557734
+1.760343E-01,-1.341095E-02
1683557737
+2.000894E-01,-1.289136E-02
1683557741
+2.241178E-01,-1.218728E-02
1683557744
+2.480602E-01,-1.134604E-02
1683557748
+2.753856E-01,-1.009694E-02
1683557752
+2.993623E-01,-8.720263E-03
1683557755
+3.231747E-01,-7.118309E-03
1683557759
+3.505842E-01,-5.046683E-03
1683557762
+3.744659E-01,-3.085090E-03
1683557766
+3.983609E-01,-1.026873E-03
1683557769
+4.257596E-01,+1.447944E-03
1683557773
+4.498054E-01,+3.582623E-03
1683557777
+4.737012E-01,+5.734161E-03
1683557780
+5.010250E-01,+8.216115E-03
1683557784
+5.250224E-01,+1.049016E-02
1683557787
+5.489515E-01,+1.285845E-02
1683557791
+5.763218E-01,+1.573580E-02
1683557795
+6.003144E-01,+1.847490E-02
1683557798
+6.243680E-01,+2.140708E-02
1683557802
+6.517183E-01,+2.495794E-02
1683557805
+6.757491E-01,+2.848276E-02
1683557809
+6.996557E-01,+3.223529E-02
1683557812
+7.271569E-01,+3.671570E-02
1683557816
+7.511877E-01,+4.117734E-02
1683557820
+7.751162E-01,+4.581500E-02
1683557823
+8.024738E-01,+5.142094E-02
1683557827
+8.264806E-01,+5.685391E-02
1683557830
+8.504272E-01,+6.259628E-02
1683557834
+8.778502E-01,+6.933107E-02
1683557838
+9.018884E-01,+7.579845E-02
1683557841
+9.258781E-01,+8.251034E-02
1683557845
+9.533911E-01,+9.036306E-02
1683557848
+9.773372E-01,+9.780209E-02
