1678327614
-1.000000E+00,-4.199148E-03
1678327616
-9.839659E-01,-3.697527E-03
1678327619
-9.592773E-01,-3.320740E-03
1678327621
-9.272256E-01,-2.991107E-03
1678327624
-8.890429E-01,-2.686259E-03
1678327627
-8.457732E-01,-2.391662E-03
1678327629
-7.982844E-01,-2.106184E-03
1678327632
-7.472963E-01,-1.830146E-03
1678327634
-6.934059E-01,-1.564893E-03
1678327637
-6.371084E-01,-1.311592E-03
1678327640
-5.788143E-01,-1.065783E-03
1678327642
-2.520000E-01,-8.249182E-04
1678327645
-2.359660E-01,-5.936891E-04
1678327647
-2.112773E-01,-3.684944E-04
1678327650
-1.792256E-01,-1.498900E-04
1678327652
+2.000000E-02,+6.687470E-05
1678327655
+8.800000E-02,+2.837325E-04
1678327658
+1.040340E-01,+5.096107E-04
1678327660
+1.287227E-01,+7.455821E-04
1678327663
+1.607744E-01,+1.021210E-03
1678327665
+3.600000E-01,+1.322574E-03
1678327668
+3.760341E-01,+1.655972E-03
1678327671
+3.898110E-01,+4.053514E-04
1678327673
+4.308839E-01,+7.578698E-04
1678327676
+6.320000E-01,+1.772380E-03
1678327678
+6.480341E-01,+4.993220E-03
1678327681
+7.680000E-01,+1.390238E-02
1678327684
+7.840341E-01,+3.046213E-02
1678327686
+8.087227E-01,+5.250433E-02
1678327689
+8.407744E-01,+7.826538E-02
