1676368554
-9.975651E-01,-1.721716E-02
1676368556
-9.293670E-01,-1.721010E-02
1676368559
-8.645028E-01,-1.720309E-02
1676368561
-7.927822E-01,-1.717534E-02
1676368564
-7.279099E-01,-1.715778E-02
1676368567
-6.595287E-01,-1.714431E-02
1676368569
-5.877172E-01,-1.711021E-02
1676368572
-5.229368E-01,-1.709067E-02
1676368574
-4.545831E-01,-1.707775E-02
1676368577
-3.897209E-01,-1.705182E-02
1676368579
-3.180928E-01,-1.703964E-02
1676368582
-2.496066E-01,-1.700740E-02
1676368585
-1.847586E-01,-1.697759E-02
1676368587
-1.130145E-01,-1.695684E-02
1676368590
-4.808221E-02,-1.694708E-02
1676368592
+1.895176E-02,-1.692079E-02
1676368595
+9.036178E-02,-1.687722E-02
1676368598
+1.552302E-01,-1.684294E-02
1676368600
+2.237372E-01,-1.682641E-02
1676368603
+2.886899E-01,-1.678767E-02
1676368605
+3.604734E-01,-1.673510E-02
1676368608
+4.286978E-01,-1.663953E-02
1676368611
+4.935245E-01,-1.639747E-02
1676368613
+5.651988E-01,-1.569241E-02
1676368616
+6.302723E-01,-1.351230E-02
1676368618
+6.976086E-01,-7.114547E-03
1676368621
+7.721668E-01,+8.500854E-03
1676368624
+8.356683E-01,+2.599258E-02
1676368626
+9.044021E-01,+4.841530E-02
1676368629
+9.696674E-01,+7.133237E-02
