1684955945
1684955948
1684955951
1684955954
1684955957
1684955960
1684955963
1684955966
1684955969
1684955972
1684955975
1684955978
1684955981
1684955984
1684955987
1684955990
1684955993
1684955996
1684955999
1684956002
1684956005
1684956008
1684956012
1684956015
1684956018
1684956021
1684956024
1684956027
1684956030
1684956033
1684956036
1684956039
1684956042
1684956045
1684956048
1684956051
1684956054
1684956057
1684956060
1684956063
1684956066
1684956069
1684956072
1684956075
1684956078
1684956081
1684956084
1684956087
1684956090
1684956093
1684956096
1684956099
1684956102
1684956105
1684956108
1684956111
1684956114
1684956117
1684956120
1684956123
1684956126
1684956129
1684956132
1684956135
1684956138
1684956141
1684956144
1684956147
1684956150
1684956153
1684956156
1684956159
1684956162
1684956165
1684956168
1684956171
1684956174
1684956177
1684956180
1684956183
1684956186
1684956189
1684956192
1684956195
1684956198
1684956201
1684956204
1684956207
1684956210
1684956213
1684956216
1684956219
1684956222
1684956225
1684956228
1684956231
1684956234
1684956237
1684956240
1684956243
