1684956361
1684956364
1684956367
1684956370
1684956373
1684956376
1684956379
1684956382
1684956385
1684956388
1684956391
1684956394
1684956397
1684956400
1684956403
1684956406
1684956409
1684956412
1684956415
1684956418
1684956421
1684956424
1684956427
1684956430
1684956433
1684956436
1684956439
1684956442
1684956445
1684956448
1684956451
1684956454
1684956457
1684956460
1684956463
1684956466
1684956469
1684956472
1684956475
1684956478
1684956481
1684956484
1684956487
1684956490
1684956493
1684956497
1684956500
1684956503
1684956506
1684956509
1684956512
1684956515
1684956518
1684956521
1684956524
1684956527
1684956530
1684956533
1684956536
1684956539
1684956542
1684956545
1684956548
1684956551
1684956554
1684956557
1684956560
1684956563
1684956566
1684956569
1684956572
1684956575
1684956578
1684956581
1684956584
1684956587
1684956590
1684956593
1684956596
1684956599
1684956602
1684956605
1684956608
1684956611
1684956614
1684956617
1684956620
1684956623
1684956626
1684956629
1684956632
1684956635
1684956638
1684956641
