1683547565
-1.021343E-03,-1.487717E-02
1683547567
+2.643770E-02,-1.459996E-02
1683547570
+5.025462E-02,-1.434333E-02
1683547572
+7.414077E-02,-1.408806E-02
1683547575
+1.013805E-01,-1.374370E-02
1683547577
+1.253183E-01,-1.340141E-02
1683547580
+1.492111E-01,-1.300224E-02
1683547583
+1.765626E-01,-1.237901E-02
1683547585
+2.005438E-01,-1.173397E-02
1683547588
+2.246026E-01,-1.092934E-02
1683547590
+2.471268E-01,-1.006398E-02
1683547593
+2.747059E-01,-8.641822E-03
1683547596
+2.989208E-01,-7.173188E-03
1683547598
+3.230813E-01,-5.471641E-03
1683547601
+3.508197E-01,-3.318584E-03
1683547603
+3.749519E-01,-1.302800E-03
1683547606
1683547608
1683547611
1683547613
1683547616
1683547619
1683547621
1683547624
1683547626
1683547629
1683547631
1683547634
1683547637
1683547639
1683547642
1683547644
1683547647
1683547650
1683547652
1683547655
1683547657
1683547660
1683547662
1683547665
