1679728988
-9.983671E-01,-1.938754E-02
1679728990
-9.300566E-01,-1.928519E-02
1679728993
-8.652270E-01,-1.919081E-02
1679728996
-7.934811E-01,-1.909568E-02
1679728998
-7.286618E-01,-1.899064E-02
1679729001
-6.602551E-01,-1.893181E-02
1679729003
-5.884405E-01,-1.884494E-02
1679729006
-5.236495E-01,-1.876792E-02
1679729009
-4.553020E-01,-1.869168E-02
1679729011
-3.904193E-01,-1.863025E-02
1679729014
-3.187865E-01,-1.856310E-02
1679729016
-2.503915E-01,-1.848118E-02
1679729019
-1.854838E-01,-1.843322E-02
1679729022
-1.138410E-01,-1.836189E-02
1679729024
-4.884886E-02,-1.830702E-02
1679729027
+2.039238E-02,-1.823856E-02
1679729029
+9.188880E-02,-1.815324E-02
1679729032
+1.566668E-01,-1.806666E-02
1679729035
+2.251602E-01,-1.796661E-02
1679729037
+2.901193E-01,-1.788171E-02
1679729040
+3.617891E-01,-1.771878E-02
1679729042
+4.300731E-01,-1.746032E-02
1679729045
+4.949396E-01,-1.689829E-02
1679729047
+5.667020E-01,-1.511009E-02
1679729050
+6.317028E-01,-1.115755E-02
1679729053
+6.995774E-01,-4.248424E-03
1679729055
+7.731229E-01,+6.135689E-03
1679729058
+8.369626E-01,+1.612790E-02
1679729060
+9.054335E-01,+2.786423E-02
1679729063
+9.705744E-01,+3.933934E-02
