1678326897
-1.000288E+00,-6.233728E-04
1678326900
-9.320513E-01,-5.836870E-04
1678326903
-8.671920E-01,-5.456331E-04
1678326905
-7.954829E-01,-4.976356E-04
1678326908
-7.306619E-01,-4.586277E-04
1678326910
-6.623186E-01,-4.108956E-04
1678326913
-5.905006E-01,-3.626744E-04
1678326916
-5.257215E-01,-3.197049E-04
1678326918
-4.573084E-01,-2.749232E-04
1678326921
-3.924981E-01,-2.328366E-04
1678326923
-3.208182E-01,-1.875262E-04
1678326926
-2.524101E-01,-1.458136E-04
1678326928
-1.876107E-01,-1.066627E-04
1678326931
-1.159609E-01,-6.406084E-05
1678326934
-5.108484E-02,-2.608403E-05
1678326936
+2.059556E-02,+1.638900E-05
1678326939
+9.197156E-02,+5.922192E-05
1678326941
+1.568088E-01,+9.934081E-05
1678326944
+2.253678E-01,+1.434798E-04
1678326947
+2.902592E-01,+1.887983E-04
1678326949
+3.620087E-01,+2.453083E-04
1678326952
+4.303109E-01,+3.149703E-04
1678326954
+4.950964E-01,+4.305902E-04
1678326957
+5.668418E-01,+8.100138E-04
1678326960
+6.317691E-01,+1.862452E-03
1678326962
+7.000846E-01,+5.596171E-03
1678326965
+7.720765E-01,+1.707282E-02
1678326967
+8.371601E-01,+3.584814E-02
1678326970
+9.059708E-01,+6.222448E-02
1678326973
+9.714041E-01,+9.316972E-02
