1677007979
-9.983998E-01,-1.638383E-02
1677007982
-9.301999E-01,-1.635540E-02
1677007984
-8.652616E-01,-1.634669E-02
1677007987
-7.934718E-01,-1.634127E-02
1677007989
-7.287018E-01,-1.632493E-02
1677007992
-6.603999E-01,-1.631353E-02
1677007995
-5.884272E-01,-1.629581E-02
1677007997
-5.236584E-01,-1.627736E-02
1677008000
-4.552587E-01,-1.626093E-02
1677008002
-3.904314E-01,-1.624926E-02
1677008005
-3.188409E-01,-1.623097E-02
1677008008
-2.504430E-01,-1.621240E-02
1677008010
-1.855531E-01,-1.619520E-02
1677008013
-1.138874E-01,-1.618299E-02
1677008015
-4.894332E-02,-1.615915E-02
1677008018
+1.934175E-02,-1.612680E-02
1677008021
+9.070014E-02,-1.612475E-02
1677008023
+1.555703E-01,-1.609013E-02
1677008026
+2.239630E-01,-1.606274E-02
1677008028
+2.889159E-01,-1.603707E-02
1677008031
+3.606745E-01,-1.597779E-02
1677008034
+4.289981E-01,-1.592073E-02
1677008036
+4.938532E-01,-1.580055E-02
1677008039
+5.654533E-01,-1.533772E-02
1677008041
+6.304587E-01,-1.381069E-02
1677008044
+6.976556E-01,-8.353614E-03
1677008046
+7.726765E-01,+1.019762E-02
1677008049
+8.360622E-01,+3.524034E-02
1677008052
+9.050400E-01,+7.085367E-02
1677008054
+9.539421E-01,+9.999928E-02
