1678344584
-9.979537E-01,-2.094277E-02
1678344586
-9.297779E-01,-2.064895E-02
1678344589
-8.648713E-01,-2.032587E-02
1678344591
-7.932283E-01,-1.998051E-02
1678344594
-7.283736E-01,-1.965986E-02
1678344597
-6.600283E-01,-1.935205E-02
1678344599
-5.881351E-01,-1.904281E-02
1678344602
-5.233029E-01,-1.875876E-02
1678344604
-4.549943E-01,-1.846601E-02
1678344607
-3.901288E-01,-1.819930E-02
1678344610
-3.184088E-01,-1.790697E-02
1678344612
-2.500362E-01,-1.762638E-02
1678344615
-1.850855E-01,-1.735199E-02
1678344617
-1.134274E-01,-1.705461E-02
1678344620
-4.847921E-02,-1.679719E-02
1678344623
+1.907353E-02,-1.652091E-02
1678344625
+9.049526E-02,-1.623837E-02
1678344628
+1.553753E-01,-1.595603E-02
1678344630
+2.238015E-01,-1.564552E-02
1678344633
+2.887692E-01,-1.534036E-02
1678344636
+3.605353E-01,-1.497241E-02
1678344638
+4.287795E-01,-1.515036E-02
1678344641
+4.936022E-01,-1.518544E-02
1678344643
+5.653224E-01,-1.412650E-02
1678344646
+6.303109E-01,-1.148875E-02
1678344648
+6.981068E-01,-4.730498E-03
1678344651
+7.723296E-01,+9.354655E-03
1678344654
+8.357238E-01,+2.381904E-02
1678344656
+9.043042E-01,+4.146952E-02
1678344659
+9.694107E-01,+5.788554E-02
