1682922715
+2.489911E-03,+1.538800E-06
1682922718
+2.972092E-02,+1.077385E-05
1682922720
+5.360613E-02,+2.211683E-05
1682922723
+7.743295E-02,+3.878629E-05
1682922725
+1.045339E-01,+6.885370E-05
1682922728
+1.284758E-01,+1.108019E-04
1682922731
+1.523243E-01,+1.751496E-04
1682922733
+1.796654E-01,+2.883058E-04
1682922736
+2.037090E-01,+4.344157E-04
1682922738
+2.276852E-01,+6.339641E-04
1682922741
+2.517346E-01,+8.963954E-04
1682922744
+2.789490E-01,+1.270941E-03
1682922746
+3.029201E-01,+1.667752E-03
1682922749
+3.268219E-01,+2.119096E-03
1682922751
+3.541247E-01,+2.694289E-03
1682922754
+3.780490E-01,+3.241363E-03
1682922756
+4.018567E-01,+3.819597E-03
1682922759
+4.291269E-01,+4.517469E-03
1682922761
+4.530471E-01,+5.160396E-03
1682922764
+4.769607E-01,+5.835434E-03
1682922767
+5.042610E-01,+6.643337E-03
1682922769
+5.281669E-01,+7.418854E-03
1682922772
+5.520229E-01,+8.253063E-03
1682922774
+5.792940E-01,+9.264484E-03
1682922777
+6.032211E-01,+1.026258E-02
1682922780
+6.272798E-01,+1.135897E-02
1682922782
+6.546242E-01,+1.269594E-02
1682922785
+6.785069E-01,+1.406079E-02
1682922787
+7.024063E-01,+1.558077E-02
1682922790
+7.297765E-01,+1.747748E-02
1682922793
+7.537801E-01,+1.947440E-02
1682922795
+7.777086E-01,+2.169653E-02
1682922798
+8.050792E-01,+2.442892E-02
1682922800
+8.289884E-01,+2.730832E-02
1682922803
+8.529195E-01,+3.048943E-02
1682922805
+8.803058E-01,+3.438101E-02
1682922808
+9.043025E-01,+3.843139E-02
1682922811
+9.282146E-01,+4.282119E-02
1682922813
+9.556411E-01,+4.804162E-02
1682922816
+9.795932E-01,+5.341385E-02
