1684745730
-1.996800E+00,-4.903710E-04
1684745734
-1.969496E+00,-4.551705E-04
1684745737
-1.938747E+00,-4.295385E-04
1684745741
-1.907930E+00,-4.074120E-04
1684745744
-1.877221E+00,-3.875017E-04
1684745748
-1.846532E+00,-3.699122E-04
1684745751
-1.819242E+00,-3.545143E-04
1684745755
-1.788523E+00,-3.391193E-04
1684745759
-1.757816E+00,-3.243098E-04
1684745762
-1.727058E+00,-3.105401E-04
1684745766
-1.696344E+00,-2.975332E-04
1684745769
-1.669098E+00,-2.866770E-04
1684745773
-1.638395E+00,-2.749548E-04
1684745777
-1.607643E+00,-2.639462E-04
1684745780
-1.576879E+00,-2.531593E-04
1684745784
-1.546177E+00,-2.432045E-04
1684745787
-1.518819E+00,-2.340933E-04
1684745791
-1.488128E+00,-2.246244E-04
1684745794
-1.457192E+00,-2.155519E-04
1684745798
-1.426464E+00,-2.067367E-04
1684745802
-1.399197E+00,-1.991241E-04
1684745805
-1.368429E+00,-1.910175E-04
1684745809
-1.337659E+00,-1.831012E-04
1684745812
-1.306972E+00,-1.755158E-04
1684745816
-1.276240E+00,-1.681950E-04
1684745820
-1.248904E+00,-1.617011E-04
1684745823
-1.218213E+00,-1.547702E-04
1684745827
-1.187511E+00,-1.480153E-04
1684745830
-1.156734E+00,-1.415827E-04
1684745834
-1.125904E+00,-1.351001E-04
1684745837
-1.098626E+00,-1.296337E-04
1684745841
-1.067831E+00,-1.236343E-04
1684745845
-1.037097E+00,-1.178913E-04
1684745848
-1.006120E+00,-1.122043E-04
1684745852
-9.753996E-01,-1.068854E-04
1684745855
-9.480734E-01,-1.022379E-04
1684745859
-9.173900E-01,-9.712001E-05
1684745863
-8.867362E-01,-9.215262E-05
1684745866
-8.559319E-01,-8.735291E-05
1684745870
-8.286038E-01,-8.330538E-05
1684745873
-7.978784E-01,-7.883336E-05
1684745877
-7.671975E-01,-7.450523E-05
1684745880
-7.365047E-01,-7.029008E-05
1684745884
-7.057769E-01,-6.616959E-05
1684745888
-6.783662E-01,-6.262159E-05
1684745891
-6.476719E-01,-5.880549E-05
1684745895
-6.168409E-01,-5.495521E-05
1684745898
-5.860529E-01,-5.130628E-05
1684745902
-5.553929E-01,-4.783044E-05
1684745906
-5.280406E-01,-4.477072E-05
1684745909
-4.973638E-01,-4.140869E-05
1684745913
-4.665975E-01,-3.821762E-05
1684745916
-4.357831E-01,-3.517958E-05
1684745920
-4.050403E-01,-3.216948E-05
1684745923
-3.777522E-01,-2.962345E-05
1684745927
-3.470355E-01,-2.681684E-05
1684745931
-3.163868E-01,-2.411821E-05
1684745934
-2.856316E-01,-2.148838E-05
1684745938
-2.581976E-01,-1.928053E-05
1684745941
-2.274924E-01,-1.683917E-05
1684745945
-1.968389E-01,-1.451582E-05
1684745949
-1.660745E-01,-1.228003E-05
1684745952
-1.353576E-01,-1.014640E-05
1684745956
-1.080529E-01,-8.293388E-06
1684745959
-7.732350E-02,-6.205204E-06
1684745963
-4.647485E-02,-4.078661E-06
1684745966
-1.563788E-02,-1.694014E-06
1684745970
+1.067831E-02,+9.176741E-07
1684745974
+4.127208E-02,+5.420921E-06
1684745977
+7.185498E-02,+1.347431E-05
1684745981
+1.024796E-01,+2.920795E-05
1684745984
+1.298442E-01,+5.630371E-05
1684745988
+1.605113E-01,+1.151323E-04
1684745992
+1.912969E-01,+2.269146E-04
1684745995
+2.220799E-01,+4.241975E-04
1684745999
+2.495421E-01,+7.022368E-04
1684746002
+2.802217E-01,+1.154663E-03
1684746006
+3.109923E-01,+1.774732E-03
1684746010
+3.418237E-01,+2.571853E-03
1684746013
+3.725243E-01,+3.549344E-03
1684746017
+3.997520E-01,+4.585334E-03
1684746020
+4.306268E-01,+5.937598E-03
1684746024
+4.614391E-01,+7.516415E-03
1684746027
+4.921071E-01,+9.341148E-03
1684746031
+5.229543E-01,+1.142909E-02
1684746035
+5.503156E-01,+1.354904E-02
1684746038
+5.810802E-01,+1.615587E-02
1684746042
+6.118249E-01,+1.907078E-02
1684746045
+6.427357E-01,+2.229749E-02
1684746049
+6.735238E-01,+2.581228E-02
1684746053
+7.009073E-01,+2.928342E-02
1684746056
+7.317637E-01,+3.337231E-02
1684746060
+7.625268E-01,+3.775602E-02
1684746063
+7.933499E-01,+4.240778E-02
1684746067
+8.241401E-01,+4.732777E-02
1684746070
+8.514998E-01,+5.201218E-02
1684746074
+8.822555E-01,+5.732210E-02
1684746078
+9.131170E-01,+6.284256E-02
1684746081
+9.439048E-01,+6.847330E-02
1684746085
+9.713454E-01,+7.369566E-02
