1678994375
-9.989066E-01,-6.503175E-02
1678994378
-9.306321E-01,-6.054588E-02
1678994380
-8.655458E-01,-5.697421E-02
1678994383
-7.937649E-01,-5.323604E-02
1678994385
-7.289248E-01,-4.992859E-02
1678994388
-6.604707E-01,-4.654342E-02
1678994391
-5.884996E-01,-4.305466E-02
1678994393
-5.236353E-01,-3.996660E-02
1678994396
-4.551645E-01,-3.682324E-02
1678994398
-3.902527E-01,-3.390500E-02
1678994401
-3.185818E-01,-3.074584E-02
1678994404
-2.501094E-01,-2.779534E-02
1678994406
-1.852318E-01,-2.501092E-02
1678994409
-1.135150E-01,-2.199988E-02
1678994411
-4.846390E-02,-1.927405E-02
1678994414
+2.014412E-02,-1.644360E-02
1678994417
+9.163953E-02,-1.342451E-02
1678994419
+1.564565E-01,-1.068104E-02
1678994422
+2.250256E-01,-7.710118E-03
1678994424
+2.901395E-01,-4.846222E-03
1678994427
+3.618559E-01,-1.564291E-03
1678994429
+4.301755E-01,+1.699482E-03
1678994432
+4.950294E-01,+5.121753E-03
1678994435
+5.668961E-01,+9.572475E-03
1678994437
+6.319701E-01,+1.468448E-02
1678994440
+7.003863E-01,+2.335244E-02
1678994442
+7.724539E-01,+4.014870E-02
1678994445
+8.376028E-01,+6.373759E-02
1678994448
+9.064937E-01,+9.548544E-02
1678994450
+9.130223E-01,+9.999947E-02
