1678993451
-9.979838E-01,-1.904410E-02
1678993453
-9.297768E-01,-1.893794E-02
1678993456
-8.648785E-01,-1.888191E-02
1678993458
-7.931566E-01,-1.879346E-02
1678993461
-7.283450E-01,-1.873432E-02
1678993464
-6.599652E-01,-1.864823E-02
1678993466
-5.881001E-01,-1.859383E-02
1678993469
-5.232443E-01,-1.852599E-02
1678993471
-4.549112E-01,-1.844981E-02
1678993474
-3.899945E-01,-1.839377E-02
1678993477
-3.183713E-01,-1.834504E-02
1678993479
-2.500232E-01,-1.827928E-02
1678993482
-1.851374E-01,-1.822781E-02
1678993484
-1.134465E-01,-1.816942E-02
1678993487
-4.856061E-02,-1.809719E-02
1678993490
+2.023666E-02,-1.805300E-02
1678993492
+9.163608E-02,-1.798555E-02
1678993495
+1.564814E-01,-1.790542E-02
1678993497
+2.249869E-01,-1.782087E-02
1678993500
+2.898682E-01,-1.771811E-02
1678993502
+3.616186E-01,-1.762678E-02
1678993505
+4.298765E-01,-1.752542E-02
1678993508
+4.946827E-01,-1.729320E-02
1678993510
+5.663698E-01,-1.661114E-02
1678993513
+6.314095E-01,-1.443287E-02
1678993515
+6.998468E-01,-7.703493E-03
1678993518
+7.718088E-01,+7.678225E-03
1678993521
+8.369986E-01,+2.833929E-02
1678993523
+9.057503E-01,+5.496639E-02
1678993526
+9.711742E-01,+8.445112E-02
