1676388364
-9.986921E-01,-9.544321E-02
1676388366
-9.298790E-01,-6.980515E-02
1676388369
-8.643461E-01,-4.146472E-02
1676388371
-7.919908E-01,-1.341633E-02
1676388374
-7.267665E-01,+4.511200E-03
1676388376
-6.581717E-01,+1.320236E-02
1676388379
-5.862300E-01,+1.588668E-02
1676388382
-5.213952E-01,+1.650074E-02
1676388384
-4.530491E-01,+1.672459E-02
1676388387
-3.881668E-01,+1.679193E-02
1676388389
-3.165636E-01,+1.685013E-02
1676388392
-2.481741E-01,+1.687570E-02
1676388395
-1.832708E-01,+1.690749E-02
1676388397
-1.115685E-01,+1.693479E-02
1676388400
-4.658600E-02,+1.696287E-02
1676388402
+1.938714E-02,+1.698266E-02
1676388405
+9.086400E-02,+1.701191E-02
1676388408
+1.556516E-01,+1.704123E-02
1676388410
+2.241612E-01,+1.704693E-02
1676388413
+2.890923E-01,+1.706365E-02
1676388415
+3.608060E-01,+1.708830E-02
1676388418
+4.290821E-01,+1.710591E-02
1676388421
+4.938741E-01,+1.711789E-02
1676388423
+5.656595E-01,+1.714712E-02
1676388426
+6.306863E-01,+1.718387E-02
1676388428
+6.989600E-01,+1.718855E-02
1676388431
+7.707248E-01,+1.722266E-02
1676388433
+8.354883E-01,+1.724363E-02
1676388436
+9.038021E-01,+1.724583E-02
1676388439
+9.686881E-01,+1.728215E-02
