1676951088
-1.000444E+00,-1.855953E-02
1676951091
-9.424422E-01,-1.854803E-02
1676951093
-8.775436E-01,-1.854014E-02
1676951096
-8.160199E-01,-1.853149E-02
1676951098
-7.512577E-01,-1.849680E-02
1676951101
-6.932076E-01,-1.848798E-02
1676951104
-6.316857E-01,-1.845931E-02
1676951106
-5.666558E-01,-1.844342E-02
1676951109
-5.052440E-01,-1.842484E-02
1676951111
-4.403307E-01,-1.840681E-02
1676951114
-3.822174E-01,-1.840377E-02
1676951117
-3.208997E-01,-1.835976E-02
1676951119
-2.559048E-01,-1.835459E-02
1676951122
-1.978632E-01,-1.834477E-02
1676951124
-1.295916E-01,-1.830038E-02
1676951127
-7.151145E-02,-1.827632E-02
1676951129
-9.992800E-03,-1.826339E-02
1676951132
+5.420527E-02,-1.823718E-02
1676951135
+1.154861E-01,-1.820962E-02
1676951137
+1.803294E-01,-1.819244E-02
1676951140
+2.421064E-01,-1.816143E-02
1676951142
+3.001540E-01,-1.814194E-02
1676951145
+3.649599E-01,-1.790674E-02
1676951148
+4.263842E-01,-1.783578E-02
1676951150
+4.912574E-01,-1.788091E-02
1676951153
+5.493819E-01,-1.762530E-02
1676951155
+6.108453E-01,-1.663287E-02
1676951158
+6.758553E-01,-1.254960E-02
1676951160
+7.375456E-01,-1.361582E-03
1676951163
+8.027876E-01,+2.112925E-02
