1676391965
-9.990948E-01,-1.828746E-02
1676391967
-9.308639E-01,-1.828978E-02
1676391970
-8.660155E-01,-1.816105E-02
1676391972
-7.942472E-01,-1.816052E-02
1676391975
-7.294666E-01,-1.811610E-02
1676391978
-6.611370E-01,-1.810564E-02
1676391980
-5.892770E-01,-1.808823E-02
1676391983
-5.244362E-01,-1.807021E-02
1676391985
-4.561250E-01,-1.802837E-02
1676391988
-3.912783E-01,-1.802044E-02
1676391990
-3.196352E-01,-1.800433E-02
1676391993
-2.512524E-01,-1.790767E-02
1676391996
-1.862815E-01,-1.795736E-02
1676391998
-1.146034E-01,-1.794173E-02
1676392001
-4.977852E-02,-1.790237E-02
1676392003
+1.941314E-02,-1.788984E-02
1676392006
+9.085488E-02,-1.785313E-02
1676392009
+1.557250E-01,-1.783899E-02
1676392011
+2.241779E-01,-1.780668E-02
1676392014
+2.890823E-01,-1.777112E-02
1676392016
+3.608233E-01,-1.771262E-02
1676392019
+4.290260E-01,-1.761711E-02
1676392022
+4.939196E-01,-1.744647E-02
1676392024
+5.656430E-01,-1.685980E-02
1676392027
+6.306242E-01,-1.501324E-02
1676392029
+6.990781E-01,-8.150027E-03
1676392032
+7.712579E-01,+1.162487E-02
1676392035
+8.364933E-01,+4.128353E-02
1676392037
+9.053805E-01,+8.123578E-02
1676392040
+9.328107E-01,+9.999897E-02
