1677007272
-9.983293E-01,-1.634858E-02
1677007274
-9.301844E-01,-1.632289E-02
1677007277
-8.652683E-01,-1.628931E-02
1677007279
-7.935352E-01,-1.628564E-02
1677007282
-7.287495E-01,-1.623803E-02
1677007285
-6.604075E-01,-1.622841E-02
1677007287
-5.885357E-01,-1.620406E-02
1677007290
-5.237253E-01,-1.618729E-02
1677007292
-4.553607E-01,-1.616764E-02
1677007295
-3.904999E-01,-1.614220E-02
1677007298
-3.188443E-01,-1.611853E-02
1677007300
-2.505372E-01,-1.610293E-02
1677007303
-1.856257E-01,-1.607411E-02
1677007305
-1.139509E-01,-1.607434E-02
1677007308
-4.896168E-02,-1.604121E-02
1677007310
+1.915495E-02,-1.601755E-02
1677007313
+9.068348E-02,-1.600350E-02
1677007316
+1.555161E-01,-1.596281E-02
1677007318
+2.239848E-01,-1.595159E-02
1677007321
+2.889259E-01,-1.591407E-02
1677007323
+3.605936E-01,-1.588397E-02
1677007326
+4.288180E-01,-1.580834E-02
1677007329
+4.937208E-01,-1.566898E-02
1677007331
+5.655252E-01,-1.523575E-02
1677007334
+6.305414E-01,-1.371712E-02
1677007336
+6.977377E-01,-8.177869E-03
1677007339
1677007342
1677007344
1677007347
