1688701664
-2.000372E+00,-1.746549E-02
1688701668
-1.970325E+00,-1.754825E-02
1688701672
-1.940310E+00,-1.759439E-02
1688701675
-1.910635E+00,-1.767008E-02
1688701679
-1.880588E+00,-1.772610E-02
1688701682
-1.850541E+00,-1.761475E-02
1688701686
-1.820524E+00,-1.750176E-02
1688701690
-1.790490E+00,-1.743605E-02
1688701693
-1.760457E+00,-1.740252E-02
1688701697
-1.730435E+00,-1.729431E-02
1688701700
-1.700390E+00,-1.716850E-02
1688701704
-1.670356E+00,-1.709038E-02
1688701707
-1.640689E+00,-1.678661E-02
1688701711
-1.610649E+00,-1.667154E-02
1688701715
-1.580622E+00,-1.671716E-02
1688701718
-1.550594E+00,-1.662737E-02
1688701722
-1.520563E+00,-1.657861E-02
1688701725
-1.490505E+00,-1.646996E-02
1688701729
-1.460502E+00,-1.634969E-02
1688701733
-1.430453E+00,-1.636042E-02
1688701736
-1.400763E+00,-1.622176E-02
1688701740
-1.370733E+00,-1.616139E-02
1688701743
-1.340699E+00,-1.605267E-02
1688701747
-1.310648E+00,-1.601701E-02
1688701750
-1.280593E+00,-1.585815E-02
1688701754
-1.250549E+00,-1.579707E-02
1688701758
-1.220490E+00,-1.569141E-02
1688701761
-1.190428E+00,-1.567449E-02
1688701765
-1.160367E+00,-1.558190E-02
1688701768
-1.130643E+00,-1.550452E-02
1688701772
-1.100588E+00,-1.545357E-02
1688701776
-1.070536E+00,-1.539814E-02
1688701779
-1.040479E+00,-1.530051E-02
1688701783
-1.010420E+00,-1.516834E-02
1688701786
-9.803571E-01,-1.517050E-02
1688701790
-9.503134E-01,-1.507352E-02
1688701794
-9.202428E-01,-1.501957E-02
1688701797
-8.901963E-01,-1.488641E-02
1688701801
-8.604987E-01,-1.483759E-02
1688701804
-8.304260E-01,-1.482980E-02
1688701808
-8.003473E-01,-1.473529E-02
1688701811
-7.703102E-01,-1.461253E-02
1688701815
-7.402350E-01,-1.458037E-02
1688701819
-7.101855E-01,-1.450385E-02
1688701822
-6.801360E-01,-1.440764E-02
1688701826
-6.500680E-01,-1.427825E-02
1688701829
-6.200925E-01,-1.418375E-02
1688701833
-5.903999E-01,-1.415146E-02
1688701837
-5.603379E-01,-1.404657E-02
1688701840
-5.302883E-01,-1.393414E-02
1688701844
-5.002357E-01,-1.380545E-02
1688701847
-4.701698E-01,-1.379107E-02
1688701851
-4.400877E-01,-1.368175E-02
1688701854
-4.100454E-01,-1.355486E-02
1688701858
-3.799942E-01,-1.343876E-02
1688701862
-3.502821E-01,-1.334988E-02
1688701865
-3.202180E-01,-1.316832E-02
1688701869
-2.901743E-01,-1.299351E-02
1688701872
-2.600977E-01,-1.290122E-02
1688701876
-2.300467E-01,-1.267577E-02
1688701880
-1.999922E-01,-1.252479E-02
1688701883
-1.699336E-01,-1.231192E-02
1688701887
-1.398773E-01,-1.212290E-02
1688701890
-1.098184E-01,-1.186917E-02
1688701894
-8.008614E-02,-1.172127E-02
1688701897
-5.004940E-02,-1.135830E-02
1688701901
-1.997371E-02,-1.094256E-02
1688701905
+1.026872E-02,-1.044519E-02
1688701908
+4.020072E-02,-9.858129E-03
1688701912
+7.029352E-02,-9.148897E-03
1688701915
+9.999016E-02,-8.306636E-03
1688701919
+1.300719E-01,-7.284455E-03
1688701923
+1.601788E-01,-6.176073E-03
1688701926
+1.902350E-01,-4.949901E-03
1688701930
+2.202996E-01,-3.644672E-03
1688701933
+2.503875E-01,-2.318443E-03
1688701937
1688701940
1688701944
+2.803233E-01,-9.630473E-04
1688701948
+3.106146E-01,+3.852633E-04
+3.406236E-01,+1.708935E-03
+3.703471E-01,+2.996644E-03
1688701951
+4.004107E-01,+4.332676E-03
1688701955
+4.304993E-01,+5.766992E-03
1688701958
+4.605844E-01,+7.308065E-03
1688701962
+4.906639E-01,+8.988095E-03
1688701966
+5.205615E-01,+1.086184E-02
1688701969
+5.506201E-01,+1.293955E-02
1688701973
+5.806620E-01,+1.531632E-02
1688701976
+6.107223E-01,+1.806587E-02
1688701980
+6.403506E-01,+2.109093E-02
1688701983
+6.704062E-01,+2.468456E-02
1688701987
+7.004766E-01,+2.881934E-02
1688701991
+7.305403E-01,+3.350053E-02
1688701994
+7.605895E-01,+3.886797E-02
1688701998
+7.906548E-01,+4.496554E-02
1688702001
+8.207409E-01,+5.169827E-02
1688702005
+8.508136E-01,+5.937770E-02
1688702008
+8.808610E-01,+6.784111E-02
1688702012
+9.105867E-01,+7.718050E-02
1688702015
+9.406667E-01,+8.732628E-02
1688702019
+9.707182E-01,+9.835379E-02
