1675982116
-1.000793E+00,-1.732922E-02
1675982119
-8.981556E-01,-3.024305E-03
1675982121
-7.922536E-01,-9.209617E-04
1675982124
-6.864347E-01,+1.852246E-03
1675982126
-5.802583E-01,+4.999782E-03
1675982129
-4.777915E-01,+8.101645E-03
1675982132
-3.718361E-01,+1.487522E-02
1675982134
-2.661600E-01,+8.470316E-03
1675982137
-1.604013E-01,+3.244174E-03
1675982139
-5.407549E-02,+1.823263E-02
1675982142
+5.132287E-02,+1.829690E-02
1675982145
+1.569802E-01,+1.833076E-02
1675982147
+2.596697E-01,+1.833530E-02
1675982150
+3.655497E-01,+1.834691E-02
1675982152
+4.713855E-01,+1.840039E-02
1675982155
+5.771780E-01,+1.844877E-02
1675982158
+6.797323E-01,+1.845410E-02
1675982160
+7.856198E-01,+1.848745E-02
1675982163
+8.914507E-01,+1.855018E-02
1675982165
+9.973196E-01,+1.858064E-02
