1678321372
-1.000496E+00,-1.859250E-02
1678321375
-9.322159E-01,-1.859076E-02
1678321378
-8.674078E-01,-1.855492E-02
1678321380
-7.957001E-01,-1.854837E-02
1678321383
-7.308782E-01,-1.852921E-02
1678321385
-6.625357E-01,-1.851732E-02
1678321388
-5.906987E-01,-1.848734E-02
1678321391
-5.259373E-01,-1.846700E-02
1678321393
-4.575615E-01,-1.845202E-02
1678321396
-3.927352E-01,-1.843295E-02
1678321398
-3.210526E-01,-1.841939E-02
1678321401
-2.526715E-01,-1.839034E-02
1678321404
-1.878360E-01,-1.838420E-02
1678321406
-1.162551E-01,-1.835151E-02
1678321409
-5.122266E-02,-1.831890E-02
1678321411
+2.021542E-02,-1.831170E-02
1678321414
+9.163179E-02,-1.825870E-02
1678321416
+1.564059E-01,-1.823789E-02
1678321419
+2.248667E-01,-1.822407E-02
1678321422
+2.898252E-01,-1.817825E-02
1678321424
+3.614893E-01,-1.813320E-02
1678321427
+4.298686E-01,-1.805070E-02
1678321429
+4.947060E-01,-1.788545E-02
1678321432
+5.663852E-01,-1.732050E-02
1678321435
+6.313654E-01,-1.545844E-02
1678321437
+6.984434E-01,-9.257047E-03
1678321440
+7.733549E-01,+8.786394E-03
1678321442
+8.369403E-01,+3.065038E-02
1678321445
+9.058026E-01,+5.981520E-02
1678321448
+9.712907E-01,+9.081876E-02
