1682927112
+1.180173E-03,+1.097941E-06
1682927115
+2.917963E-02,+4.769616E-06
1682927117
+5.357713E-02,+8.153156E-06
1682927120
+7.620404E-02,+1.151761E-05
1682927122
+1.035588E-01,+1.684477E-05
1682927125
+1.276611E-01,+2.365768E-05
1682927128
+1.517758E-01,+3.440918E-05
1682927130
+1.794800E-01,+5.703178E-05
1682927133
+2.042311E-01,+9.685889E-05
1682927135
+2.266577E-01,+1.557616E-04
1682927138
+2.508726E-01,+2.737576E-04
1682927140
+2.786184E-01,+5.160257E-04
1682927143
+3.032478E-01,+8.732630E-04
1682927146
+3.256745E-01,+1.301111E-03
1682927148
+3.531844E-01,+2.063556E-03
1682927151
+3.772549E-01,+2.930188E-03
1682927153
+4.012427E-01,+3.969444E-03
1682927156
+4.288861E-01,+5.379625E-03
1682927159
+4.530258E-01,+6.818648E-03
1682927161
+4.772014E-01,+8.436712E-03
1682927164
+5.030366E-01,+1.026639E-02
1682927166
+5.270487E-01,+1.221232E-02
1682927169
+5.509641E-01,+1.439163E-02
1682927172
+5.783347E-01,+1.711642E-02
1682927174
+6.022925E-01,+1.982959E-02
1682927177
+6.263939E-01,+2.279614E-02
1682927179
+6.537837E-01,+2.646998E-02
1682927182
+6.776747E-01,+3.015569E-02
1682927184
+7.017210E-01,+3.416555E-02
1682927187
+7.292769E-01,+3.906186E-02
1682927190
+7.533121E-01,+4.394104E-02
1682927192
+7.772366E-01,+4.920426E-02
1682927195
+8.045623E-01,+5.554858E-02
1682927197
+8.286108E-01,+6.182155E-02
1682927200
+8.525782E-01,+6.844141E-02
1682927203
+8.800312E-01,+7.634813E-02
1682927205
+9.040809E-01,+8.412299E-02
1682927208
+9.280838E-01,+9.232816E-02
1682927210
+9.485195E-01,+9.999996E-02
1682927213
+9.435399E-01,+9.999999E-02
