1675982513
-1.000644E+00,-4.389387E-03
1675982515
-8.981848E-01,-2.718975E-03
1675982518
-7.922964E-01,-9.501395E-04
1675982520
-6.864619E-01,+8.571555E-04
1675982523
-5.803631E-01,+2.663726E-03
1675982525
-4.779046E-01,+4.390473E-03
1675982528
-3.720943E-01,+6.138622E-03
1675982531
-2.662031E-01,+7.823375E-03
1675982533
-1.602494E-01,+9.314453E-03
1675982536
-5.427229E-02,+1.086204E-02
1675982538
+5.127613E-02,+1.172585E-02
1675982541
+1.569159E-01,+1.507698E-02
1675982544
+2.596886E-01,+1.631242E-02
1675982546
+3.654026E-01,+1.735783E-02
1675982549
+4.713293E-01,+1.773957E-02
1675982551
+5.771074E-01,+1.780090E-02
1675982554
+6.796666E-01,+1.783908E-02
1675982557
+7.855499E-01,+1.788990E-02
1675982559
+8.913140E-01,+1.793595E-02
1675982562
+9.971938E-01,+1.797637E-02
