1675980891
-1.000844E+00,-1.854946E-02
1675980894
-8.984722E-01,-1.853548E-02
1675980896
-7.926998E-01,-1.849008E-02
1675980899
-6.869681E-01,-1.847294E-02
1675980901
-5.809379E-01,-1.842932E-02
1675980904
-4.785148E-01,-1.838680E-02
1675980907
-3.725571E-01,-1.835565E-02
1675980909
-2.667829E-01,-1.832230E-02
1675980912
-1.609354E-01,-1.828653E-02
1675980914
-5.510117E-02,-1.825276E-02
1675980917
+5.086988E-02,-1.819345E-02
1675980920
+1.565286E-01,-1.813258E-02
1675980922
+2.592561E-01,-1.806321E-02
1675980925
+3.650349E-01,-1.788278E-02
1675980927
+4.708496E-01,-1.726409E-02
1675980930
+5.767726E-01,-1.429317E-02
1675980933
+6.794277E-01,-6.277742E-03
1675980935
+7.854484E-01,+6.157366E-03
1675980938
+8.915008E-01,+2.022775E-02
1675980940
+9.976490E-01,+3.862311E-02
