1683543196
+8.656926E-04,+3.102200E-03
1683543199
+2.771572E-02,+1.215755E-02
1683543201
+5.166268E-02,+2.063671E-02
1683543204
+7.569051E-02,+2.956235E-02
1683543206
+1.031168E-01,+4.034382E-02
1683543209
+1.272230E-01,+5.040883E-02
1683543211
+1.513043E-01,+6.116470E-02
1683543214
+1.787998E-01,+7.440524E-02
1683543217
+2.030844E-01,+8.695941E-02
1683543219
+2.265527E-01,+9.999961E-02
1683543222
+2.264301E-01,+9.999954E-02
1683543224
+2.264184E-01,+9.999954E-02
1683543227
+2.264442E-01,+9.999951E-02
1683543229
+2.265159E-01,+9.999956E-02
1683543232
+2.265476E-01,+9.999953E-02
1683543234
+2.265652E-01,+9.999954E-02
1683543237
+2.266486E-01,+9.999955E-02
1683543240
+2.266644E-01,+9.999957E-02
1683543242
+2.267120E-01,+9.999958E-02
1683543245
+2.267553E-01,+9.999957E-02
1683543247
+2.267861E-01,+9.999955E-02
1683543250
+2.267852E-01,+9.999954E-02
1683543253
+2.268120E-01,+9.999962E-02
1683543255
+2.268437E-01,+9.999963E-02
1683543258
+2.268486E-01,+9.999958E-02
1683543260
+2.269171E-01,+9.999958E-02
1683543263
+2.269471E-01,+9.999959E-02
1683543265
+2.269379E-01,+9.999959E-02
1683543268
+2.269628E-01,+9.999954E-02
1683543271
+2.269962E-01,+9.999954E-02
1683543273
+2.270053E-01,+9.999955E-02
1683543276
+2.270053E-01,+9.999953E-02
1683543278
+2.270763E-01,+9.999954E-02
1683543281
+2.270654E-01,+9.999953E-02
1683543284
+2.271238E-01,+9.999958E-02
1683543286
+2.271162E-01,+9.999954E-02
1683543289
+2.271413E-01,+9.999956E-02
1683543291
+2.271980E-01,+9.999958E-02
1683543294
+2.272063E-01,+9.999957E-02
1683543296
+2.271980E-01,+9.999955E-02
