1676368693
-9.975924E-01,-1.104896E-04
1676368696
-9.293358E-01,-1.013451E-04
1676368698
-8.662807E-01,-9.251885E-05
1676368701
-7.943881E-01,-8.234796E-05
1676368703
-7.292959E-01,-7.405609E-05
1676368706
-6.607614E-01,-6.513783E-05
1676368709
-5.887253E-01,-5.591139E-05
1676368711
-5.237131E-01,-4.807126E-05
1676368714
-4.552535E-01,-4.059218E-05
1676368716
-3.901277E-01,-3.351149E-05
1676368719
-3.183830E-01,-2.622097E-05
1676368721
-2.497608E-01,-1.967855E-05
1676368724
-1.847818E-01,-1.395879E-05
1676368727
-1.147168E-01,-8.286675E-06
1676368729
-4.858681E-02,-3.073330E-06
1676368732
+1.951885E-02,+2.220375E-06
1676368734
+9.196050E-02,+8.060455E-06
1676368737
+1.555178E-01,+1.342938E-05
1676368740
+2.242208E-01,+2.038104E-05
1676368742
+2.893310E-01,+2.860678E-05
1676368745
+3.612773E-01,+4.260547E-05
1676368747
+4.300185E-01,+7.150994E-05
1676368750
+4.938470E-01,+1.411650E-04
1676368753
+5.661027E-01,+4.139297E-04
1676368755
+6.305475E-01,+1.268119E-03
1676368758
+6.994248E-01,+4.623039E-03
1676368760
+7.705111E-01,+1.415358E-02
1676368763
+8.355878E-01,+2.929065E-02
1676368766
+9.043309E-01,+4.971548E-02
1676368768
+9.696021E-01,+7.149886E-02
