1676871819
-9.997867E-01,-1.445747E-04
1676871821
-9.793519E-01,-1.467437E-04
1676871824
-9.657156E-01,-1.464030E-04
1676871826
-9.452124E-01,-1.441107E-04
1676871829
-9.316344E-01,-1.422511E-04
1676871831
-9.110975E-01,-1.373004E-04
1676871834
-8.906741E-01,-1.332165E-04
1676871837
-8.769899E-01,-1.306773E-04
1676871839
-8.565406E-01,-1.271249E-04
1676871842
-8.394735E-01,-1.241468E-04
1676871844
-8.223690E-01,-1.211990E-04
1676871847
-8.018918E-01,-1.175016E-04
1676871850
-7.848970E-01,-1.143174E-04
1676871852
-7.677982E-01,-1.109823E-04
1676871855
-7.507147E-01,-1.080020E-04
1676871857
-7.302430E-01,-1.040636E-04
1676871860
-7.098025E-01,-1.002719E-04
1676871863
-6.960680E-01,-9.782530E-05
1676871865
-6.755898E-01,-9.438805E-05
1676871868
-6.619356E-01,-9.161415E-05
1676871870
-6.414624E-01,-8.785085E-05
1676871873
-6.209485E-01,-8.444447E-05
1676871876
-6.073217E-01,-8.215129E-05
1676871878
-5.867295E-01,-7.851102E-05
1676871881
-5.697250E-01,-7.536812E-05
1676871883
-5.526043E-01,-7.256418E-05
1676871886
-5.321670E-01,-6.942335E-05
1676871888
-5.151408E-01,-6.668574E-05
1676871891
-4.947228E-01,-6.404402E-05
1676871894
-4.808924E-01,-6.192303E-05
1676871896
-4.604475E-01,-5.904153E-05
1676871899
-4.399012E-01,-5.564392E-05
1676871901
-4.262753E-01,-5.360801E-05
1676871904
-4.057445E-01,-5.042592E-05
1676871907
-3.920352E-01,-4.850049E-05
1676871909
-3.715678E-01,-4.560150E-05
1676871912
-3.510880E-01,-4.271669E-05
1676871914
-3.374512E-01,-4.070621E-05
1676871917
-3.170306E-01,-3.802613E-05
1676871920
-2.999185E-01,-3.578465E-05
1676871922
-2.794371E-01,-3.315543E-05
1676871925
-2.622099E-01,-3.078180E-05
1676871927
-2.451978E-01,-2.863746E-05
1676871930
-2.246955E-01,-2.603327E-05
1676871933
-2.110403E-01,-2.436675E-05
1676871935
-1.906006E-01,-2.188847E-05
1676871938
-1.700449E-01,-1.941893E-05
1676871940
-1.563214E-01,-1.795339E-05
1676871943
-1.359258E-01,-1.547676E-05
1676871946
-1.222665E-01,-1.393493E-05
1676871948
-1.018400E-01,-1.155836E-05
1676871951
-8.140108E-02,-9.190143E-06
1676871953
-6.420060E-02,-7.290567E-06
1676871956
-4.710682E-02,-5.331780E-06
1676871958
-2.994969E-02,-3.332971E-06
1676871961
-9.505741E-03,-9.501841E-07
1676871964
+1.007658E-02,+1.444069E-06
1676871966
+2.722618E-02,+3.546490E-06
1676871969
+4.416398E-02,+5.671844E-06
1676871971
+6.112346E-02,+7.890997E-06
1676871974
+8.169552E-02,+1.053081E-05
1676871977
+1.019973E-01,+1.303053E-05
1676871979
+1.156812E-01,+1.449761E-05
1676871982
+1.362141E-01,+1.685143E-05
1676871984
+1.498470E-01,+1.862241E-05
1676871987
+1.702781E-01,+2.100749E-05
1676871990
+1.908718E-01,+2.364062E-05
1676871992
+2.045465E-01,+2.494260E-05
1676871995
+2.251294E-01,+2.710590E-05
1676871997
+2.422557E-01,+2.926877E-05
1676872000
+2.594262E-01,+3.158549E-05
1676872003
+2.798532E-01,+3.379714E-05
1676872005
+2.969009E-01,+3.561147E-05
1676872008
+3.172828E-01,+3.758382E-05
1676872010
+3.310200E-01,+3.941026E-05
1676872013
+3.514937E-01,+4.243945E-05
1676872015
+3.719074E-01,+4.642002E-05
1676872018
+3.855736E-01,+4.907566E-05
1676872021
+4.060564E-01,+5.409513E-05
1676872023
+4.198771E-01,+5.819243E-05
1676872026
+4.403065E-01,+6.642868E-05
1676872028
+4.607668E-01,+7.786632E-05
1676872031
+4.744449E-01,+8.776561E-05
1676872034
+4.949059E-01,+1.074620E-04
1676872036
+5.120115E-01,+1.292167E-04
1676872039
+5.324057E-01,+1.687600E-04
1676872041
+5.494421E-01,+2.169899E-04
1676872044
+5.665166E-01,+2.872612E-04
1676872047
+5.869886E-01,+4.140408E-04
1676872049
+6.006950E-01,+5.371404E-04
1676872052
+6.213154E-01,+8.135326E-04
1676872054
+6.418105E-01,+1.252119E-03
1676872057
+6.555219E-01,+1.674046E-03
1676872060
+6.759162E-01,+2.608641E-03
1676872062
+6.896708E-01,+3.487599E-03
1676872065
+7.101465E-01,+5.358148E-03
1676872067
+7.307744E-01,+8.048397E-03
1676872070
+7.478064E-01,+1.100742E-02
1676872072
+7.649959E-01,+1.473957E-02
1676872075
+7.821056E-01,+1.925124E-02
