1688732310
-1.995784E+00,-1.932777E-02
1688732314
-1.968477E+00,-1.937874E-02
1688732317
-1.937719E+00,-1.933342E-02
1688732321
-1.906980E+00,-1.927127E-02
1688732324
-1.876127E+00,-1.929189E-02
1688732328
-1.845485E+00,-1.926087E-02
1688732331
-1.818068E+00,-1.921544E-02
1688732335
-1.787264E+00,-1.907059E-02
1688732339
-1.756592E+00,-1.908904E-02
1688732342
-1.725858E+00,-1.900050E-02
1688732346
-1.695128E+00,-1.893018E-02
1688732349
-1.667826E+00,-1.887489E-02
1688732353
-1.637138E+00,-1.877723E-02
1688732357
-1.606469E+00,-1.874291E-02
1688732360
-1.575789E+00,-1.874081E-02
1688732364
-1.544948E+00,-1.861726E-02
1688732367
-1.517655E+00,-1.848797E-02
1688732371
-1.486967E+00,-1.849532E-02
1688732374
-1.456049E+00,-1.841387E-02
1688732378
-1.425288E+00,-1.823474E-02
1688732382
-1.397959E+00,-1.838131E-02
1688732385
-1.367300E+00,-1.821523E-02
1688732389
-1.336519E+00,-1.820512E-02
1688732392
-1.305775E+00,-1.815369E-02
1688732396
-1.275003E+00,-1.803675E-02
1688732400
-1.247721E+00,-1.800368E-02
1688732403
-1.216929E+00,-1.790005E-02
1688732407
-1.186219E+00,-1.796158E-02
1688732410
-1.155482E+00,-1.794189E-02
1688732414
-1.124703E+00,-1.786499E-02
1688732417
-1.097422E+00,-1.781471E-02
1688732421
-1.066604E+00,-1.775103E-02
1688732425
-1.035871E+00,-1.769100E-02
1688732428
-1.004902E+00,-1.762171E-02
1688732432
-9.742122E-01,-1.765234E-02
1688732435
-9.469593E-01,-1.769407E-02
1688732439
-9.161912E-01,-1.770221E-02
1688732443
-8.854690E-01,-1.765185E-02
1688732446
-8.546787E-01,-1.753217E-02
1688732450
-8.273066E-01,-1.746293E-02
1688732453
-7.965522E-01,-1.748632E-02
1688732457
-7.659045E-01,-1.743185E-02
1688732460
-7.352269E-01,-1.726250E-02
1688732464
-7.044961E-01,-1.726859E-02
1688732468
-6.771069E-01,-1.727026E-02
1688732471
-6.464337E-01,-1.718384E-02
1688732475
-6.155878E-01,-1.713528E-02
1688732478
-5.847433E-01,-1.715985E-02
1688732482
-5.540059E-01,-1.714769E-02
1688732486
-5.267754E-01,-1.704325E-02
1688732489
-4.961486E-01,-1.691646E-02
1688732493
-4.653901E-01,-1.686070E-02
1688732496
-4.346282E-01,-1.681639E-02
1688732500
-4.037914E-01,-1.670815E-02
1688732503
-3.764516E-01,-1.668873E-02
1688732507
-3.457424E-01,-1.668520E-02
1688732511
-3.150263E-01,-1.656518E-02
1688732514
-2.843370E-01,-1.655242E-02
1688732518
-2.569047E-01,-1.651422E-02
1688732521
-2.261453E-01,-1.632353E-02
1688732525
-1.953692E-01,-1.615460E-02
1688732529
-1.646799E-01,-1.617551E-02
1688732532
-1.338254E-01,-1.601961E-02
1688732536
-1.065541E-01,-1.590973E-02
1688732539
-7.577299E-02,-1.579539E-02
1688732543
-4.492934E-02,-1.561802E-02
1688732546
-1.413490E-02,-1.541470E-02
1688732550
+1.015875E-02,-1.528956E-02
1688732554
+4.079757E-02,-1.502123E-02
1688732557
+7.140136E-02,-1.475837E-02
1688732561
+1.020143E-01,-1.447862E-02
1688732564
+1.294039E-01,-1.420402E-02
1688732568
+1.601178E-01,-1.376570E-02
1688732572
+1.908333E-01,-1.321635E-02
1688732575
+2.216474E-01,-1.247436E-02
1688732579
+2.490495E-01,-1.153342E-02
1688732582
+2.798543E-01,-1.013895E-02
1688732586
+3.105724E-01,-8.334525E-03
1688732590
+3.413222E-01,-6.029463E-03
1688732593
+3.720903E-01,-3.312371E-03
1688732597
+3.993748E-01,-5.133064E-04
1688732600
+4.302939E-01,+3.065178E-03
1688732604
+4.609922E-01,+6.857092E-03
1688732607
+4.918061E-01,+1.094305E-02
1688732611
+5.226827E-01,+1.535111E-02
1688732615
+5.500489E-01,+1.957558E-02
1688732618
+5.809389E-01,+2.466427E-02
1688732622
+6.116279E-01,+3.019936E-02
1688732625
+6.425697E-01,+3.639748E-02
1688732629
+6.734714E-01,+4.323409E-02
1688732633
+7.008310E-01,+4.999566E-02
1688732636
+7.318727E-01,+5.825789E-02
1688732640
+7.627251E-01,+6.737525E-02
1688732643
+7.935683E-01,+7.734907E-02
1688732647
+8.244489E-01,+8.826317E-02
1688732650
+8.519278E-01,+9.903454E-02
1688732654
+8.485012E-01,+1.000003E-01
1688732658
+8.456933E-01,+1.000003E-01
1688732661
+8.434390E-01,+1.000003E-01
1688732665
+8.416910E-01,+1.000003E-01
