1678325750
-1.000631E+00,-1.721084E-02
1678325753
-9.324459E-01,-1.716346E-02
1678325755
-8.675880E-01,-1.711380E-02
1678325758
-7.958580E-01,-1.705937E-02
1678325760
-7.310630E-01,-1.702029E-02
1678325763
-6.627557E-01,-1.695789E-02
1678325766
-5.908900E-01,-1.693625E-02
1678325768
-5.261480E-01,-1.690414E-02
1678325771
-4.577560E-01,-1.687562E-02
1678325773
-3.928815E-01,-1.684308E-02
1678325776
-3.213051E-01,-1.681013E-02
1678325779
-2.529055E-01,-1.678069E-02
1678325781
-1.880511E-01,-1.675838E-02
1678325784
-1.164180E-01,-1.672592E-02
1678325786
-5.148099E-02,-1.670687E-02
1678325789
+2.021361E-02,-1.667592E-02
1678325791
+9.180140E-02,-1.665548E-02
1678325794
+1.565986E-01,-1.663192E-02
1678325797
+2.250800E-01,-1.660518E-02
1678325799
+2.899640E-01,-1.657165E-02
1678325802
+3.616152E-01,-1.649597E-02
1678325804
+4.299338E-01,-1.638553E-02
1678325807
+4.947571E-01,-1.613613E-02
1678325810
+5.664981E-01,-1.538375E-02
1678325812
+6.315153E-01,-1.324574E-02
1678325815
+6.990078E-01,-6.632247E-03
1678325817
+7.719190E-01,+1.027975E-02
1678325820
+8.370538E-01,+3.235017E-02
1678325823
+9.059234E-01,+6.028911E-02
1678325825
+9.713115E-01,+8.995499E-02
