1678990403
-9.983720E-01,-1.923107E-02
1678990405
-9.301412E-01,-1.913206E-02
1678990408
-8.652191E-01,-1.905792E-02
1678990410
-7.934445E-01,-1.896078E-02
1678990413
-7.286267E-01,-1.888671E-02
1678990416
-6.603374E-01,-1.880977E-02
1678990418
-5.884212E-01,-1.874130E-02
1678990421
-5.236776E-01,-1.866691E-02
1678990423
-4.553159E-01,-1.860897E-02
1678990426
-3.904029E-01,-1.854284E-02
1678990429
-3.187910E-01,-1.848833E-02
1678990431
-2.502491E-01,-1.842717E-02
1678990434
-1.853880E-01,-1.837457E-02
1678990436
-1.137619E-01,-1.832250E-02
1678990439
-4.876049E-02,-1.825345E-02
1678990442
+2.037990E-02,-1.820189E-02
1678990444
+9.183969E-02,-1.814993E-02
1678990447
+1.565794E-01,-1.808842E-02
1678990449
+2.250011E-01,-1.799888E-02
1678990452
+2.899895E-01,-1.792394E-02
1678990455
+3.617136E-01,-1.781640E-02
1678990457
+4.300085E-01,-1.766345E-02
1678990460
+4.948210E-01,-1.738995E-02
1678990462
+5.664926E-01,-1.656645E-02
1678990465
+6.315078E-01,-1.402432E-02
1678990468
+6.998991E-01,-6.201273E-03
1678990470
+7.719839E-01,+1.082776E-02
1678990473
+8.370811E-01,+3.227998E-02
1678990475
+9.059282E-01,+5.905811E-02
1678990478
+9.713549E-01,+8.829211E-02
