1685088562
-1.998831E+00,-1.663297E-02
1685088565
-1.971426E+00,-1.666536E-02
1685088569
-1.940721E+00,-1.662794E-02
1685088572
-1.909926E+00,-1.655071E-02
1685088576
-1.879179E+00,-1.651332E-02
1685088579
-1.848572E+00,-1.646257E-02
1685088583
-1.821184E+00,-1.641861E-02
1685088587
-1.790447E+00,-1.636690E-02
1685088590
-1.759714E+00,-1.631833E-02
1685088594
-1.729034E+00,-1.626690E-02
1685088597
-1.698222E+00,-1.618607E-02
1685088601
-1.670991E+00,-1.613565E-02
1685088605
-1.640358E+00,-1.607895E-02
1685088608
-1.609560E+00,-1.603717E-02
1685088612
-1.578866E+00,-1.597704E-02
1685088615
-1.548035E+00,-1.590959E-02
1685088619
-1.520743E+00,-1.585221E-02
1685088622
-1.490003E+00,-1.577209E-02
1685088626
-1.459131E+00,-1.572613E-02
1685088630
-1.428387E+00,-1.566998E-02
1685088633
-1.401128E+00,-1.559686E-02
1685088637
-1.370384E+00,-1.552817E-02
1685088640
-1.339557E+00,-1.547815E-02
1685088644
-1.308826E+00,-1.542373E-02
1685088648
-1.278170E+00,-1.536164E-02
1685088651
-1.250840E+00,-1.529077E-02
1685088655
-1.220152E+00,-1.523332E-02
1685088658
-1.189419E+00,-1.518211E-02
1685088662
-1.158635E+00,-1.511657E-02
1685088665
-1.127900E+00,-1.513290E-02
1685088669
-1.100673E+00,-1.511032E-02
1685088673
-1.069892E+00,-1.502492E-02
1685088676
-1.039046E+00,-1.495452E-02
1685088680
-1.008141E+00,-1.485105E-02
1685088683
-9.774169E-01,-1.478735E-02
1685088687
-9.500906E-01,-1.472676E-02
1685088691
-9.194448E-01,-1.464098E-02
1685088694
-8.887930E-01,-1.454333E-02
1685088698
-8.579847E-01,-1.447918E-02
1685088701
-8.306482E-01,-1.442138E-02
1685088705
-7.998680E-01,-1.433108E-02
1685088708
-7.691199E-01,-1.423338E-02
1685088712
-7.384633E-01,-1.416329E-02
1685088716
-7.077408E-01,-1.407448E-02
1685088719
-6.804410E-01,-1.399072E-02
1685088723
-6.496711E-01,-1.389683E-02
1685088726
-6.188626E-01,-1.380144E-02
1685088730
-5.880674E-01,-1.367447E-02
1685088734
-5.573699E-01,-1.360012E-02
1685088737
-5.299861E-01,-1.350222E-02
1685088741
-4.992284E-01,-1.340262E-02
1685088744
-4.685359E-01,-1.331702E-02
1685088748
-4.377794E-01,-1.318995E-02
1685088751
-4.070909E-01,-1.304852E-02
1685088755
-3.797679E-01,-1.295544E-02
1685088759
-3.491122E-01,-1.283096E-02
1685088762
-3.184256E-01,-1.268018E-02
1685088766
-2.876288E-01,-1.255616E-02
1685088769
-2.601849E-01,-1.240073E-02
1685088773
-2.294974E-01,-1.225444E-02
1685088777
-1.987066E-01,-1.208537E-02
1685088780
-1.679382E-01,-1.191002E-02
1685088784
-1.372632E-01,-1.170466E-02
1685088787
-1.099769E-01,-1.151806E-02
1685088791
-7.927778E-02,-1.129460E-02
1685088794
-4.845688E-02,-1.100879E-02
1685088798
-1.758176E-02,-1.066314E-02
1685088802
+1.102460E-02,-1.030925E-02
1685088805
+4.032386E-02,-9.884294E-03
1685088809
+7.105502E-02,-9.304720E-03
1685088812
+1.017737E-01,-8.590051E-03
1685088816
+1.291798E-01,-7.808414E-03
1685088820
+1.599977E-01,-6.798462E-03
1685088823
+1.910758E-01,-5.635629E-03
1685088827
+2.220204E-01,-4.339062E-03
1685088830
+2.497419E-01,-3.096406E-03
1685088834
+2.806997E-01,-1.638858E-03
1685088837
+3.115152E-01,-1.423909E-04
1685088841
+3.427008E-01,+1.479368E-03
1685088845
+3.736388E-01,+3.116394E-03
1685088848
+4.011159E-01,+4.672309E-03
1685088852
+4.323041E-01,+6.580125E-03
1685088855
+4.634181E-01,+8.722496E-03
1685088859
+4.925212E-01,+1.086830E-02
1685088863
+5.235127E-01,+1.349798E-02
1685088866
+5.509062E-01,+1.615302E-02
1685088870
+5.816115E-01,+1.943560E-02
1685088873
+6.123127E-01,+2.315476E-02
1685088877
+6.433581E-01,+2.737724E-02
1685088880
+6.741529E-01,+3.201704E-02
1685088884
+7.015555E-01,+3.664476E-02
1685088888
+7.324149E-01,+4.216620E-02
1685088891
+7.631613E-01,+4.828414E-02
1685088895
+7.940081E-01,+5.492773E-02
1685088898
+8.249196E-01,+6.208494E-02
1685088902
+8.524199E-01,+6.897983E-02
1685088906
+8.832145E-01,+7.695087E-02
1685088909
+9.140481E-01,+8.543760E-02
1685088913
+9.448925E-01,+9.444527E-02
1685088916
+9.616609E-01,+9.999940E-02
