1684997364
-1.997128E+00,-1.975471E-02
1684997367
-1.969820E+00,-1.966436E-02
1684997371
-1.939111E+00,-1.962770E-02
1684997375
-1.908326E+00,-1.949289E-02
1684997378
-1.877629E+00,-1.944510E-02
1684997382
-1.846962E+00,-1.936176E-02
1684997385
-1.819580E+00,-1.933941E-02
1684997389
-1.788807E+00,-1.922319E-02
1684997393
-1.758108E+00,-1.916766E-02
1684997396
-1.727398E+00,-1.912619E-02
1684997400
-1.696691E+00,-1.904838E-02
1684997403
-1.669343E+00,-1.902501E-02
1684997407
-1.638701E+00,-1.891444E-02
1684997410
-1.607910E+00,-1.885678E-02
1684997414
-1.577187E+00,-1.881362E-02
1684997418
-1.546359E+00,-1.874146E-02
1684997421
-1.519041E+00,-1.866713E-02
1684997425
-1.488382E+00,-1.866332E-02
1684997428
-1.457452E+00,-1.862590E-02
1684997432
-1.426759E+00,-1.855114E-02
1684997436
-1.399445E+00,-1.849789E-02
1684997439
-1.368762E+00,-1.843218E-02
1684997443
-1.337953E+00,-1.838319E-02
1684997446
-1.307214E+00,-1.835760E-02
1684997450
-1.276418E+00,-1.829276E-02
1684997453
-1.249147E+00,-1.824531E-02
1684997457
-1.218445E+00,-1.818437E-02
1684997461
-1.187762E+00,-1.813694E-02
1684997464
-1.157071E+00,-1.810440E-02
1684997468
-1.126266E+00,-1.803569E-02
1684997471
-1.099002E+00,-1.801396E-02
1684997475
-1.068206E+00,-1.796802E-02
1684997479
-1.037448E+00,-1.792806E-02
1684997482
-1.006461E+00,-1.783498E-02
1684997486
-9.757147E-01,-1.783064E-02
1684997489
-9.484318E-01,-1.777870E-02
1684997493
-9.177415E-01,-1.773102E-02
1684997496
-8.870289E-01,-1.768141E-02
1684997500
-8.562927E-01,-1.768219E-02
1684997504
-8.289135E-01,-1.767034E-02
1684997507
-7.982339E-01,-1.758689E-02
1684997511
-7.675678E-01,-1.754572E-02
1684997514
-7.369166E-01,-1.747720E-02
1684997518
-7.061839E-01,-1.745431E-02
1684997522
-6.787816E-01,-1.741700E-02
1684997525
-6.480453E-01,-1.734963E-02
1684997529
-6.172652E-01,-1.729793E-02
1684997532
-5.864379E-01,-1.725652E-02
1684997536
-5.557577E-01,-1.716088E-02
1684997539
-5.284812E-01,-1.714780E-02
1684997543
-4.978200E-01,-1.705271E-02
1684997547
-4.669521E-01,-1.705652E-02
1684997550
-4.361709E-01,-1.704991E-02
1684997554
-4.054198E-01,-1.699884E-02
1684997557
-3.780757E-01,-1.694797E-02
1684997561
-3.473897E-01,-1.686818E-02
1684997565
-3.167619E-01,-1.677224E-02
1684997568
-2.860183E-01,-1.667961E-02
1684997572
-2.585709E-01,-1.659242E-02
1684997575
-2.278797E-01,-1.650226E-02
1684997579
-1.971112E-01,-1.639435E-02
1684997582
-1.662966E-01,-1.627285E-02
1684997586
-1.355622E-01,-1.616492E-02
1684997590
-1.083567E-01,-1.600379E-02
1684997593
-7.761639E-02,-1.587218E-02
1684997597
-4.683774E-02,-1.571436E-02
1684997600
-1.602490E-02,-1.549033E-02
1684997604
+1.010790E-02,-1.533395E-02
1684997608
+4.079261E-02,-1.505033E-02
1684997611
+7.136559E-02,-1.473633E-02
1684997615
+1.019435E-01,-1.437721E-02
1684997618
+1.292923E-01,-1.396942E-02
1684997622
+1.599962E-01,-1.340071E-02
1684997625
+1.908209E-01,-1.261727E-02
1684997629
+2.217150E-01,-1.157586E-02
1684997633
+2.491088E-01,-1.033782E-02
1684997636
+2.786659E-01,-8.683387E-03
1684997640
+3.098353E-01,-6.386783E-03
1684997643
+3.410012E-01,-3.594510E-03
1684997647
+3.714922E-01,-5.346620E-04
1684997651
+4.001228E-01,+2.916622E-03
1684997654
+4.315723E-01,+6.882329E-03
1684997658
+4.610685E-01,+1.070732E-02
1684997661
+4.919526E-01,+1.518629E-02
1684997665
+5.228366E-01,+2.009845E-02
1684997668
+5.501861E-01,+2.484533E-02
1684997672
+5.809783E-01,+3.062006E-02
1684997676
+6.118873E-01,+3.699757E-02
1684997679
+6.427963E-01,+4.398951E-02
1684997683
+6.737270E-01,+5.168863E-02
1684997686
+7.011708E-01,+5.921673E-02
1684997690
+7.321447E-01,+6.821974E-02
1684997694
+7.629976E-01,+7.800908E-02
1684997697
+7.939101E-01,+8.860438E-02
1684997701
+8.242939E-01,+9.989504E-02
1684997704
+8.193341E-01,+9.999970E-02
1684997708
+8.167069E-01,+9.999970E-02
1684997711
+8.146362E-01,+9.999973E-02
1684997715
+8.129849E-01,+9.999970E-02
1684997719
+8.115343E-01,+9.999967E-02
