1677001258
-5.654228E-02,-1.000015E-01
1677001260
-5.651143E-02,-1.000016E-01
1677001263
-5.655979E-02,-1.000015E-01
1677001266
-5.652145E-02,-1.000016E-01
1677001268
-5.658315E-02,-1.000015E-01
1677001271
-5.655063E-02,-1.000015E-01
1677001273
-5.655814E-02,-1.000015E-01
1677001276
-5.656480E-02,-1.000015E-01
1677001278
-5.654645E-02,-1.000015E-01
1677001281
-5.656397E-02,-1.000016E-01
1677001284
-5.658316E-02,-1.000016E-01
1677001286
-5.660899E-02,-1.000015E-01
-5.649051E-02,-1.000017E-01
-5.651635E-02,-1.000017E-01
-5.649383E-02,-1.000017E-01
-5.644798E-02,-1.000017E-01
-5.639543E-02,-1.000016E-01
-5.634539E-02,-1.000017E-01
-5.637291E-02,-1.000017E-01
-5.636457E-02,-1.000017E-01
-5.635124E-02,-1.000017E-01
-5.626699E-02,-1.000017E-01
-5.627868E-02,-1.000017E-01
