1676999693
-9.971939E-01,-1.742158E-02
1676999695
-9.391839E-01,-1.737239E-02
1676999698
-8.742959E-01,-1.730531E-02
1676999701
-8.128036E-01,-1.727401E-02
1676999703
-7.480251E-01,-1.723088E-02
1676999706
-6.899029E-01,-1.720573E-02
1676999708
-6.284748E-01,-1.716491E-02
1676999711
-5.634694E-01,-1.712819E-02
1676999713
-5.019563E-01,-1.708704E-02
1676999716
-4.370466E-01,-1.705780E-02
1676999719
-3.790290E-01,-1.702577E-02
1676999721
-3.175483E-01,-1.700901E-02
1676999724
-2.526204E-01,-1.697758E-02
1676999726
-1.945801E-01,-1.695072E-02
1676999729
-1.262853E-01,-1.691968E-02
1676999732
-6.820914E-02,-1.691063E-02
1676999734
-6.546747E-03,-1.689429E-02
1676999737
+5.268371E-02,-1.686336E-02
1676999739
+1.139691E-01,-1.684400E-02
1676999742
+1.787996E-01,-1.683422E-02
1676999745
+2.405579E-01,-1.679754E-02
1676999747
+2.986591E-01,-1.674592E-02
1676999750
+3.634054E-01,-1.669840E-02
1676999752
+4.248542E-01,-1.663188E-02
1676999755
+4.897608E-01,-1.646513E-02
1676999757
+5.478320E-01,-1.603750E-02
1676999760
+6.092752E-01,-1.462663E-02
1676999763
+6.729248E-01,-1.010132E-02
1676999765
+7.364977E-01,+1.414073E-03
1676999768
+8.012981E-01,+2.000056E-02
