1677006106
-9.981798E-01,-1.837303E-02
1677006108
-9.300327E-01,-1.837979E-02
1677006111
-8.651310E-01,-1.834275E-02
1677006114
-7.933902E-01,-1.833520E-02
1677006116
-7.286296E-01,-1.831168E-02
1677006119
-6.602674E-01,-1.828757E-02
1677006121
-5.883565E-01,-1.826258E-02
1677006124
-5.235834E-01,-1.824653E-02
1677006127
-4.553020E-01,-1.823393E-02
1677006129
-3.904004E-01,-1.819742E-02
1677006132
-3.188263E-01,-1.816579E-02
1677006134
-2.504817E-01,-1.815251E-02
1677006137
-1.855592E-01,-1.812970E-02
1677006140
-1.138526E-01,-1.809437E-02
1677006142
-4.885333E-02,-1.809150E-02
1677006145
+1.924756E-02,-1.806418E-02
1677006147
+9.065691E-02,-1.802466E-02
1677006150
+1.554455E-01,-1.799965E-02
1677006152
+2.239394E-01,-1.795876E-02
1677006155
+2.889389E-01,-1.792929E-02
1677006158
+3.605808E-01,-1.786634E-02
1677006160
+4.288478E-01,-1.777297E-02
1677006163
+4.937401E-01,-1.759128E-02
1677006165
+5.654311E-01,-1.699929E-02
1677006168
+6.303621E-01,-1.520927E-02
1677006171
+6.975060E-01,-8.915269E-03
1677006173
+7.709141E-01,+1.124463E-02
1677006176
+8.362224E-01,+4.150713E-02
1677006178
+9.052482E-01,+8.255321E-02
1677006181
+9.298006E-01,+9.999935E-02
