1678989696
-9.981933E-01,-1.882030E-02
1678989698
-9.300235E-01,-1.874687E-02
1678989701
-8.651666E-01,-1.868499E-02
1678989703
-7.934396E-01,-1.858447E-02
1678989706
-7.286202E-01,-1.852165E-02
1678989709
-6.602654E-01,-1.844056E-02
1678989711
-5.884248E-01,-1.838666E-02
1678989714
-5.236271E-01,-1.832508E-02
1678989716
-4.553081E-01,-1.825072E-02
1678989719
-3.904160E-01,-1.819239E-02
1678989722
-3.188275E-01,-1.812115E-02
1678989724
-2.504392E-01,-1.805945E-02
1678989727
-1.855321E-01,-1.800741E-02
1678989729
-1.138034E-01,-1.795457E-02
1678989732
-4.884970E-02,-1.790623E-02
1678989735
+2.024144E-02,-1.783619E-02
1678989737
+9.165613E-02,-1.777503E-02
1678989740
+1.564951E-01,-1.770704E-02
1678989742
+2.250376E-01,-1.762653E-02
1678989745
+2.900251E-01,-1.752192E-02
1678989748
+3.617575E-01,-1.740951E-02
1678989750
+4.299649E-01,-1.727657E-02
1678989753
+4.948598E-01,-1.702208E-02
1678989755
+5.665146E-01,-1.629789E-02
1678989758
+6.315646E-01,-1.387559E-02
1678989760
+6.999605E-01,-6.950004E-03
1678989763
+7.719947E-01,+7.518215E-03
1678989766
+8.371098E-01,+2.574088E-02
1678989768
+9.057962E-01,+4.852128E-02
1678989771
+9.711149E-01,+7.331485E-02
