1678329350
-1.000645E+00,-1.812487E-02
1678329353
-9.325133E-01,-1.810401E-02
1678329355
-8.676540E-01,-1.810417E-02
1678329358
-7.960218E-01,-1.806742E-02
1678329361
-7.311723E-01,-1.804024E-02
1678329363
-6.628085E-01,-1.801964E-02
1678329366
-5.909212E-01,-1.799751E-02
1678329368
-5.261444E-01,-1.796946E-02
1678329371
-4.578173E-01,-1.796023E-02
1678329374
-3.930071E-01,-1.792403E-02
1678329376
-3.213190E-01,-1.789750E-02
1678329379
-2.528852E-01,-1.787014E-02
1678329381
-1.880075E-01,-1.783926E-02
1678329384
-1.164020E-01,-1.779740E-02
1678329386
-5.139920E-02,-1.777745E-02
1678329389
+2.029197E-02,-1.774986E-02
1678329392
+9.178378E-02,-1.771156E-02
1678329394
+1.566442E-01,-1.766902E-02
1678329397
+2.250780E-01,-1.764264E-02
1678329399
+2.899677E-01,-1.760694E-02
1678329402
+3.616819E-01,-1.754444E-02
1678329405
+4.301341E-01,-1.747597E-02
1678329407
+4.948462E-01,-1.729437E-02
1678329410
+5.665240E-01,-1.673562E-02
1678329412
+6.315588E-01,-1.506516E-02
1678329415
+6.986108E-01,-9.108784E-03
1678329418
1678329420
1678329423
+7.738243E-01,+1.030508E-02
+8.371989E-01,+3.612599E-02
1678329425
+9.545256E-01,+9.999847E-02
