1685117806
-1.998651E+00,-9.568771E-10
1685117810
-1.971504E+00,-1.133516E-09
1685117813
-1.940807E+00,-4.067657E-09
1685117817
-1.909982E+00,-1.724381E-09
1685117820
-1.879238E+00,-1.002068E-09
1685117824
-1.848600E+00,-2.486469E-08
1685117827
-1.821251E+00,-8.357988E-10
1685117831
-1.790370E+00,-8.361617E-10
1685117835
-1.759745E+00,-7.060684E-10
1685117838
-1.729058E+00,-5.548518E-10
1685117842
-1.698289E+00,-5.187009E-10
1685117845
-1.670985E+00,-4.869595E-09
1685117849
-1.640190E+00,-4.968687E-10
1685117853
-1.609556E+00,-4.773714E-10
1685117856
-1.578820E+00,-4.327769E-10
1685117860
-1.547996E+00,-4.637533E-10
1685117863
-1.520755E+00,-4.405076E-10
1685117867
-1.489996E+00,-4.387146E-10
1685117870
-1.459120E+00,-3.885411E-10
1685117874
-1.428406E+00,-3.571687E-10
1685117878
-1.401054E+00,-3.806938E-10
1685117881
-1.370325E+00,-3.703364E-10
1685117885
-1.339579E+00,-4.084596E-10
1685117888
-1.309013E+00,-3.550129E-10
1685117892
-1.278179E+00,-4.010335E-10
1685117896
-1.250780E+00,-3.997700E-10
1685117899
-1.220048E+00,-4.182334E-10
1685117903
-1.189404E+00,-3.955963E-10
1685117906
-1.158680E+00,-3.638193E-10
1685117910
-1.127847E+00,-3.554843E-10
1685117913
-1.100608E+00,-3.479663E-10
1685117917
-1.069802E+00,-3.232778E-10
1685117921
-1.038987E+00,-3.242868E-10
1685117924
-1.008120E+00,-2.997692E-10
1685117928
-9.774272E-01,-2.650193E-10
1685117931
-9.501510E-01,-2.706859E-10
1685117935
-9.194576E-01,-2.732003E-10
1685117939
-8.887392E-01,-2.752893E-10
1685117942
-8.580013E-01,-2.537071E-10
1685117946
-8.306156E-01,-2.630597E-10
1685117949
-7.999171E-01,-2.459140E-10
1685117953
-7.692139E-01,-2.469315E-10
1685117956
-7.383943E-01,-2.343265E-10
1685117960
-7.077850E-01,-2.487828E-10
1685117964
-6.803300E-01,-2.360653E-10
1685117967
-6.496024E-01,-2.190906E-10
1685117971
-6.188989E-01,-2.136033E-10
1685117974
-5.879994E-01,-1.982465E-10
1685117978
-5.572985E-01,-1.887439E-10
1685117982
-5.300081E-01,-1.846910E-10
1685117985
-4.992753E-01,-1.833817E-10
1685117989
-4.684785E-01,-1.440952E-10
1685117992
-4.377300E-01,-1.338670E-10
1685117996
-4.070224E-01,-1.250315E-10
1685117999
-3.797184E-01,-1.239516E-10
1685118003
-3.489714E-01,-1.320699E-10
1685118007
-3.182621E-01,-1.123349E-10
1685118010
-2.875885E-01,-1.284715E-10
1685118014
-2.601610E-01,-1.074021E-10
1685118017
-2.294075E-01,-9.957152E-11
1685118021
-1.986605E-01,-8.987705E-11
1685118025
-1.679103E-01,-9.250812E-11
1685118028
-1.371583E-01,-8.032853E-11
1685118032
-1.098427E-01,-8.434809E-11
1685118035
-7.910658E-02,-7.441595E-11
1685118039
-4.833877E-02,-7.085921E-11
1685118042
-1.751511E-02,-6.658113E-11
1685118046
+1.134833E-02,-6.667703E-11
1685118050
+4.198884E-02,-6.558042E-11
1685118053
+7.258432E-02,-5.593597E-11
1685118057
+1.031547E-01,-6.817811E-11
1685118060
+1.305070E-01,-6.438372E-11
1685118064
+1.612467E-01,-5.750794E-11
1685118068
+1.920057E-01,-4.177996E-11
1685118071
+2.229188E-01,-4.569110E-11
1685118075
+2.502378E-01,-3.726846E-11
1685118078
+2.809910E-01,-3.901974E-11
1685118082
+3.117458E-01,-3.848186E-11
1685118086
+3.424554E-01,-4.029145E-11
1685118089
+3.730683E-01,-3.723108E-11
1685118093
+4.003849E-01,-3.819007E-11
1685118096
+4.311198E-01,-3.414567E-11
1685118100
+4.618853E-01,-4.849312E-11
1685118103
+4.926325E-01,-3.224007E-11
1685118107
+5.234066E-01,-3.368281E-11
1685118111
+5.507056E-01,-3.401626E-11
1685118114
+5.814434E-01,-4.587877E-11
1685118118
+6.121552E-01,-2.618622E-11
1685118121
+6.430458E-01,-2.900899E-11
1685118125
+6.737462E-01,-2.508998E-11
1685118129
+7.010152E-01,-2.785418E-11
1685118132
+7.317692E-01,-2.527352E-11
1685118136
+7.625448E-01,-3.103534E-11
1685118139
+7.932743E-01,-2.046195E-11
1685118143
+8.239143E-01,-4.150485E-11
1685118146
+8.510448E-01,-2.323037E-11
1685118150
+8.818453E-01,-1.836493E-11
1685118154
+9.125311E-01,-1.740171E-11
1685118157
+9.431574E-01,-6.053166E-11
1685118161
+9.705256E-01,-3.298688E-11
