1677011815
-9.982854E-01,-1.855876E-02
1677011817
-9.300492E-01,-1.853464E-02
1677011820
-8.651800E-01,-1.851190E-02
1677011823
-7.935134E-01,-1.849998E-02
1677011825
-7.286953E-01,-1.846973E-02
1677011828
-6.603714E-01,-1.843935E-02
1677011830
-5.884389E-01,-1.841847E-02
1677011833
-5.236155E-01,-1.840466E-02
1677011836
-4.553660E-01,-1.836952E-02
1677011838
-3.904370E-01,-1.835429E-02
1677011841
-3.187820E-01,-1.834118E-02
1677011843
-2.502740E-01,-1.831694E-02
1677011846
-1.853732E-01,-1.827763E-02
1677011849
-1.137716E-01,-1.826667E-02
1677011851
-4.882495E-02,-1.823144E-02
1677011854
+1.911495E-02,-1.820827E-02
1677011856
+9.064105E-02,-1.819375E-02
1677011859
+1.555396E-01,-1.815004E-02
1677011862
+2.239751E-01,-1.812040E-02
1677011864
+2.889113E-01,-1.809713E-02
1677011867
+3.605673E-01,-1.806414E-02
1677011869
+4.288936E-01,-1.799066E-02
1677011872
+4.937339E-01,-1.788324E-02
1677011874
+5.655037E-01,-1.749224E-02
1677011877
+6.304663E-01,-1.607474E-02
1677011880
+6.987867E-01,-1.010295E-02
1677011882
1677011885
+7.726322E-01,+1.026263E-02
1677011887
+9.052565E-01,+8.167569E-02
1677011890
+9.292152E-01,+9.999934E-02
