1676547026
-9.970221E-01,-1.860676E-02
1676547029
-9.765349E-01,-1.860430E-02
1676547032
-9.595562E-01,-1.859305E-02
1676547034
-9.390763E-01,-1.857420E-02
1676547037
-9.185856E-01,-1.857772E-02
1676547039
-8.980889E-01,-1.856660E-02
1676547042
-8.776233E-01,-1.855616E-02
1676547044
-8.571350E-01,-1.855157E-02
1676547047
-8.365425E-01,-1.855605E-02
1676547050
-8.195222E-01,-1.854037E-02
1676547052
-7.990874E-01,-1.855264E-02
1676547055
-7.786066E-01,-1.854298E-02
1676547057
-7.581227E-01,-1.852471E-02
1676547060
-7.376336E-01,-1.852999E-02
1676547063
-7.171263E-01,-1.852117E-02
1676547065
-6.966072E-01,-1.851241E-02
1676547068
-6.795952E-01,-1.850258E-02
1676547070
-6.590552E-01,-1.848944E-02
1676547073
-6.385553E-01,-1.847803E-02
1676547076
-6.180828E-01,-1.847620E-02
1676547078
-5.976063E-01,-1.847188E-02
1676547081
-5.770172E-01,-1.845899E-02
1676547083
-5.565558E-01,-1.846263E-02
1676547086
-5.394627E-01,-1.845442E-02
1676547089
-5.189445E-01,-1.843883E-02
1676547091
-4.984805E-01,-1.844036E-02
1676547094
-4.779498E-01,-1.843943E-02
1676547096
-4.574532E-01,-1.842508E-02
1676547099
-4.369717E-01,-1.842232E-02
1676547102
-4.164576E-01,-1.840870E-02
1676547104
-3.993865E-01,-1.840458E-02
1676547107
-3.789082E-01,-1.839620E-02
1676547109
-3.584551E-01,-1.838806E-02
1676547112
-3.380236E-01,-1.837911E-02
1676547114
-3.175480E-01,-1.838361E-02
1676547117
-2.971113E-01,-1.837022E-02
1676547120
-2.766206E-01,-1.834718E-02
1676547122
-2.594210E-01,-1.835999E-02
1676547125
-2.389445E-01,-1.834068E-02
1676547127
-2.185272E-01,-1.834282E-02
1676547130
-1.980098E-01,-1.832030E-02
1676547133
-1.775016E-01,-1.832893E-02
1676547135
-1.570375E-01,-1.831934E-02
1676547138
-1.365318E-01,-1.830989E-02
1676547140
-1.194715E-01,-1.830217E-02
1676547143
-9.900337E-02,-1.829643E-02
1676547146
-7.843924E-02,-1.828735E-02
1676547148
-5.791185E-02,-1.829289E-02
1676547151
-3.733857E-02,-1.827896E-02
1676547153
-1.685203E-02,-1.826738E-02
1676547156
+3.606671E-03,-1.826184E-02
1676547159
+1.915249E-02,-1.826279E-02
1676547161
+3.952693E-02,-1.825484E-02
1676547164
+5.989719E-02,-1.823713E-02
1676547166
+8.039173E-02,-1.821866E-02
1676547169
+1.008137E-01,-1.822679E-02
1676547171
+1.177798E-01,-1.822467E-02
1676547174
+1.383902E-01,-1.821994E-02
1676547177
+1.588255E-01,-1.821761E-02
1676547179
+1.792258E-01,-1.820556E-02
1676547182
+1.998887E-01,-1.819828E-02
1676547184
+2.204292E-01,-1.817284E-02
1676547187
+2.410313E-01,-1.817369E-02
1676547190
+2.581166E-01,-1.815791E-02
1676547192
+2.785968E-01,-1.815305E-02
1676547195
+2.991223E-01,-1.813081E-02
1676547197
+3.195885E-01,-1.811033E-02
1676547200
+3.400721E-01,-1.808990E-02
1676547203
+3.604607E-01,-1.808280E-02
1676547205
+3.808961E-01,-1.804679E-02
1676547208
+3.978970E-01,-1.803202E-02
1676547210
+4.184217E-01,-1.799906E-02
1676547213
+4.389520E-01,-1.794139E-02
1676547216
+4.594474E-01,-1.788745E-02
1676547218
+4.799185E-01,-1.776443E-02
1676547221
+5.004197E-01,-1.772177E-02
1676547223
+5.209600E-01,-1.760500E-02
1676547226
+5.380762E-01,-1.745924E-02
1676547228
+5.585632E-01,-1.720236E-02
1676547231
+5.790377E-01,-1.685509E-02
1676547234
+5.994722E-01,-1.632404E-02
1676547236
+6.201209E-01,-1.553477E-02
1676547239
+6.406097E-01,-1.436553E-02
1676547241
+6.612035E-01,-1.267206E-02
1676547244
+6.782479E-01,-1.075487E-02
1676547247
+6.975398E-01,-8.101469E-03
1676547249
+7.188433E-01,-3.860970E-03
1676547252
+7.404177E-01,+1.898652E-03
1676547254
+7.620974E-01,+8.822414E-03
1676547257
+7.811315E-01,+1.501147E-02
1676547260
+8.017129E-01,+2.307896E-02
1676547262
+8.222896E-01,+3.201414E-02
1676547265
+8.394287E-01,+4.007537E-02
1676547267
+8.601664E-01,+5.040791E-02
1676547270
+8.808562E-01,+6.140969E-02
1676547273
+9.015340E-01,+7.300518E-02
1676547275
+9.221979E-01,+8.519819E-02
1676547278
+9.429300E-01,+9.802607E-02
1676547280
+9.441700E-01,+9.999950E-02
1676547283
+9.428821E-01,+9.999944E-02
