1676950869
-1.000305E+00,-1.858819E-02
1676950871
-9.423313E-01,-1.856323E-02
1676950874
-8.774666E-01,-1.855200E-02
1676950877
-8.160126E-01,-1.854804E-02
1676950879
-7.511878E-01,-1.851558E-02
1676950882
-6.931236E-01,-1.850226E-02
1676950884
-6.316195E-01,-1.849113E-02
1676950887
-5.667198E-01,-1.846668E-02
1676950889
-5.053278E-01,-1.845323E-02
1676950892
-4.403455E-01,-1.843381E-02
1676950895
-3.822804E-01,-1.841149E-02
1676950897
-3.208643E-01,-1.839091E-02
1676950900
-2.559027E-01,-1.837626E-02
1676950902
-1.977942E-01,-1.836145E-02
1676950905
-1.295350E-01,-1.831584E-02
1676950908
-7.149071E-02,-1.830404E-02
1676950910
-9.913572E-03,-1.826745E-02
1676950913
+5.413696E-02,-1.825444E-02
1676950915
+1.154654E-01,-1.823099E-02
1676950918
+1.803054E-01,-1.819712E-02
1676950921
+2.420408E-01,-1.817679E-02
1676950923
+3.000452E-01,-1.815253E-02
1676950926
+3.649344E-01,-1.810355E-02
1676950928
+4.263646E-01,-1.804230E-02
1676950931
+4.912491E-01,-1.792029E-02
1676950933
+5.493193E-01,-1.761742E-02
1676950936
+6.107260E-01,-1.661496E-02
1676950939
+6.758670E-01,-1.248319E-02
1676950941
+7.373954E-01,-1.403909E-03
1676950944
+8.026674E-01,+2.103374E-02
