1676367889
-9.974418E-01,-1.729990E-02
1676367891
-9.292020E-01,-1.727810E-02
1676367894
-8.643117E-01,-1.726799E-02
1676367896
-7.925659E-01,-1.724788E-02
1676367899
-7.278324E-01,-1.721423E-02
1676367901
-6.594424E-01,-1.717861E-02
1676367904
-5.876147E-01,-1.717255E-02
1676367907
-5.227455E-01,-1.712998E-02
1676367909
-4.543172E-01,-1.712104E-02
1676367912
-3.895013E-01,-1.710196E-02
1676367914
-3.178753E-01,-1.707027E-02
1676367917
-2.494279E-01,-1.705441E-02
1676367920
-1.845178E-01,-1.703650E-02
1676367922
-1.128492E-01,-1.701516E-02
1676367925
-4.786060E-02,-1.700144E-02
1676367927
+1.858331E-02,-1.697060E-02
1676367930
+8.997712E-02,-1.692291E-02
1676367933
+1.548250E-01,-1.691351E-02
1676367935
+2.233541E-01,-1.688249E-02
1676367938
+2.883063E-01,-1.684672E-02
1676367940
+3.600645E-01,-1.678311E-02
1676367943
+4.282890E-01,-1.667751E-02
1676367946
+4.931946E-01,-1.645381E-02
1676367948
+5.648894E-01,-1.573845E-02
1676367951
+6.299341E-01,-1.353832E-02
1676367953
+6.973208E-01,-7.047322E-03
1676367956
+7.718427E-01,+8.670246E-03
1676367959
+8.353968E-01,+2.622066E-02
1676367961
+9.041429E-01,+4.870779E-02
1676367964
+9.693456E-01,+7.163338E-02
