1678323792
-1.000625E+00,-1.831441E-02
1678323795
-9.324529E-01,-1.828095E-02
1678323798
-8.675157E-01,-1.826082E-02
1678323800
-7.957548E-01,-1.822869E-02
1678323803
-7.310044E-01,-1.819123E-02
1678323805
-6.626564E-01,-1.817428E-02
1678323808
-5.907896E-01,-1.814727E-02
1678323811
-5.259393E-01,-1.811704E-02
1678323813
-4.576102E-01,-1.806069E-02
1678323816
-3.927499E-01,-1.807248E-02
1678323818
-3.210724E-01,-1.805225E-02
1678323821
-2.526582E-01,-1.801927E-02
1678323823
-1.878054E-01,-1.799589E-02
1678323826
-1.161196E-01,-1.796270E-02
1678323829
-5.113747E-02,-1.792200E-02
1678323831
+2.030123E-02,-1.789783E-02
1678323834
+9.174655E-02,-1.786854E-02
1678323836
+1.565263E-01,-1.782878E-02
1678323839
+2.250154E-01,-1.776924E-02
1678323842
+2.899369E-01,-1.772166E-02
1678323844
+3.616632E-01,-1.763140E-02
1678323847
+4.299096E-01,-1.744508E-02
1678323849
+4.948160E-01,-1.705491E-02
1678323852
+5.664950E-01,-1.604427E-02
1678323855
+6.314864E-01,-1.382238E-02
1678323857
+6.987730E-01,-7.959774E-03
1678323860
+7.732930E-01,+7.828741E-03
1678323862
+8.370562E-01,+2.758122E-02
1678323865
+9.057472E-01,+5.423543E-02
1678323868
+9.711224E-01,+8.290596E-02
