1682918971
-1.998170E+00,-1.638430E-02
1682918973
-1.970922E+00,-1.644681E-02
1682918976
-1.940187E+00,-1.644816E-02
1682918978
-1.909423E+00,-1.643980E-02
1682918981
-1.878675E+00,-1.641183E-02
1682918984
-1.848036E+00,-1.637829E-02
1682918986
-1.820765E+00,-1.633399E-02
1682918989
-1.789990E+00,-1.627036E-02
1682918991
-1.759276E+00,-1.622953E-02
1682918994
-1.728540E+00,-1.619517E-02
1682918997
-1.697777E+00,-1.610350E-02
1682918999
-1.670453E+00,-1.606695E-02
1682919002
-1.639693E+00,-1.597813E-02
1682919004
-1.608905E+00,-1.594066E-02
1682919007
-1.578225E+00,-1.588538E-02
1682919009
-1.547429E+00,-1.579000E-02
1682919012
-1.520117E+00,-1.573525E-02
1682919015
-1.489442E+00,-1.571182E-02
1682919017
-1.458564E+00,-1.563464E-02
1682919020
-1.427779E+00,-1.557685E-02
1682919022
-1.400540E+00,-1.552128E-02
1682919025
-1.369833E+00,-1.546977E-02
1682919028
-1.339107E+00,-1.541552E-02
1682919030
-1.308495E+00,-1.534642E-02
1682919033
-1.277676E+00,-1.529151E-02
1682919035
-1.250338E+00,-1.522873E-02
1682919038
-1.219531E+00,-1.517731E-02
1682919040
-1.188883E+00,-1.509697E-02
1682919043
-1.158136E+00,-1.505814E-02
1682919046
-1.127413E+00,-1.502600E-02
1682919048
-1.100077E+00,-1.495585E-02
1682919051
-1.069249E+00,-1.492004E-02
1682919053
-1.038525E+00,-1.483757E-02
1682919056
-1.007559E+00,-1.475628E-02
1682919059
-9.767895E-01,-1.470165E-02
1682919061
-9.494733E-01,-1.467146E-02
1682919064
-9.187400E-01,-1.459675E-02
1682919066
-8.880524E-01,-1.452158E-02
1682919069
-8.573015E-01,-1.445209E-02
1682919072
-8.299122E-01,-1.438186E-02
1682919074
-7.991989E-01,-1.432572E-02
1682919077
-7.685789E-01,-1.424491E-02
1682919079
-7.379364E-01,-1.418192E-02
1682919082
-7.072422E-01,-1.402053E-02
1682919084
-6.798999E-01,-1.388354E-02
1682919087
-6.490521E-01,-1.395193E-02
1682919090
-6.182530E-01,-1.393436E-02
1682919092
-5.873619E-01,-1.383920E-02
1682919095
-5.566843E-01,-1.375237E-02
1682919097
-5.293736E-01,-1.366806E-02
1682919100
-4.987027E-01,-1.356451E-02
1682919103
-4.679576E-01,-1.343488E-02
1682919105
-4.372126E-01,-1.335035E-02
1682919108
-4.063849E-01,-1.323862E-02
1682919110
-3.790968E-01,-1.312324E-02
1682919113
-3.484777E-01,-1.298870E-02
1682919115
-3.177468E-01,-1.283129E-02
1682919118
-2.869841E-01,-1.268565E-02
1682919120
-2.595234E-01,-1.252386E-02
1682919123
-2.288467E-01,-1.237494E-02
1682919126
-1.980758E-01,-1.216545E-02
1682919128
-1.672689E-01,-1.192095E-02
1682919131
-1.365897E-01,-1.167226E-02
1682919133
-1.093475E-01,-1.141523E-02
1682919136
-7.860075E-02,-1.106919E-02
1682919139
-4.779227E-02,-1.065045E-02
1682919141
-1.697127E-02,-1.013881E-02
1682919144
+1.098546E-02,-9.611560E-03
1682919146
+4.177924E-02,-8.888326E-03
1682919149
+7.258555E-02,-8.014709E-03
1682919151
+1.033643E-01,-7.024797E-03
1682919154
+1.308131E-01,-6.070617E-03
1682919157
+1.617278E-01,-4.935144E-03
1682919159
+1.926976E-01,-3.755903E-03
1682919162
+2.236973E-01,-2.581751E-03
1682919164
+2.512863E-01,-1.566155E-03
1682919167
+2.814163E-01,-5.297204E-04
1682919170
+3.143016E-01,+6.390678E-04
1682919172
+3.441047E-01,+1.551031E-03
1682919175
+3.748558E-01,+2.477581E-03
1682919177
+4.022422E-01,+3.299898E-03
1682919180
+4.331627E-01,+4.234783E-03
1682919182
+4.641334E-01,+5.208674E-03
1682919185
+4.949771E-01,+6.245594E-03
1682919188
+5.259193E-01,+7.380871E-03
1682919190
+5.534407E-01,+8.539968E-03
1682919193
+5.843070E-01,+9.950822E-03
1682919195
+6.134221E-01,+1.139742E-02
1682919198
+6.443667E-01,+1.317618E-02
1682919201
+6.750855E-01,+1.518365E-02
1682919203
+7.023540E-01,+1.725024E-02
1682919206
+7.332513E-01,+1.971338E-02
1682919208
+7.639993E-01,+2.250685E-02
1682919211
+7.948398E-01,+2.560565E-02
1682919213
+8.255634E-01,+2.904063E-02
1682919216
+8.529454E-01,+3.244390E-02
1682919218
+8.837392E-01,+3.670625E-02
1682919221
+9.145064E-01,+4.106255E-02
1682919224
+9.453285E-01,+4.569688E-02
1682919226
+9.728063E-01,+5.023556E-02
