1683553333
-8.844876E-04,+4.834598E-06
1683553337
+2.639386E-02,+2.792356E-05
1683553341
+5.025690E-02,+4.824524E-05
1683553344
+7.405984E-02,+6.890962E-05
1683553348
+1.012272E-01,+9.269903E-05
1683553351
+1.252144E-01,+1.140163E-04
1683553355
+1.491083E-01,+1.361471E-04
1683553358
+1.764458E-01,+1.636507E-04
1683553362
+2.003514E-01,+1.921079E-04
1683553366
+2.243887E-01,+2.297341E-04
1683553369
+2.483601E-01,+2.856168E-04
1683553373
+2.756275E-01,+3.942293E-04
1683553376
+2.996131E-01,+5.586137E-04
1683553380
+3.234244E-01,+8.198407E-04
1683553384
+3.508436E-01,+1.281242E-03
1683553387
+3.747540E-01,+1.843942E-03
1683553391
+3.985871E-01,+2.559623E-03
1683553394
+4.259311E-01,+3.564541E-03
1683553398
+4.499751E-01,+4.602559E-03
1683553401
+4.738655E-01,+5.774972E-03
1683553405
+5.011255E-01,+7.278312E-03
1683553409
+5.250943E-01,+8.791089E-03
1683553412
+5.489730E-01,+1.045775E-02
1683553416
+5.763220E-01,+1.255775E-02
1683553419
+6.002677E-01,+1.466606E-02
1683553423
+6.243464E-01,+1.703366E-02
1683553427
+6.517768E-01,+1.994451E-02
1683553430
+6.756251E-01,+2.291623E-02
1683553434
+6.995651E-01,+2.619378E-02
1683553437
+7.269992E-01,+3.021246E-02
1683553441
+7.510004E-01,+3.433948E-02
1683553444
+7.749652E-01,+3.877594E-02
1683553448
+8.024593E-01,+4.424816E-02
1683553451
+8.263472E-01,+4.959201E-02
1683553455
+8.502505E-01,+5.538203E-02
1683553459
+8.777270E-01,+6.233543E-02
1683553462
+9.016994E-01,+6.922691E-02
1683553466
+9.257356E-01,+7.651227E-02
1683553469
+9.531890E-01,+8.502886E-02
1683553473
+9.772709E-01,+9.335276E-02
