1677009249
-9.981934E-01,-1.682558E-02
1677009252
-9.300114E-01,-1.680670E-02
1677009254
-8.651499E-01,-1.675639E-02
1677009257
-7.934335E-01,-1.668958E-02
1677009259
-7.285811E-01,-1.664181E-02
1677009262
-6.602023E-01,-1.658781E-02
1677009264
-5.884609E-01,-1.651059E-02
1677009267
-5.236083E-01,-1.644745E-02
1677009270
-4.552463E-01,-1.636761E-02
1677009272
-3.903814E-01,-1.632703E-02
1677009275
-3.186808E-01,-1.627003E-02
1677009277
-2.503346E-01,-1.622484E-02
1677009280
-1.854514E-01,-1.616057E-02
1677009283
-1.138224E-01,-1.610780E-02
1677009285
-4.882991E-02,-1.603762E-02
1677009288
+1.933092E-02,-1.598817E-02
1677009290
+9.072768E-02,-1.593430E-02
1677009293
+1.555920E-01,-1.587624E-02
1677009296
+2.240741E-01,-1.579210E-02
1677009298
+2.889335E-01,-1.573139E-02
1677009301
+3.605854E-01,-1.562872E-02
1677009303
+4.289732E-01,-1.549491E-02
1677009306
+4.938000E-01,-1.525834E-02
1677009308
+5.654719E-01,-1.455235E-02
1677009311
+6.305498E-01,-1.253273E-02
1677009314
+6.980721E-01,-6.050081E-03
1677009316
+7.710248E-01,+1.234583E-02
1677009319
+8.362470E-01,+3.816111E-02
1677009321
+9.050944E-01,+7.227091E-02
1677009324
+9.513074E-01,+9.999931E-02
