1685352522
-1.997297E+00,-5.635736E-04
1685352526
-1.969956E+00,-5.270896E-04
1685352529
-1.939324E+00,-5.005101E-04
1685352533
-1.908488E+00,-4.765435E-04
1685352536
-1.877787E+00,-4.553855E-04
1685352540
-1.847057E+00,-4.380295E-04
1685352544
-1.819713E+00,-4.207977E-04
1685352547
-1.788902E+00,-4.034268E-04
1685352551
-1.758223E+00,-3.872487E-04
1685352554
-1.727497E+00,-3.714444E-04
1685352558
-1.696774E+00,-3.570804E-04
1685352561
-1.669507E+00,-3.439853E-04
1685352565
-1.638816E+00,-3.305858E-04
1685352569
-1.608062E+00,-3.176189E-04
1685352572
-1.577382E+00,-3.058143E-04
1685352576
-1.546601E+00,-2.942293E-04
1685352579
-1.519286E+00,-2.842905E-04
1685352583
-1.488561E+00,-2.738405E-04
1685352587
-1.457703E+00,-2.634214E-04
1685352590
-1.426991E+00,-2.532937E-04
1685352594
-1.399645E+00,-2.439599E-04
1685352597
-1.368963E+00,-2.344890E-04
1685352601
-1.338189E+00,-2.252124E-04
1685352604
-1.307542E+00,-2.163490E-04
1685352608
-1.276739E+00,-2.077791E-04
1685352612
-1.249459E+00,-2.003079E-04
1685352615
-1.218626E+00,-1.919895E-04
1685352619
-1.187942E+00,-1.841202E-04
1685352622
-1.157218E+00,-1.764105E-04
1685352626
-1.126500E+00,-1.690561E-04
1685352630
-1.099175E+00,-1.623805E-04
1685352633
-1.068388E+00,-1.549989E-04
1685352637
-1.037591E+00,-1.480924E-04
1685352640
-1.006661E+00,-1.410869E-04
1685352644
-9.759859E-01,-1.345723E-04
1685352647
-9.486802E-01,-1.288800E-04
1685352651
-9.180219E-01,-1.227172E-04
1685352655
-8.872412E-01,-1.167884E-04
1685352658
-8.565513E-01,-1.107758E-04
1685352662
-8.291743E-01,-1.056463E-04
1685352665
-7.984286E-01,-1.000047E-04
1685352669
-7.677140E-01,-9.452003E-05
1685352673
-7.371399E-01,-8.932756E-05
1685352676
-7.063711E-01,-8.408427E-05
1685352680
-6.789910E-01,-7.958608E-05
1685352683
-6.483069E-01,-7.477930E-05
1685352687
-6.175011E-01,-6.993001E-05
1685352690
-5.865771E-01,-6.531756E-05
1685352694
-5.559474E-01,-6.080352E-05
1685352698
-5.286565E-01,-5.687866E-05
1685352701
-4.980015E-01,-5.247133E-05
1685352705
-4.671236E-01,-4.837387E-05
1685352708
-4.363486E-01,-4.436391E-05
1685352712
-4.055881E-01,-4.048741E-05
1685352716
-3.782555E-01,-3.710960E-05
1685352719
-3.476082E-01,-3.339904E-05
1685352723
-3.169827E-01,-2.978814E-05
1685352726
-2.862154E-01,-2.634236E-05
1685352730
-2.588443E-01,-2.342611E-05
1685352733
-2.280169E-01,-2.024635E-05
1685352737
-1.973281E-01,-1.717084E-05
1685352741
-1.665033E-01,-1.423334E-05
1685352744
-1.358436E-01,-1.142801E-05
1685352748
-1.085109E-01,-9.014625E-06
1685352751
-7.786623E-02,-6.467396E-06
1685352755
-4.699386E-02,-4.001061E-06
1685352759
-1.618490E-02,-1.575172E-06
1685352762
+1.076559E-02,+5.478313E-07
1685352766
+4.137972E-02,+2.988493E-06
1685352769
+7.207058E-02,+5.683895E-06
1685352773
+1.026113E-01,+8.973412E-06
1685352776
+1.299713E-01,+1.309301E-05
1685352780
+1.608047E-01,+2.096908E-05
1685352784
+1.915598E-01,+3.705018E-05
1685352787
+2.223207E-01,+7.284545E-05
1685352791
+2.497131E-01,+1.403676E-04
1685352794
+2.803949E-01,+2.934289E-04
1685352798
+3.111891E-01,+5.874500E-04
1685352802
+3.418892E-01,+1.090620E-03
1685352805
+3.726042E-01,+1.874017E-03
1685352809
+3.999000E-01,+2.849538E-03
1685352812
+4.307026E-01,+4.286037E-03
1685352816
+4.614944E-01,+6.105966E-03
1685352820
+4.922193E-01,+8.319216E-03
1685352823
+5.230486E-01,+1.093032E-02
1685352827
+5.503769E-01,+1.361163E-02
1685352830
+5.811812E-01,+1.694158E-02
1685352834
+6.119552E-01,+2.066566E-02
1685352837
+6.430196E-01,+2.479839E-02
1685352841
+6.737640E-01,+2.927274E-02
1685352845
+7.010613E-01,+3.363560E-02
1685352848
+7.320901E-01,+3.882949E-02
1685352852
+7.628266E-01,+4.438454E-02
1685352855
+7.935921E-01,+5.032644E-02
1685352859
+8.243834E-01,+5.664381E-02
1685352863
+8.517773E-01,+6.270126E-02
1685352866
+8.826549E-01,+6.976617E-02
1685352870
+9.134575E-01,+7.718296E-02
1685352873
+9.443694E-01,+8.497047E-02
1685352877
+9.717971E-01,+9.230130E-02
