1684743424
-1.993685E+00,-1.791376E-02
1684743427
-1.966377E+00,-1.793979E-02
1684743431
-1.935640E+00,-1.789556E-02
1684743434
-1.904822E+00,-1.786099E-02
1684743438
-1.874138E+00,-1.777399E-02
1684743442
-1.843378E+00,-1.766549E-02
1684743445
-1.816043E+00,-1.762000E-02
1684743449
-1.785293E+00,-1.754529E-02
1684743452
-1.754575E+00,-1.746984E-02
1684743456
-1.723854E+00,-1.737442E-02
1684743460
-1.693124E+00,-1.730477E-02
1684743463
-1.665821E+00,-1.722352E-02
1684743467
-1.635094E+00,-1.714541E-02
1684743470
-1.604342E+00,-1.704529E-02
1684743474
-1.573562E+00,-1.697702E-02
1684743478
-1.542790E+00,-1.687453E-02
1684743481
-1.515484E+00,-1.683487E-02
1684743485
-1.484758E+00,-1.677794E-02
1684743488
-1.453837E+00,-1.667989E-02
1684743492
-1.423162E+00,-1.658173E-02
1684743495
-1.395824E+00,-1.650843E-02
1684743499
-1.365152E+00,-1.645226E-02
1684743503
-1.334366E+00,-1.637965E-02
1684743506
-1.303664E+00,-1.630887E-02
1684743510
-1.272861E+00,-1.622804E-02
1684743513
-1.245554E+00,-1.617998E-02
1684743517
-1.214856E+00,-1.607783E-02
1684743521
-1.184060E+00,-1.599892E-02
1684743524
-1.153360E+00,-1.594023E-02
1684743528
-1.122530E+00,-1.586269E-02
1684743531
-1.095250E+00,-1.576445E-02
1684743535
-1.064451E+00,-1.570816E-02
1684743538
-1.033763E+00,-1.564324E-02
1684743542
-1.002771E+00,-1.558116E-02
1684743546
-9.720476E-01,-1.551338E-02
1684743549
-9.447294E-01,-1.539504E-02
1684743553
-9.140230E-01,-1.533477E-02
1684743556
-8.832829E-01,-1.526664E-02
1684743560
-8.525441E-01,-1.515942E-02
1684743564
-8.252122E-01,-1.509372E-02
1684743567
-7.944428E-01,-1.503168E-02
1684743571
-7.637396E-01,-1.494417E-02
1684743574
-7.330604E-01,-1.485989E-02
1684743578
-7.023166E-01,-1.481481E-02
1684743581
-6.749446E-01,-1.471905E-02
1684743585
-6.442207E-01,-1.462166E-02
1684743589
-6.134397E-01,-1.452700E-02
1684743592
-5.825958E-01,-1.441635E-02
1684743596
-5.518426E-01,-1.431697E-02
1684743599
-5.245919E-01,-1.424335E-02
1684743603
-4.939196E-01,-1.412931E-02
1684743607
-4.631296E-01,-1.401484E-02
1684743610
-4.323312E-01,-1.390382E-02
1684743614
-4.015731E-01,-1.374526E-02
1684743617
-3.742705E-01,-1.364824E-02
1684743621
-3.435817E-01,-1.352583E-02
1684743624
-3.128350E-01,-1.337703E-02
1684743628
-2.821344E-01,-1.323128E-02
1684743632
-2.546325E-01,-1.313572E-02
1684743635
-2.238977E-01,-1.298814E-02
1684743639
-1.932095E-01,-1.279673E-02
1684743642
-1.624479E-01,-1.261359E-02
1684743646
-1.316989E-01,-1.241267E-02
1684743650
-1.044572E-01,-1.219980E-02
1684743653
-7.363059E-02,-1.198099E-02
1684743657
-4.280647E-02,-1.171345E-02
1684743660
-1.197818E-02,-1.140811E-02
1684743664
+9.213743E-03,-1.114717E-02
1684743667
+3.987720E-02,-1.072158E-02
1684743671
+7.052150E-02,-1.019830E-02
1684743675
+9.974293E-02,-9.590471E-03
1684743678
+1.272663E-01,-8.856461E-03
1684743682
+1.581908E-01,-7.846620E-03
1684743685
+1.891913E-01,-6.616300E-03
1684743689
+2.202542E-01,-5.210500E-03
1684743693
+2.479035E-01,-3.808510E-03
1684743696
+2.788781E-01,-2.114155E-03
1684743700
+3.094265E-01,-3.545405E-04
1684743703
+3.410482E-01,+1.650011E-03
1684743707
+3.721345E-01,+3.653930E-03
1684743710
+3.996746E-01,+5.540569E-03
1684743714
+4.308218E-01,+7.837424E-03
1684743718
+4.602675E-01,+1.013640E-02
1684743721
+4.910403E-01,+1.281879E-02
1684743725
+5.219088E-01,+1.583569E-02
1684743728
+5.492722E-01,+1.887386E-02
1684743732
+5.800540E-01,+2.254999E-02
1684743736
+6.108307E-01,+2.662477E-02
1684743739
+6.418988E-01,+3.114780E-02
1684743743
+6.726891E-01,+3.602225E-02
1684743746
+7.000897E-01,+4.071398E-02
1684743750
+7.309517E-01,+4.609456E-02
1684743753
+7.616962E-01,+5.126326E-02
1684743757
+7.924579E-01,+5.359729E-02
1684743761
+8.228382E-01,+2.705691E-04
1684743764
+8.500347E-01,+1.836108E-04
1684743768
+8.806418E-01,+1.220872E-04
1684743771
+9.113961E-01,+1.871711E-04
1684743775
+9.420564E-01,+1.588010E-04
1684743779
+9.694406E-01,+1.222771E-04
