1676391118
-9.987421E-01,-1.781631E-02
1676391120
-9.783376E-01,-1.780580E-02
1676391123
-9.613448E-01,-1.779583E-02
1676391126
-9.408737E-01,-1.780997E-02
1676391128
-9.203891E-01,-1.779808E-02
1676391131
-8.997676E-01,-1.779851E-02
1676391133
-8.793388E-01,-1.778181E-02
1676391136
-8.588832E-01,-1.776747E-02
1676391139
-8.383758E-01,-1.776949E-02
1676391141
-8.212947E-01,-1.777089E-02
1676391144
-8.008098E-01,-1.776290E-02
1676391146
-7.803310E-01,-1.775154E-02
1676391149
-7.598504E-01,-1.773337E-02
1676391152
-7.394263E-01,-1.773318E-02
1676391154
-7.190025E-01,-1.773104E-02
1676391157
-6.984836E-01,-1.771270E-02
1676391159
-6.813602E-01,-1.771669E-02
1676391162
-6.608418E-01,-1.770296E-02
1676391165
-6.403440E-01,-1.769390E-02
1676391167
-6.198576E-01,-1.769499E-02
1676391170
-5.993346E-01,-1.766752E-02
1676391172
-5.787215E-01,-1.765835E-02
1676391175
-5.582317E-01,-1.766636E-02
1676391177
-5.412918E-01,-1.766410E-02
1676391180
-5.207711E-01,-1.766570E-02
1676391183
-5.002900E-01,-1.767351E-02
1676391185
-4.797869E-01,-1.765476E-02
1676391188
-4.592656E-01,-1.766171E-02
1676391190
-4.387416E-01,-1.765507E-02
1676391193
-4.182701E-01,-1.765664E-02
1676391196
-4.011658E-01,-1.765369E-02
1676391198
-3.806654E-01,-1.764436E-02
1676391201
-3.602467E-01,-1.764959E-02
1676391203
-3.397911E-01,-1.763788E-02
1676391206
-3.192714E-01,-1.762065E-02
1676391209
-2.988384E-01,-1.762614E-02
1676391211
-2.783071E-01,-1.762030E-02
1676391214
-2.611886E-01,-1.759539E-02
1676391216
-2.406971E-01,-1.761222E-02
1676391219
-2.202425E-01,-1.761112E-02
1676391222
-1.997353E-01,-1.759465E-02
1676391224
-1.791964E-01,-1.759560E-02
1676391227
-1.587209E-01,-1.757720E-02
1676391229
-1.383146E-01,-1.759231E-02
1676391232
-1.212261E-01,-1.757416E-02
1676391234
-1.007481E-01,-1.756174E-02
1676391237
-8.022761E-02,-1.755970E-02
1676391240
-5.970872E-02,-1.754872E-02
1676391242
-3.914899E-02,-1.755269E-02
1676391245
-1.862844E-02,-1.753780E-02
1676391247
+1.820244E-03,-1.753328E-02
1676391250
+1.936323E-02,-1.754213E-02
1676391253
+3.973249E-02,-1.753385E-02
1676391255
+6.013674E-02,-1.745959E-02
1676391258
+8.061942E-02,-1.749619E-02
1676391260
+1.010295E-01,-1.749128E-02
1676391263
+1.180780E-01,-1.747351E-02
1676391266
+1.386049E-01,-1.747306E-02
1676391268
+1.589949E-01,-1.748380E-02
1676391271
+1.794834E-01,-1.749059E-02
1676391273
+2.000929E-01,-1.746529E-02
1676391276
+2.205846E-01,-1.746423E-02
1676391279
+2.411398E-01,-1.744938E-02
1676391281
+2.582900E-01,-1.743388E-02
1676391284
+2.787452E-01,-1.742138E-02
1676391286
+2.992787E-01,-1.741605E-02
1676391289
+3.197413E-01,-1.739535E-02
1676391291
+3.402990E-01,-1.738637E-02
1676391294
+3.608132E-01,-1.736756E-02
1676391297
+3.812283E-01,-1.735251E-02
1676391299
+3.982318E-01,-1.731825E-02
1676391302
+4.187402E-01,-1.730014E-02
1676391304
+4.391703E-01,-1.726385E-02
1676391307
+4.596563E-01,-1.721358E-02
1676391310
+4.801509E-01,-1.714924E-02
1676391312
+5.006152E-01,-1.708044E-02
1676391315
+5.212312E-01,-1.695992E-02
1676391317
+5.381953E-01,-1.682878E-02
1676391320
+5.586398E-01,-1.661626E-02
1676391323
+5.791159E-01,-1.632046E-02
1676391325
+5.996326E-01,-1.586126E-02
1676391328
+6.202628E-01,-1.516727E-02
1676391330
+6.408147E-01,-1.414497E-02
1676391333
+6.613701E-01,-1.262573E-02
1676391336
+6.784419E-01,-1.085488E-02
1676391338
+6.989570E-01,-7.913747E-03
1676391341
+7.194680E-01,-3.899144E-03
1676391343
+7.402106E-01,+1.593709E-03
1676391346
+7.606968E-01,+8.156409E-03
1676391349
+7.813364E-01,+1.600795E-02
1676391351
+8.020256E-01,+2.511313E-02
1676391354
+8.226651E-01,+3.533404E-02
1676391356
+8.398184E-01,+4.463199E-02
1676391359
+8.605212E-01,+5.658044E-02
1676391361
+8.812726E-01,+6.941815E-02
1676391364
+9.019902E-01,+8.300481E-02
1676391367
+9.226612E-01,+9.727971E-02
1676391369
+9.253870E-01,+9.999904E-02
1676391372
+9.246607E-01,+9.999905E-02
1676391374
+9.242288E-01,+9.999898E-02
