1683552438
-1.228084E-03,-1.541090E-02
1683552442
+2.613042E-02,-1.507685E-02
1683552446
+4.997187E-02,-1.485500E-02
1683552449
+7.385334E-02,-1.462499E-02
1683552453
+1.010134E-01,-1.431292E-02
1683552456
+1.250024E-01,-1.399252E-02
1683552460
+1.488789E-01,-1.362666E-02
1683552464
+1.761882E-01,-1.309863E-02
1683552467
+2.002482E-01,-1.248040E-02
1683552471
+2.242405E-01,-1.170452E-02
1683552474
+2.481762E-01,-1.074578E-02
1683552478
+2.741561E-01,-9.520097E-03
1683552481
+2.984455E-01,-8.055394E-03
1683552485
+3.225880E-01,-6.404435E-03
1683552489
+3.502134E-01,-4.265037E-03
1683552492
+3.743992E-01,-2.260914E-03
1683552496
+3.982874E-01,-2.418295E-04
1683552499
+4.263483E-01,+2.295586E-03
1683552503
+4.506350E-01,+4.441336E-03
1683552507
+4.749560E-01,+6.625329E-03
1683552510
+5.026491E-01,+9.193487E-03
1683552514
+5.250593E-01,+1.126295E-02
1683552517
+5.490623E-01,+1.370642E-02
1683552521
+5.764260E-01,+1.671974E-02
1683552524
+6.003600E-01,+1.967788E-02
1683552528
+6.244158E-01,+2.286457E-02
1683552532
+6.518688E-01,+2.683423E-02
1683552535
+6.757993E-01,+3.075590E-02
1683552539
+6.997591E-01,+3.505693E-02
1683552542
+7.272469E-01,+4.027960E-02
1683552546
+7.513085E-01,+4.555690E-02
1683552550
+7.753159E-01,+5.121165E-02
1683552553
+8.027379E-01,+5.796767E-02
1683552557
+8.266670E-01,+6.469692E-02
1683552560
+8.506526E-01,+7.190605E-02
1683552564
+8.781022E-01,+8.043731E-02
1683552567
+9.021669E-01,+8.886803E-02
1683552571
+9.261059E-01,+9.761750E-02
1683552575
+9.276106E-01,+1.000009E-01
1683552578
+9.245140E-01,+1.000009E-01
