1679748290
-9.982756E-01,-1.970834E-02
1679748292
-9.300532E-01,-1.956724E-02
1679748295
-8.651776E-01,-1.943919E-02
1679748298
-7.934126E-01,-1.931887E-02
1679748300
-7.286240E-01,-1.920280E-02
1679748303
-6.603015E-01,-1.908085E-02
1679748305
-5.884271E-01,-1.896144E-02
1679748308
-5.236475E-01,-1.886966E-02
1679748311
-4.553302E-01,-1.876768E-02
1679748313
-3.904349E-01,-1.869598E-02
1679748316
-3.187805E-01,-1.859338E-02
1679748318
-2.503981E-01,-1.851294E-02
1679748321
-1.855444E-01,-1.844246E-02
1679748324
-1.138184E-01,-1.836428E-02
1679748326
-4.887636E-02,-1.828851E-02
1679748329
+2.037402E-02,-1.821299E-02
1679748331
+9.183618E-02,-1.810730E-02
1679748334
+1.566684E-01,-1.801789E-02
1679748337
+2.251985E-01,-1.791430E-02
1679748339
+2.902142E-01,-1.780261E-02
1679748342
+3.618949E-01,-1.764831E-02
1679748344
+4.300537E-01,-1.745696E-02
1679748347
+4.948701E-01,-1.714147E-02
1679748349
+5.666035E-01,-1.623914E-02
1679748352
+6.316617E-01,-1.364997E-02
1679748355
+6.991717E-01,-6.182890E-03
1679748357
+7.720917E-01,+1.119053E-02
1679748360
+8.372604E-01,+3.318974E-02
1679748362
+9.060203E-01,+6.091247E-02
1679748365
+9.713918E-01,+9.020008E-02
