1678988819
-9.985908E-01,-1.841432E-02
1678988822
-9.303477E-01,-1.822234E-02
1678988824
-8.654683E-01,-1.828888E-02
1678988827
-7.937521E-01,-1.825844E-02
1678988829
-7.289516E-01,-1.822219E-02
1678988832
-6.606442E-01,-1.818848E-02
1678988835
-5.887370E-01,-1.815226E-02
1678988837
-5.239450E-01,-1.812808E-02
1678988840
-4.555584E-01,-1.809062E-02
1678988842
-3.907788E-01,-1.804529E-02
1678988845
-3.191318E-01,-1.803388E-02
1678988847
-2.507009E-01,-1.800184E-02
1678988850
-1.858704E-01,-1.797424E-02
1678988853
-1.140659E-01,-1.794363E-02
1678988855
-4.910363E-02,-1.792278E-02
1678988858
+2.052384E-02,-1.790482E-02
1678988860
+9.195365E-02,-1.786100E-02
1678988863
+1.567777E-01,-1.781459E-02
1678988866
+2.252045E-01,-1.778932E-02
1678988868
+2.900745E-01,-1.774714E-02
1678988871
+3.617811E-01,-1.767696E-02
1678988873
+4.300912E-01,-1.756198E-02
1678988876
+4.949787E-01,-1.730415E-02
1678988879
+5.667612E-01,-1.652548E-02
1678988881
+6.317490E-01,-1.425723E-02
1678988884
+7.001081E-01,-6.886594E-03
1678988886
+7.721450E-01,+1.090492E-02
1678988889
+8.373504E-01,+3.444158E-02
1678988891
+9.062092E-01,+6.405130E-02
1678988894
+9.715861E-01,+9.638838E-02
