1683565179
-4.660441E-04,-1.556021E-02
1683565183
+2.685316E-02,-1.532240E-02
1683565186
+5.067541E-02,-1.514616E-02
1683565190
+7.451019E-02,-1.497909E-02
1683565193
+1.017601E-01,-1.476342E-02
1683565197
+1.256999E-01,-1.456779E-02
1683565200
+1.496006E-01,-1.430516E-02
1683565204
+1.768547E-01,-1.400156E-02
1683565208
+2.008397E-01,-1.360732E-02
1683565211
+2.249230E-01,-1.310214E-02
1683565215
+2.488244E-01,-1.247322E-02
1683565218
+2.761209E-01,-1.147657E-02
1683565222
+3.001467E-01,-1.031180E-02
1683565226
+3.241034E-01,-8.841277E-03
1683565229
+3.514658E-01,-6.787858E-03
1683565233
+3.753857E-01,-4.695139E-03
1683565236
+3.991919E-01,-2.412250E-03
1683565240
+4.267162E-01,+5.143318E-04
1683565243
+4.506044E-01,+3.103435E-03
1683565247
+4.746034E-01,+5.768197E-03
1683565251
+5.019450E-01,+8.864486E-03
1683565254
+5.259490E-01,+1.163815E-02
1683565258
+5.498353E-01,+1.448473E-02
1683565261
+5.771996E-01,+1.781050E-02
1683565265
+6.011478E-01,+2.087359E-02
1683565269
+6.252760E-01,+2.408714E-02
1683565272
+6.527253E-01,+2.790747E-02
1683565276
+6.766767E-01,+3.154032E-02
1683565279
+7.005656E-01,+3.531868E-02
1683565283
+7.280458E-01,+3.985196E-02
1683565287
+7.520331E-01,+4.414524E-02
1683565290
+7.760013E-01,+4.864974E-02
1683565294
+8.033902E-01,+5.394453E-02
1683565297
+8.273978E-01,+5.896056E-02
1683565301
+8.513750E-01,+6.416493E-02
1683565304
+8.787975E-01,+7.020598E-02
1683565308
+9.027838E-01,+7.591194E-02
1683565312
+9.267779E-01,+8.172722E-02
1683565315
+9.542939E-01,+8.846822E-02
1683565319
+9.782329E-01,+9.463543E-02
