1706133521
+2.040934E-03,-1.870311E-09
1706133527
+1.954207E-03,-2.564289E-09
1706133532
+1.960878E-03,-2.887311E-09
1706133537
+2.004239E-03,-1.839876E-09
1706133542
+2.027590E-03,-1.654403E-09
1706133548
+1.992567E-03,-1.633551E-09
1706133553
+1.970882E-03,-1.864058E-09
1706133558
+1.940862E-03,-1.489764E-09
1706133564
+1.929189E-03,-1.635648E-09
1706133569
+1.945034E-03,-1.673160E-09
1706133574
+1.924185E-03,-1.508939E-09
1706133579
+1.935860E-03,-1.491425E-09
1706133585
+2.007577E-03,-1.763174E-09
1706133590
+1.998403E-03,-1.878627E-09
1706133595
+2.025090E-03,-1.823630E-09
1706133601
+1.995070E-03,-1.221752E-09
1706133606
+2.002575E-03,-1.730682E-09
1706133611
+1.911679E-03,-1.503497E-09
1706133616
+1.920849E-03,-2.311699E-09
1706133622
+1.964214E-03,-2.024931E-09
1706133627
+2.066791E-03,-1.904465E-09
1706133632
+2.026759E-03,-2.142065E-09
1706133637
+2.001742E-03,-1.689420E-09
1706133643
+1.970054E-03,-1.649393E-09
1706133648
+1.996740E-03,-1.894054E-09
1706133653
+2.038435E-03,-1.727759E-09
1706133659
+1.970891E-03,-1.933230E-09
1706133664
+2.048446E-03,-1.851546E-09
1706133669
+1.940037E-03,-1.626880E-09
1706133674
+1.936697E-03,-1.213847E-09
1706133680
+1.854141E-03,-1.326386E-09
1706133685
+1.965888E-03,-1.413494E-09
1706133690
+2.018424E-03,-2.585119E-09
1706133696
+1.966717E-03,-2.122041E-09
1706133701
+1.930862E-03,-2.017839E-09
1706133706
+2.016756E-03,-1.359336E-09
1706133711
+2.012583E-03,-2.007027E-09
1706133717
+2.026760E-03,-2.372978E-09
1706133722
+2.032596E-03,-2.197072E-09
1706133727
+1.940032E-03,-9.154097E-10
1706133733
+2.091806E-03,-2.045351E-09
1706133738
+1.976722E-03,-1.995339E-09
1706133743
+1.954213E-03,-1.863648E-09
1706133748
+2.075132E-03,-1.991169E-09
1706133754
+1.997574E-03,-2.038264E-09
1706133759
+1.965886E-03,-1.949088E-09
1706133764
+1.831622E-03,-1.256770E-09
1706133769
+1.930863E-03,-1.392226E-09
1706133775
+1.946706E-03,-1.596468E-09
1706133780
+2.029266E-03,-1.503080E-09
1706133785
+1.976727E-03,-1.681897E-09
1706133791
+1.991735E-03,-2.320446E-09
1706133796
+1.889161E-03,-1.785278E-09
1706133801
+1.955045E-03,-1.840701E-09
1706133806
+1.920852E-03,-1.664411E-09
1706133812
+2.036769E-03,-1.968250E-09
1706133817
+2.011751E-03,-1.057961E-09
1706133822
+2.001743E-03,-1.926150E-09
1706133828
+1.950038E-03,-2.107036E-09
1706133833
+1.985064E-03,-1.960740E-09
1706133838
+2.021761E-03,-1.990749E-09
1706133843
+2.038436E-03,-1.213435E-09
1706133849
+2.093480E-03,-2.706829E-09
1706133854
+2.071798E-03,-2.104125E-09
1706133859
+2.030097E-03,-1.500611E-09
1706133865
+1.950035E-03,-2.437989E-09
1706133870
+1.986730E-03,-1.989917E-09
1706133875
+2.030930E-03,-2.519684E-09
1706133880
+1.968388E-03,-2.372135E-09
1706133886
+2.013419E-03,-1.667323E-09
1706133891
+2.026760E-03,-1.611483E-09
1706133896
+2.008415E-03,-2.259593E-09
1706133901
+1.958380E-03,-1.406819E-09
1706133907
+2.001744E-03,-1.576032E-09
1706133912
+2.046773E-03,-1.871985E-09
1706133917
+1.915011E-03,-2.196662E-09
1706133923
+1.923350E-03,-1.597289E-09
1706133928
+1.954206E-03,-1.668152E-09
1706133933
+1.934192E-03,-2.068285E-09
1706133938
+1.968386E-03,-1.801101E-09
1706133944
+1.918349E-03,-2.198330E-09
1706133949
+1.993404E-03,-1.701065E-09
1706133954
+2.011750E-03,-2.549276E-09
1706133960
+1.994240E-03,-1.896133E-09
1706133965
+1.985903E-03,-2.534268E-09
1706133970
+1.950040E-03,-1.692347E-09
1706133975
+2.042609E-03,-1.832796E-09
1706133981
+2.008413E-03,-2.162899E-09
1706133986
+1.895834E-03,-1.948646E-09
1706133991
+2.035101E-03,-1.619367E-09
1706133997
+1.993401E-03,-1.571456E-09
1706134002
+2.043438E-03,-1.655232E-09
1706134007
+2.009248E-03,-2.138720E-09
1706134012
+2.004242E-03,-2.142050E-09
1706134018
+1.954211E-03,-2.345049E-09
1706134023
+1.962551E-03,-1.651877E-09
1706134028
+1.943372E-03,-2.239175E-09
1706134033
+1.976728E-03,-1.840702E-09
1706134039
+2.010920E-03,-2.069116E-09
1706134044
+1.973394E-03,-2.460493E-09
1706134049
+1.964219E-03,-2.253334E-09
1706134055
+2.002580E-03,-2.179985E-09
1706134060
+1.930861E-03,-2.450905E-09
1706134065
+1.913349E-03,-2.131659E-09
1706134070
+1.970889E-03,-2.309193E-09
1706134076
+1.867481E-03,-2.886478E-09
1706134081
+1.983396E-03,-2.229172E-09
1706134086
+1.989232E-03,-1.387230E-09
1706134092
+1.983395E-03,-2.577200E-09
1706134097
+2.024255E-03,-2.405486E-09
1706134102
+2.069290E-03,-2.049521E-09
1706134107
+2.013418E-03,-1.549356E-09
1706134113
+1.988401E-03,-2.156240E-09
1706134118
+1.999238E-03,-1.762768E-09
1706134123
+1.950038E-03,-1.572701E-09
1706134129
+1.928360E-03,-1.979917E-09
1706134134
+1.999244E-03,-2.000764E-09
1706134139
+1.972564E-03,-1.410578E-09
1706134144
+1.960051E-03,-2.076192E-09
1706134150
+2.056787E-03,-1.631886E-09
1706134155
+1.951711E-03,-2.013681E-09
1706134160
+1.979227E-03,-1.669390E-09
1706134165
+1.907510E-03,-2.484249E-09
1706134171
+1.901673E-03,-1.688141E-09
1706134176
+1.884162E-03,-2.632224E-09
1706134181
+1.965053E-03,-2.482176E-09
1706134187
+2.005083E-03,-2.521767E-09
1706134192
+1.992571E-03,-2.560113E-09
1706134197
+1.928356E-03,-2.085792E-09
1706134202
+1.878321E-03,-2.718916E-09
1706134208
+1.885823E-03,-2.124556E-09
1706134213
+1.980058E-03,-2.590540E-09
1706134218
+1.808274E-03,-2.766017E-09
1706134224
+1.920023E-03,-1.973662E-09
1706134229
+1.960048E-03,-2.114122E-09
1706134234
+1.894171E-03,-2.081198E-09
1706134239
+1.895006E-03,-2.231660E-09
1706134245
+1.975897E-03,-2.075783E-09
1706134250
+1.889166E-03,-2.948176E-09
1706134255
+1.888331E-03,-2.412984E-09
1706134260
+1.938367E-03,-2.154549E-09
1706134266
+1.915015E-03,-1.972406E-09
1706134271
+1.918349E-03,-2.443410E-09
1706134276
+1.943369E-03,-2.266678E-09
1706134281
+1.925018E-03,-1.968663E-09
1706134287
+1.902505E-03,-2.595547E-09
1706134292
+1.895001E-03,-2.750187E-09
1706134297
+1.980891E-03,-2.767683E-09
1706134302
+2.002576E-03,-2.132876E-09
1706134308
+2.001742E-03,-2.525949E-09
1706134313
+2.029257E-03,-2.323373E-09
1706134318
+2.035931E-03,-2.312546E-09
1706134324
+1.965043E-03,-3.085712E-09
1706134329
+1.971721E-03,-2.525107E-09
1706134334
+1.912510E-03,-2.374633E-09
1706134339
+1.916684E-03,-2.688489E-09
1706134345
+1.974222E-03,-2.459241E-09
1706134350
+1.881655E-03,-2.024087E-09
1706134355
+1.960880E-03,-2.090364E-09
1706134361
+1.919184E-03,-1.890736E-09
1706134366
+1.953376E-03,-1.581035E-09
1706134371
+1.937532E-03,-1.924486E-09
1706134376
+1.937534E-03,-1.809027E-09
1706134382
+2.024261E-03,-2.611795E-09
1706134387
+1.980066E-03,-2.563028E-09
1706134392
+2.022595E-03,-2.129967E-09
1706134398
+2.002582E-03,-2.739341E-09
1706134403
+1.976732E-03,-2.455910E-09
1706134408
+1.935868E-03,-2.531359E-09
1706134413
+1.968394E-03,-2.642228E-09
1706134419
+1.980069E-03,-2.280047E-09
1706134424
+1.905016E-03,-2.578878E-09
1706134429
+1.936701E-03,-2.458834E-09
1706134435
+1.918359E-03,-2.368380E-09
1706134440
+1.884165E-03,-2.564696E-09
1706134445
+1.960884E-03,-2.703510E-09
1706134450
+1.930027E-03,-2.631386E-09
1706134456
+1.931691E-03,-2.405477E-09
1706134461
+2.016752E-03,-2.703077E-09
1706134466
+1.971718E-03,-3.269945E-09
1706134471
+1.980891E-03,-2.133303E-09
1706134477
+2.080962E-03,-2.270432E-09
1706134482
+1.963382E-03,-2.706834E-09
1706134487
+2.040104E-03,-2.589294E-09
1706134493
+1.892495E-03,-1.991997E-09
1706134498
+1.851634E-03,-1.892407E-09
1706134503
+1.893332E-03,-2.066211E-09
1706134508
+2.015087E-03,-2.456327E-09
1706134514
+1.903342E-03,-2.735189E-09
1706134519
+1.963387E-03,-3.034865E-09
1706134524
+1.914182E-03,-2.600541E-09
1706134530
+1.939199E-03,-2.298361E-09
1706134535
+1.925856E-03,-2.921907E-09
1706134540
+1.947541E-03,-2.304613E-09
1706134545
+1.971723E-03,-2.602208E-09
1706134551
+1.934198E-03,-3.340388E-09
1706134556
+1.983400E-03,-2.775610E-09
1706134561
+1.986739E-03,-2.240001E-09
1706134566
+1.943371E-03,-2.998601E-09
1706134572
+1.916687E-03,-2.680166E-09
1706134577
+1.944205E-03,-2.866052E-09
1706134582
+1.956712E-03,-2.575951E-09
1706134588
+1.930025E-03,-2.114969E-09
1706134593
+1.934197E-03,-2.732255E-09
1706134598
+1.899173E-03,-2.522598E-09
1706134603
+1.925025E-03,-2.835219E-09
1706134609
+1.904176E-03,-2.703916E-09
1706134614
+1.965053E-03,-2.293352E-09
1706134619
+1.972558E-03,-2.799779E-09
1706134625
+1.897503E-03,-2.740174E-09
1706134630
+1.884993E-03,-2.914823E-09
1706134635
+1.896671E-03,-2.705580E-09
1706134640
+1.928360E-03,-2.125806E-09
1706134646
+1.990903E-03,-3.274114E-09
1706134651
+2.043437E-03,-2.691406E-09
1706134656
+2.050108E-03,-2.710163E-09
1706134662
+1.983400E-03,-2.094956E-09
1706134667
+1.991737E-03,-2.907321E-09
1706134672
+1.922523E-03,-2.254188E-09
1706134677
+1.965887E-03,-2.923997E-09
1706134683
+2.005912E-03,-2.439234E-09
1706134688
+1.982560E-03,-2.047448E-09
1706134693
+1.930859E-03,-2.455920E-09
1706134698
+1.924186E-03,-2.340043E-09
1706134704
+1.933361E-03,-3.256190E-09
1706134709
+1.919183E-03,-2.862300E-09
1706134714
+1.851636E-03,-1.973251E-09
1706134720
+1.832454E-03,-2.764349E-09
1706134725
+1.955048E-03,-2.856466E-09
1706134730
+1.880825E-03,-2.751428E-09
1706134735
+1.846635E-03,-2.966092E-09
1706134741
+1.940039E-03,-2.766017E-09
1706134746
+1.960051E-03,-2.546780E-09
1706134751
+1.970057E-03,-2.496339E-09
1706134757
+1.934199E-03,-2.551776E-09
1706134762
+1.978397E-03,-2.623052E-09
1706134767
+1.964219E-03,-2.908161E-09
1706134772
+1.850805E-03,-2.291688E-09
1706134778
+1.945875E-03,-3.310794E-09
1706134783
+1.970059E-03,-2.620971E-09
1706134788
+1.972561E-03,-2.319201E-09
1706134794
+1.995909E-03,-3.328717E-09
1706134799
+1.990068E-03,-2.418810E-09
1706134804
+2.023423E-03,-2.891894E-09
1706134809
+1.986732E-03,-2.843544E-09
1706134815
+1.924190E-03,-2.315041E-09
1706134820
+1.954212E-03,-3.699682E-09
1706134825
+1.917519E-03,-3.084464E-09
1706134830
+1.955048E-03,-2.887727E-09
1706134836
+2.013419E-03,-2.194162E-09
1706134841
+1.937530E-03,-3.049039E-09
1706134846
+1.914177E-03,-2.470500E-09
1706134851
+2.013416E-03,-2.775194E-09
1706134856
+1.935862E-03,-3.033207E-09
1706134862
+1.935024E-03,-2.892310E-09
1706134867
+1.929190E-03,-2.950248E-09
1706134872
+1.986730E-03,-3.339970E-09
1706134878
+1.949206E-03,-3.132813E-09
1706134883
+1.976725E-03,-3.057373E-09
1706134888
+2.049278E-03,-2.826458E-09
1706134893
+1.970888E-03,-3.404577E-09
1706134899
+2.030098E-03,-3.278282E-09
1706134904
+2.042604E-03,-2.613054E-09
1706134909
+1.917515E-03,-2.379638E-09
1706134914
+1.985062E-03,-2.377131E-09
1706134919
+1.945037E-03,-3.522952E-09
1706134925
+1.945038E-03,-3.541293E-09
1706134930
+1.838297E-03,-3.231599E-09
1706134935
+2.010916E-03,-2.876055E-09
1706134941
+2.000073E-03,-2.796860E-09
1706134946
+1.995905E-03,-2.378807E-09
1706134951
+1.930855E-03,-2.717669E-09
1706134956
+1.914176E-03,-2.963178E-09
1706134962
+1.911677E-03,-2.446739E-09
1706134967
+2.061782E-03,-3.423749E-09
1706134972
+1.974222E-03,-2.912318E-09
1706134978
+1.983393E-03,-3.050700E-09
1706134983
+1.940868E-03,-3.656333E-09
1706134988
+1.991739E-03,-2.995268E-09
1706134993
+1.844128E-03,-2.713092E-09
1706134999
+1.981727E-03,-3.049867E-09
1706135004
+1.878317E-03,-3.145734E-09
1706135009
+1.989231E-03,-3.250779E-09
1706135015
+1.905002E-03,-3.032777E-09
1706135020
+1.946702E-03,-2.592213E-09
1706135025
+1.950871E-03,-2.705163E-09
1706135030
+1.910010E-03,-2.863553E-09
1706135036
+1.920851E-03,-3.301623E-09
1706135041
+1.946706E-03,-3.417498E-09
1706135046
+1.906674E-03,-3.144902E-09
1706135051
+1.921684E-03,-3.246191E-09
1706135057
+1.966715E-03,-2.855631E-09
1706135062
+2.046774E-03,-3.210757E-09
1706135067
+1.970886E-03,-3.519200E-09
1706135073
+1.968387E-03,-3.364146E-09
1706135078
+2.021762E-03,-2.576376E-09
1706135083
+1.906680E-03,-3.602981E-09
1706135088
+1.880824E-03,-3.055710E-09
1706135094
+1.922520E-03,-3.500030E-09
1706135099
+2.020089E-03,-2.375888E-09
1706135104
+1.938364E-03,-3.595477E-09
1706135110
+2.084305E-03,-2.981510E-09
1706135115
+1.994236E-03,-3.576721E-09
1706135120
+1.935031E-03,-2.585536E-09
1706135125
+1.920854E-03,-3.621321E-09
1706135131
+1.970055E-03,-3.062372E-09
1706135136
+1.935866E-03,-2.878140E-09
1706135141
+1.864982E-03,-2.994848E-09
1706135147
+1.840796E-03,-2.869803E-09
1706135152
+1.837458E-03,-3.430835E-09
1706135157
+1.885826E-03,-3.586314E-09
1706135162
+1.854140E-03,-2.478418E-09
1706135167
+1.960049E-03,-3.068629E-09
1706135172
+1.963382E-03,-3.453760E-09
1706135177
+2.003410E-03,-3.243686E-09
1706135183
+1.932530E-03,-3.311210E-09
1706135188
+1.918351E-03,-3.079878E-09
1706135193
+2.025926E-03,-2.768517E-09
1706135199
+1.960048E-03,-2.930658E-09
1706135204
+1.936699E-03,-3.338303E-09
1706135209
+1.999238E-03,-3.502527E-09
1706135214
+1.898332E-03,-3.547129E-09
1706135219
+1.902505E-03,-3.383319E-09
1706135225
+1.958378E-03,-3.444174E-09
1706135230
+1.904172E-03,-3.124477E-09
1706135235
+1.952542E-03,-3.442090E-09
1706135241
+1.978391E-03,-2.678490E-09
1706135246
+1.895833E-03,-2.897313E-09
1706135251
+1.942529E-03,-3.212007E-09
1706135256
+1.960040E-03,-2.816867E-09
1706135262
+1.918344E-03,-3.880577E-09
1706135267
+1.943363E-03,-3.425833E-09
1706135272
+2.003409E-03,-3.184498E-09
1706135277
+1.994235E-03,-3.297037E-09
1706135283
+1.934192E-03,-3.322880E-09
1706135288
+1.906676E-03,-3.643411E-09
1706135293
+1.980895E-03,-3.244520E-09
1706135299
+1.983399E-03,-3.585892E-09
1706135304
+1.961716E-03,-3.692596E-09
1706135309
+1.970051E-03,-2.872304E-09
1706135314
+1.913347E-03,-3.762204E-09
1706135320
+1.976722E-03,-4.101907E-09
1706135325
+1.962546E-03,-4.025630E-09
1706135330
+1.941696E-03,-3.362477E-09
1706135336
+1.968382E-03,-3.229514E-09
1706135341
+1.888324E-03,-3.070707E-09
1706135346
+1.971723E-03,-3.560049E-09
1706135351
+1.984231E-03,-3.682592E-09
1706135357
+1.926686E-03,-4.239455E-09
1706135362
+1.974223E-03,-3.343721E-09
1706135367
+1.988397E-03,-3.111973E-09
1706135373
+2.010084E-03,-2.547192E-09
1706135378
+2.085134E-03,-3.380401E-09
1706135383
+2.091807E-03,-3.628406E-09
1706135388
+2.038437E-03,-3.408745E-09
1706135394
+1.980898E-03,-3.672592E-09
1706135399
+2.038436E-03,-3.322881E-09
1706135404
+1.992568E-03,-3.889749E-09
1706135409
+1.935029E-03,-4.070646E-09
1706135415
+1.939197E-03,-3.437922E-09
1706135420
+1.917513E-03,-3.872659E-09
1706135425
+1.897497E-03,-4.153591E-09
1706135431
+1.905840E-03,-3.477936E-09
1706135436
+1.865809E-03,-3.967692E-09
1706135441
+1.842461E-03,-3.385820E-09
1706135446
+1.945863E-03,-3.871824E-09
1706135452
+1.960042E-03,-3.304540E-09
1706135457
+1.943365E-03,-3.524619E-09
1706135462
+1.937530E-03,-3.777209E-09
1706135468
+1.912517E-03,-3.683427E-09
1706135473
+1.927523E-03,-4.149425E-09
1706135478
+1.910842E-03,-3.713853E-09
1706135483
+1.905838E-03,-3.653831E-09
1706135489
+1.935863E-03,-3.875577E-09
1706135494
+1.955040E-03,-3.571718E-09
1706135499
+2.038434E-03,-3.192417E-09
1706135505
+1.955037E-03,-3.706766E-09
1706135510
+1.976721E-03,-3.785127E-09
1706135515
+1.905835E-03,-3.725522E-09
1706135520
+1.935861E-03,-3.557964E-09
1706135526
+1.955041E-03,-4.204860E-09
1706135531
+1.978392E-03,-3.384153E-09
1706135536
+1.986734E-03,-4.397013E-09
1706135541
+1.935028E-03,-3.356226E-09
1706135547
+2.005079E-03,-4.237372E-09
1706135552
+2.005080E-03,-3.514616E-09
1706135557
+1.956713E-03,-3.390822E-09
1706135563
+1.957548E-03,-4.098574E-09
1706135568
+1.908345E-03,-4.007708E-09
1706135573
+2.002582E-03,-2.600959E-09
1706135578
+1.895840E-03,-3.843484E-09
1706135584
+1.956717E-03,-4.075233E-09
1706135589
+2.045947E-03,-3.269530E-09
1706135594
+1.956719E-03,-3.710943E-09
1706135600
+1.867488E-03,-4.004375E-09
1706135605
+1.889166E-03,-3.645503E-09
1706135610
+2.022598E-03,-3.535875E-09
1706135615
+1.950043E-03,-3.421667E-09
1706135621
+1.980067E-03,-3.692597E-09
1706135626
+1.938373E-03,-3.999373E-09
1706135631
+1.981734E-03,-3.562134E-09
1706135637
+2.032603E-03,-3.302042E-09
1706135642
+1.997580E-03,-3.830563E-09
1706135647
+2.022594E-03,-3.490858E-09
1706135652
+1.969222E-03,-3.412913E-09
1706135658
+1.908343E-03,-3.509197E-09
1706135663
+1.992573E-03,-3.783879E-09
1706135668
+1.971725E-03,-5.142279E-09
1706135673
+2.036768E-03,-3.731360E-09
1706135679
+1.999239E-03,-4.179018E-09
1706135684
+1.992573E-03,-4.116914E-09
1706135689
+1.921684E-03,-4.028131E-09
1706135695
+1.974224E-03,-4.137754E-09
1706135700
+2.005080E-03,-4.635848E-09
1706135705
+2.004248E-03,-4.364919E-09
1706135710
+1.970054E-03,-4.603753E-09
1706135716
+1.966716E-03,-4.231953E-09
1706135721
+1.934190E-03,-3.744696E-09
1706135726
+1.893330E-03,-4.477874E-09
1706135732
+1.926689E-03,-4.028131E-09
1706135737
+1.936697E-03,-4.106909E-09
1706135742
+2.006746E-03,-3.863073E-09
1706135747
+1.944202E-03,-3.549628E-09
1706135753
+2.009253E-03,-3.810555E-09
1706135758
+1.962552E-03,-4.454118E-09
1706135763
+2.015922E-03,-4.746721E-09
1706135769
+1.985065E-03,-3.680091E-09
1706135774
+2.060954E-03,-4.496215E-09
1706135779
+1.895000E-03,-3.381652E-09
1706135784
+1.965053E-03,-4.004791E-09
1706135790
+1.996739E-03,-3.748866E-09
1706135795
+1.940036E-03,-4.426191E-09
1706135800
+1.946708E-03,-3.532540E-09
1706135805
+1.923357E-03,-3.442508E-09
1706135811
+1.969224E-03,-4.247794E-09
1706135816
+1.949209E-03,-3.741781E-09
1706135821
+1.965887E-03,-4.139006E-09
1706135827
+2.024265E-03,-4.276138E-09
1706135832
+1.992571E-03,-3.725524E-09
1706135837
+1.968387E-03,-3.868909E-09
1706135842
+1.918351E-03,-3.594644E-09
1706135848
+1.920851E-03,-3.832228E-09
1706135853
+1.960051E-03,-3.688845E-09
1706135858
+1.930027E-03,-4.566657E-09
1706135864
+1.901673E-03,-3.846818E-09
1706135869
+1.910016E-03,-4.114830E-09
1706135874
+1.928359E-03,-4.198609E-09
1706135879
+1.944204E-03,-4.523308E-09
1706135885
+1.886666E-03,-4.419106E-09
1706135890
+1.961722E-03,-3.212010E-09
1706135895
+1.998417E-03,-4.284475E-09
1706135901
+1.886668E-03,-3.976032E-09
1706135906
+1.942541E-03,-3.613819E-09
1706135911
+1.837463E-03,-4.071481E-09
1706135916
+1.865817E-03,-4.327823E-09
1706135922
+1.893341E-03,-4.318654E-09
1706135927
+1.984243E-03,-3.813892E-09
1706135932
+2.021760E-03,-4.166098E-09
1706135937
+2.008416E-03,-4.219034E-09
1706135943
+1.971728E-03,-4.185273E-09
1706135948
+1.953380E-03,-4.365336E-09
1706135953
+1.956715E-03,-4.540815E-09
1706135959
+1.915855E-03,-4.275722E-09
1706135964
+1.959217E-03,-4.143174E-09
1706135969
+1.951713E-03,-4.405768E-09
1706135974
+1.962553E-03,-4.328239E-09
1706135980
+1.975895E-03,-4.592917E-09
1706135985
+1.945871E-03,-4.653771E-09
1706135990
+1.930857E-03,-4.185687E-09
1706135996
+1.959214E-03,-4.341159E-09
1706136001
+1.935866E-03,-4.201527E-09
1706136006
+1.840796E-03,-4.621260E-09
1706136011
+1.890830E-03,-4.961379E-09
1706136017
+2.005918E-03,-4.747973E-09
1706136022
+2.017594E-03,-4.381175E-09
1706136027
+1.978398E-03,-4.573327E-09
1706136033
+1.949209E-03,-4.878852E-09
1706136038
+1.986734E-03,-4.868848E-09
1706136043
+1.942539E-03,-4.948044E-09
1706136048
+1.942540E-03,-4.536648E-09
1706136054
+1.897502E-03,-4.142338E-09
1706136059
+1.955043E-03,-4.464537E-09
1706136064
+1.872487E-03,-4.590832E-09
1706136069
+2.009254E-03,-4.539982E-09
1706136075
+1.906684E-03,-4.368676E-09
1706136080
+1.965060E-03,-4.676699E-09
1706136085
+1.907518E-03,-4.661276E-09
1706136090
+1.973398E-03,-5.156453E-09
1706136096
+1.960055E-03,-4.302815E-09
1706136101
+1.874158E-03,-4.460370E-09
1706136106
+1.898340E-03,-5.010565E-09
1706136111
+1.922524E-03,-4.457452E-09
1706136117
+1.890835E-03,-4.874684E-09
1706136122
+1.916687E-03,-4.430359E-09
1706136127
+1.893339E-03,-4.232373E-09
1706136133
+1.995911E-03,-4.648354E-09
1706136138
+1.952548E-03,-4.296562E-09
1706136143
+1.930033E-03,-4.689202E-09
1706136148
+1.898340E-03,-4.605838E-09
1706136154
+2.007587E-03,-4.304898E-09
1706136159
+1.960056E-03,-4.064397E-09
1706136164
+1.883333E-03,-4.443698E-09
1706136170
+1.955049E-03,-4.191108E-09
1706136175
+1.874156E-03,-5.072671E-09
1706136180
+1.859142E-03,-4.417437E-09
1706136185
+1.941706E-03,-3.895169E-09
1706136191
+2.030934E-03,-4.419105E-09
1706136196
+1.925026E-03,-4.464122E-09
1706136201
+1.925025E-03,-4.990558E-09
1706136206
+2.002578E-03,-3.898919E-09
1706136212
+1.988403E-03,-4.647936E-09
