1704802147
-9.994143E-01,-5.319809E-09
1704802157
-9.994082E-01,-5.324813E-09
1704802167
-9.993722E-01,-5.563646E-09
1704802178
-9.994164E-01,-5.549057E-09
1704802188
-9.994361E-01,-5.614079E-09
1704802198
-9.993923E-01,-5.719117E-09
1704802209
-9.994612E-01,-6.075906E-09
1704802219
-9.994656E-01,-6.047982E-09
1704802229
-9.994668E-01,-6.873266E-09
1704802240
-9.994725E-01,-7.005816E-09
1704802250
-9.994335E-01,-7.125854E-09
1704802260
-9.993900E-01,-7.395530E-09
1704802270
-9.994288E-01,-7.642286E-09
1704802281
-9.995317E-01,-7.781497E-09
1704802291
-9.993792E-01,-7.226305E-09
1704802301
-9.994625E-01,-7.700637E-09
1704802312
-9.993705E-01,-8.258334E-09
1704802322
-9.993824E-01,-8.134125E-09
1704802332
-9.994155E-01,-7.715644E-09
1704802342
-9.993091E-01,-7.989493E-09
1704802353
-9.994423E-01,-8.198314E-09
1704802363
-9.993234E-01,-9.162403E-09
1704802373
-9.992543E-01,-8.422562E-09
1704802384
-9.994442E-01,-9.090709E-09
1704802394
-9.993792E-01,-8.774767E-09
1704802404
-9.993353E-01,-8.252497E-09
1704802414
-9.993847E-01,-8.991506E-09
1704802425
-9.993259E-01,-8.994427E-09
1704802435
-9.994160E-01,-9.514191E-09
1704802445
-9.993810E-01,-9.677582E-09
1704802455
-9.994267E-01,-1.017734E-08
1704802465
-9.994428E-01,-9.177826E-09
1704802476
-9.994017E-01,-1.171996E-08
1704802486
-9.994310E-01,-1.016692E-08
1704802496
-9.993941E-01,-1.054706E-08
1704802507
-9.994656E-01,-1.070128E-08
1704802517
-9.993576E-01,-1.082965E-08
1704802527
-9.994089E-01,-1.023069E-08
1704802537
-9.994273E-01,-1.138401E-08
1704802548
-9.993944E-01,-1.117601E-08
1704802558
-9.994227E-01,-1.079171E-08
1704802568
-9.995171E-01,-1.106222E-08
1704802579
-9.993924E-01,-1.136400E-08
1704802589
-9.994345E-01,-1.157741E-08
1704802599
-9.993708E-01,-1.184292E-08
1704802609
-9.993519E-01,-1.265486E-08
1704802620
-9.993157E-01,-1.293163E-08
1704802630
-9.993545E-01,-1.312879E-08
1704802640
-9.991924E-01,-1.266612E-08
1704802651
-9.993303E-01,-1.221514E-08
1704802661
-9.993347E-01,-1.268739E-08
1704802671
-9.993345E-01,-1.200340E-08
1704802681
-9.993067E-01,-1.333595E-08
1704802692
-9.993594E-01,-1.381404E-08
1704802702
-9.993181E-01,-1.367648E-08
1704802712
-9.993491E-01,-1.316964E-08
1704802722
-9.993272E-01,-1.502155E-08
1704802733
-9.993259E-01,-1.439507E-08
1704802743
-9.993322E-01,-1.384363E-08
1704802753
-9.993080E-01,-1.451637E-08
1704802763
-9.993312E-01,-1.440299E-08
1704802774
-9.992985E-01,-1.464724E-08
1704802784
-9.993405E-01,-1.420168E-08
1704802794
-9.992881E-01,-1.386863E-08
1704802805
-9.992905E-01,-1.513657E-08
1704802815
-9.993165E-01,-1.576263E-08
1704802825
-9.992793E-01,-1.491399E-08
1704802835
-9.993172E-01,-1.548710E-08
1704802846
-9.993383E-01,-1.565841E-08
1704802856
-9.992791E-01,-1.587849E-08
1704802866
-9.994107E-01,-1.695386E-08
1704802877
-9.993934E-01,-1.667502E-08
1704802887
-9.993898E-01,-1.679172E-08
1704802897
-9.994254E-01,-1.772621E-08
1704802907
-9.993836E-01,-1.693052E-08
1704802918
-9.994144E-01,-1.698303E-08
1704802928
-9.994279E-01,-1.800172E-08
1704802938
-9.993084E-01,-1.852065E-08
1704802949
-9.993575E-01,-1.897414E-08
1704802959
-9.993289E-01,-1.947806E-08
1704802969
-9.994619E-01,-2.048215E-08
1704802979
-9.993392E-01,-2.051591E-08
1704802990
-9.993761E-01,-2.019455E-08
1704803000
-9.994243E-01,-2.008493E-08
1704803010
-9.994395E-01,-2.156628E-08
1704803021
-9.994236E-01,-2.015912E-08
1704803031
-9.993643E-01,-2.126450E-08
1704803041
-9.992968E-01,-2.059260E-08
1704803051
-9.993462E-01,-2.150668E-08
1704803062
-9.994785E-01,-2.136245E-08
1704803072
-9.994091E-01,-2.158878E-08
1704803082
-9.994164E-01,-2.242907E-08
1704803093
-9.994921E-01,-2.194556E-08
1704803103
-9.993370E-01,-2.313347E-08
1704803113
-9.994813E-01,-2.354903E-08
1704803123
-9.993704E-01,-2.327310E-08
1704803134
-9.994303E-01,-2.365698E-08
1704803144
-9.994302E-01,-2.413756E-08
1704803154
-9.993657E-01,-2.452311E-08
1704803165
-9.994739E-01,-2.563724E-08
1704803175
-9.993997E-01,-2.679097E-08
1704803185
-9.994848E-01,-2.617243E-08
1704803195
-9.994901E-01,-2.614867E-08
1704803206
-9.995434E-01,-2.590942E-08
1704803216
-9.995412E-01,-2.714567E-08
1704803226
-9.994915E-01,-2.728156E-08
1704803237
-9.994078E-01,-2.698520E-08
1704803247
-9.994354E-01,-2.726821E-08
1704803257
-9.995283E-01,-2.694186E-08
1704803268
-9.995031E-01,-2.799139E-08
1704803278
-9.994979E-01,-2.846946E-08
1704803288
-9.994854E-01,-2.779673E-08
1704803298
-9.995625E-01,-2.810182E-08
1704803309
-9.995531E-01,-2.831441E-08
1704803319
-9.995311E-01,-2.965778E-08
1704803329
-9.995201E-01,-3.034927E-08
1704803339
-9.994984E-01,-3.037803E-08
1704803350
-9.995291E-01,-3.083652E-08
1704803360
-9.994885E-01,-3.115413E-08
1704803370
-9.994423E-01,-3.093532E-08
1704803380
-9.994284E-01,-3.190272E-08
1704803391
-9.994769E-01,-3.247751E-08
1704803401
-9.994776E-01,-3.231953E-08
1704803411
-9.995022E-01,-3.299350E-08
1704803422
-9.994977E-01,-3.221364E-08
1704803432
-9.994138E-01,-3.277342E-08
1704803442
-9.994742E-01,-3.281092E-08
1704803452
-9.995244E-01,-3.325233E-08
1704803463
-9.994693E-01,-3.335236E-08
1704803473
-9.995427E-01,-3.387213E-08
1704803483
-9.994443E-01,-3.475202E-08
1704803494
-9.996033E-01,-3.576110E-08
1704803504
-9.995427E-01,-3.655972E-08
1704803514
-9.995428E-01,-3.676646E-08
1704803524
-9.995493E-01,-3.645760E-08
1704803535
-9.996082E-01,-3.747836E-08
1704803545
-9.995877E-01,-3.640883E-08
1704803555
-9.996194E-01,-3.712283E-08
1704803566
-9.995561E-01,-3.859083E-08
1704803576
-9.995300E-01,-3.852997E-08
1704803586
-9.996490E-01,-3.803438E-08
1704803596
-9.996155E-01,-3.906931E-08
1704803607
-9.996297E-01,-3.790641E-08
1704803617
-9.995652E-01,-3.934898E-08
1704803627
-9.997005E-01,-3.934774E-08
1704803638
-9.995846E-01,-4.144387E-08
1704803648
-9.996128E-01,-4.237377E-08
1704803658
-9.995590E-01,-4.306441E-08
1704803669
-9.996241E-01,-4.267928E-08
1704803679
-9.995797E-01,-4.405474E-08
1704803689
-9.996131E-01,-4.391970E-08
1704803699
-9.996203E-01,-4.384507E-08
1704803710
-9.996469E-01,-4.532975E-08
1704803720
-9.995894E-01,-4.459408E-08
1704803730
-9.995970E-01,-4.620589E-08
1704803741
-9.996730E-01,-4.554692E-08
1704803751
-9.997251E-01,-4.507381E-08
1704803761
-9.997312E-01,-4.621964E-08
1704803771
-9.997032E-01,-4.976833E-08
1704803782
-9.997668E-01,-4.756842E-08
1704803792
-9.997211E-01,-4.790187E-08
1704803802
-9.997216E-01,-4.930151E-08
1704803812
-9.996798E-01,-4.880467E-08
1704803823
-9.996563E-01,-5.094080E-08
1704803833
-9.996507E-01,-5.006802E-08
1704803843
-9.997165E-01,-5.183987E-08
1704803854
-9.996687E-01,-5.315822E-08
1704803864
-9.996780E-01,-5.212663E-08
1704803874
-9.996982E-01,-5.355962E-08
1704803885
-9.996390E-01,-5.419234E-08
1704803895
-9.996423E-01,-5.211163E-08
1704803905
-9.996754E-01,-5.327034E-08
1704803915
-9.997103E-01,-5.342122E-08
1704803926
-9.996994E-01,-5.437072E-08
1704803936
-9.996993E-01,-5.552527E-08
1704803946
-9.997017E-01,-5.536938E-08
1704803957
-9.996958E-01,-5.584787E-08
1704803967
-9.997340E-01,-5.727043E-08
1704803977
-9.997356E-01,-5.692156E-08
1704803987
-9.996497E-01,-5.767223E-08
1704803998
-9.996828E-01,-5.777475E-08
1704804008
-9.997348E-01,-6.141684E-08
1704804018
-9.997767E-01,-5.881055E-08
1704804029
-9.997598E-01,-5.963582E-08
1704804039
-9.997583E-01,-5.924403E-08
1704804049
-9.996616E-01,-5.912232E-08
1704804059
-9.996006E-01,-5.771516E-08
1704804069
-9.996315E-01,-6.058490E-08
1704804080
-9.997352E-01,-5.993506E-08
1704804090
-9.996473E-01,-6.065534E-08
1704804100
-9.996747E-01,-6.166067E-08
1704804110
-9.996678E-01,-6.289608E-08
1704804121
-9.996129E-01,-6.519687E-08
1704804131
-9.997320E-01,-6.342126E-08
1704804141
-9.996735E-01,-6.442492E-08
1704804152
-9.996653E-01,-6.783901E-08
1704804162
-9.996806E-01,-6.716333E-08
1704804172
-9.997437E-01,-6.637894E-08
1704804182
-9.997362E-01,-6.797740E-08
1704804193
-9.997376E-01,-6.727797E-08
1704804203
-9.997371E-01,-7.098384E-08
1704804213
-9.997750E-01,-6.782190E-08
1704804224
-9.997061E-01,-6.878767E-08
1704804234
-9.997233E-01,-6.939535E-08
1704804244
-9.997227E-01,-7.093757E-08
1704804254
-9.997475E-01,-7.104217E-08
1704804265
-9.997397E-01,-6.954247E-08
1704804275
-9.996925E-01,-7.309287E-08
1704804285
-9.997433E-01,-7.149441E-08
1704804296
-9.997116E-01,-7.104008E-08
1704804306
-9.997029E-01,-7.188331E-08
1704804316
-9.997823E-01,-7.264520E-08
1704804326
-9.997682E-01,-7.301574E-08
1704804337
-9.997186E-01,-7.238890E-08
1704804347
-9.997126E-01,-7.335046E-08
1704804357
-9.997753E-01,-7.286150E-08
1704804368
-9.997478E-01,-7.358508E-08
1704804378
-9.997451E-01,-7.279485E-08
1704804388
-9.997425E-01,-7.674411E-08
1704804398
-9.997355E-01,-7.548199E-08
1704804409
-9.997830E-01,-7.630559E-08
1704804419
-9.997194E-01,-7.642188E-08
1704804429
-9.997364E-01,-7.667740E-08
1704804440
-9.997998E-01,-7.922494E-08
1704804450
-9.997921E-01,-7.920742E-08
1704804460
-9.997579E-01,-8.141399E-08
1704804471
-9.997846E-01,-8.024443E-08
1704804481
-9.998510E-01,-8.207378E-08
1704804491
-9.996756E-01,-8.376440E-08
1704804501
-9.997039E-01,-8.542789E-08
1704804512
-9.998361E-01,-8.236972E-08
1704804522
-9.997845E-01,-8.384107E-08
1704804532
-9.998394E-01,-8.420742E-08
1704804543
-9.997898E-01,-8.351174E-08
1704804553
-9.998238E-01,-8.360426E-08
1704804563
-9.997156E-01,-8.530235E-08
1704804573
-9.997561E-01,-8.363849E-08
1704804584
-9.997324E-01,-8.588631E-08
1704804594
-9.997043E-01,-8.589759E-08
1704804604
-9.998251E-01,-8.885608E-08
1704804615
-9.997925E-01,-8.836674E-08
1704804625
-9.997824E-01,-8.975270E-08
1704804635
-9.997090E-01,-9.051337E-08
1704804645
-9.997245E-01,-9.055627E-08
1704804656
-9.997702E-01,-9.021864E-08
1704804666
-9.997903E-01,-8.798288E-08
1704804676
-9.998267E-01,-8.965509E-08
1704804687
-9.998592E-01,-9.056082E-08
1704804697
-9.998080E-01,-9.253479E-08
1704804707
-9.997580E-01,-9.459175E-08
1704804717
-9.997980E-01,-9.389483E-08
1704804728
-9.999003E-01,-9.319541E-08
1704804738
-9.999454E-01,-9.385063E-08
1704804748
-9.998937E-01,-9.465340E-08
1704804759
-9.998188E-01,-9.638902E-08
1704804769
-9.998927E-01,-9.613431E-08
1704804779
-9.998826E-01,-9.696000E-08
1704804790
-9.998208E-01,-9.739347E-08
1704804800
-9.999191E-01,-9.929035E-08
1704804810
-9.998519E-01,-9.914950E-08
1704804820
-9.999004E-01,-1.001011E-07
1704804831
-9.998103E-01,-9.944795E-08
1704804841
-9.998731E-01,-9.916572E-08
1704804851
-9.998757E-01,-9.965505E-08
1704804862
-9.998848E-01,-1.018987E-07
1704804872
-9.999030E-01,-1.041053E-07
1704804882
-9.999453E-01,-1.018016E-07
1704804893
-9.997791E-01,-1.022805E-07
1704804903
-9.998336E-01,-1.023972E-07
1704804913
-9.997973E-01,-1.019742E-07
1704804923
-9.998879E-01,-1.027436E-07
1704804934
-9.999045E-01,-1.033197E-07
1704804944
-9.999056E-01,-1.031026E-07
1704804954
-9.999530E-01,-1.059052E-07
1704804965
-9.999085E-01,-1.074524E-07
1704804975
-9.999897E-01,-1.065237E-07
1704804985
-9.998586E-01,-1.080171E-07
1704804995
-9.999045E-01,-1.078858E-07
1704805005
-9.998528E-01,-1.082168E-07
1704805016
-9.999148E-01,-1.089966E-07
1704805026
-9.998976E-01,-1.091887E-07
1704805036
-9.998969E-01,-1.077162E-07
1704805047
-9.998966E-01,-1.082334E-07
1704805057
-9.998282E-01,-1.088807E-07
1704805067
-9.999279E-01,-1.088998E-07
1704805077
-9.998486E-01,-1.099824E-07
1704805087
-9.999202E-01,-1.093871E-07
1704805098
-9.999910E-01,-1.117621E-07
1704805108
-9.999435E-01,-1.122081E-07
1704805118
-9.999024E-01,-1.138445E-07
1704805128
-9.998591E-01,-1.144384E-07
1704805139
-9.999272E-01,-1.134280E-07
1704805149
-9.999537E-01,-1.158534E-07
1704805159
-9.999330E-01,-1.152291E-07
1704805170
-9.999753E-01,-1.162185E-07
1704805180
-9.999716E-01,-1.159672E-07
1704805190
-9.999588E-01,-1.175786E-07
1704805200
-9.998577E-01,-1.193558E-07
1704805211
-9.998912E-01,-1.187244E-07
1704805221
-9.999226E-01,-1.194613E-07
1704805231
-9.999090E-01,-1.210390E-07
1704805242
-9.999920E-01,-1.213332E-07
1704805252
-9.999818E-01,-1.229633E-07
1704805262
-9.999027E-01,-1.253183E-07
1704805272
-1.000018E+00,-1.265182E-07
1704805282
-9.999025E-01,-1.275361E-07
1704805293
-9.999427E-01,-1.265912E-07
1704805303
-9.999379E-01,-1.260856E-07
1704805313
-9.998306E-01,-1.262586E-07
1704805324
-9.999168E-01,-1.280901E-07
1704805334
-9.999087E-01,-1.280584E-07
1704805344
-9.998893E-01,-1.301503E-07
1704805354
-9.998555E-01,-1.318609E-07
1704805365
-9.999587E-01,-1.305746E-07
1704805375
-9.999477E-01,-1.297581E-07
1704805385
-9.998910E-01,-1.323965E-07
1704805395
-1.000022E+00,-1.338983E-07
1704805405
-1.000051E+00,-1.345144E-07
1704805416
-1.000019E+00,-1.335903E-07
1704805426
-9.999998E-01,-1.328250E-07
1704805436
-1.000000E+00,-1.346935E-07
1704805447
-1.000082E+00,-1.330262E-07
1704805457
-9.999530E-01,-1.353400E-07
1704805467
-9.998956E-01,-1.352475E-07
1704805478
-9.999133E-01,-1.329605E-07
1704805488
-9.999840E-01,-1.342309E-07
1704805498
-1.000009E+00,-1.359564E-07
1704805508
-9.999071E-01,-1.369381E-07
1704805519
-1.000005E+00,-1.361082E-07
1704805529
-9.999335E-01,-1.367392E-07
1704805539
-9.999369E-01,-1.399591E-07
1704805550
-1.000037E+00,-1.368038E-07
1704805560
-9.999988E-01,-1.387761E-07
1704805570
-1.000005E+00,-1.371655E-07
1704805581
-9.999577E-01,-1.379841E-07
1704805591
-9.999546E-01,-1.367466E-07
1704805601
-1.000032E+00,-1.378428E-07
1704805611
-1.000051E+00,-1.392763E-07
1704805621
-9.999890E-01,-1.396101E-07
1704805632
-9.999393E-01,-1.426320E-07
1704805642
-1.000003E+00,-1.422936E-07
1704805652
-9.999837E-01,-1.428741E-07
1704805663
-9.999751E-01,-1.419079E-07
1704805673
-9.999848E-01,-1.456463E-07
1704805683
-1.000020E+00,-1.461235E-07
1704805693
-9.999827E-01,-1.454695E-07
1704805704
-9.999612E-01,-1.495880E-07
1704805714
-9.999033E-01,-1.503666E-07
1704805724
-9.999263E-01,-1.486115E-07
1704805735
-9.999666E-01,-1.487532E-07
1704805745
-9.999826E-01,-1.497082E-07
1704805755
-9.999145E-01,-1.507769E-07
1704805766
-9.999405E-01,-1.502688E-07
1704805776
-9.999445E-01,-1.539212E-07
1704805786
-9.999270E-01,-1.509718E-07
1704805796
-9.998669E-01,-1.539020E-07
1704805807
-9.999510E-01,-1.526261E-07
1704805817
-9.999847E-01,-1.534289E-07
1704805827
-1.000014E+00,-1.547272E-07
1704805838
-1.000037E+00,-1.541491E-07
1704805848
-9.999677E-01,-1.545747E-07
1704805858
-9.999890E-01,-1.572965E-07
1704805869
-9.999447E-01,-1.561453E-07
1704805879
-9.999871E-01,-1.560106E-07
1704805889
-1.000078E+00,-1.566741E-07
1704805899
-1.000012E+00,-1.574515E-07
1704805910
-1.000044E+00,-1.606913E-07
1704805920
-9.999758E-01,-1.576407E-07
1704805930
-1.000014E+00,-1.636440E-07
1704805940
-1.000065E+00,-1.651158E-07
1704805951
-1.000093E+00,-1.623795E-07
1704805961
-1.000116E+00,-1.645331E-07
1704805971
-1.000067E+00,-1.631272E-07
1704805981
-9.999725E-01,-1.620105E-07
1704805992
-9.999631E-01,-1.631967E-07
1704806002
-9.999644E-01,-1.617525E-07
1704806012
-9.999893E-01,-1.624923E-07
1704806023
-1.000059E+00,-1.634997E-07
1704806033
-1.000017E+00,-1.643032E-07
1704806043
-1.000086E+00,-1.644572E-07
1704806053
-1.000008E+00,-1.659264E-07
1704806064
-1.000022E+00,-1.668337E-07
1704806074
-1.000054E+00,-1.675098E-07
1704806084
-9.999949E-01,-1.680417E-07
1704806094
-1.000053E+00,-1.702303E-07
1704806105
-1.000072E+00,-1.700378E-07
1704806115
-1.000095E+00,-1.712449E-07
1704806125
-1.000149E+00,-1.710719E-07
1704806135
-1.000113E+00,-1.741908E-07
1704806146
-1.000174E+00,-1.727195E-07
1704806156
-1.000060E+00,-1.732342E-07
1704806166
-1.000119E+00,-1.738210E-07
1704806177
-1.000042E+00,-1.735580E-07
1704806187
-1.000067E+00,-1.713281E-07
1704806197
-1.000149E+00,-1.762539E-07
1704806208
-1.000093E+00,-1.758893E-07
1704806218
-1.000043E+00,-1.773501E-07
1704806228
-1.000041E+00,-1.764026E-07
1704806238
-1.000056E+00,-1.773497E-07
1704806249
-1.000051E+00,-1.762902E-07
1704806259
-1.000027E+00,-1.773823E-07
1704806269
-1.000002E+00,-1.808471E-07
1704806280
-1.000030E+00,-1.791137E-07
1704806290
-9.999933E-01,-1.798914E-07
1704806300
-1.000053E+00,-1.806079E-07
1704806310
-1.000046E+00,-1.810852E-07
1704806321
-1.000074E+00,-1.814490E-07
1704806331
-1.000084E+00,-1.825577E-07
1704806341
-1.000044E+00,-1.800164E-07
1704806351
-1.000006E+00,-1.841999E-07
1704806362
-1.000039E+00,-1.844174E-07
1704806372
-9.999930E-01,-1.848972E-07
1704806382
-1.000004E+00,-1.873197E-07
1704806393
-1.000076E+00,-1.875099E-07
1704806403
-9.999760E-01,-1.875081E-07
1704806413
-1.000095E+00,-1.887757E-07
1704806423
-1.000149E+00,-1.903028E-07
1704806434
-1.000137E+00,-1.921534E-07
1704806444
-1.000134E+00,-1.923401E-07
1704806454
-1.000026E+00,-1.900339E-07
1704806464
-9.999788E-01,-1.922626E-07
1704806475
-9.999979E-01,-1.939718E-07
1704806485
-1.000090E+00,-1.942370E-07
1704806495
-1.000090E+00,-1.975686E-07
1704806505
-1.000093E+00,-1.963806E-07
1704806516
-1.000005E+00,-1.991845E-07
1704806526
-1.000015E+00,-1.982437E-07
1704806536
-1.000093E+00,-1.998663E-07
1704806547
-1.000082E+00,-2.004218E-07
1704806557
-1.000082E+00,-2.009570E-07
1704806567
-1.000103E+00,-2.015956E-07
1704806578
-1.000078E+00,-2.001609E-07
1704806588
-1.000127E+00,-2.012800E-07
1704806598
-1.000172E+00,-1.999746E-07
1704806608
-1.000143E+00,-1.986647E-07
1704806619
-1.000094E+00,-1.977486E-07
1704806629
-1.000101E+00,-2.012855E-07
1704806639
-1.000063E+00,-2.041373E-07
1704806650
-1.000013E+00,-2.023714E-07
1704806660
-1.000113E+00,-2.055331E-07
1704806670
-9.999998E-01,-2.042916E-07
1704806681
-1.000101E+00,-2.064290E-07
1704806691
-1.000145E+00,-2.056739E-07
1704806701
-1.000096E+00,-2.075116E-07
1704806711
-1.000226E+00,-2.056789E-07
1704806722
-1.000033E+00,-2.056438E-07
1704806732
-1.000170E+00,-2.064039E-07
1704806742
-1.000148E+00,-2.061688E-07
1704806752
-1.000081E+00,-2.042207E-07
1704806763
-1.000069E+00,-2.044357E-07
1704806773
-1.000089E+00,-2.039006E-07
1704806783
-1.000085E+00,-2.092486E-07
1704806794
-1.000007E+00,-2.082616E-07
1704806804
-1.000065E+00,-2.088289E-07
1704806814
-1.000098E+00,-2.108462E-07
1704806824
-1.000066E+00,-2.094669E-07
1704806835
-1.000092E+00,-2.121386E-07
1704806845
-1.000015E+00,-2.113343E-07
1704806855
-1.000076E+00,-2.131887E-07
1704806865
-1.000079E+00,-2.151323E-07
1704806876
-1.000036E+00,-2.154708E-07
1704806886
-1.000155E+00,-2.149302E-07
1704806896
-1.000116E+00,-2.144272E-07
1704806906
-1.000150E+00,-2.131087E-07
1704806916
-1.000088E+00,-2.140048E-07
1704806927
-1.000100E+00,-2.150777E-07
1704806937
-1.000032E+00,-2.169579E-07
1704806947
-1.000075E+00,-2.149818E-07
1704806958
-1.000148E+00,-2.192370E-07
1704806968
-1.000154E+00,-2.196642E-07
1704806978
-1.000117E+00,-2.180007E-07
1704806988
-1.000034E+00,-2.198923E-07
1704806999
-1.000038E+00,-2.185901E-07
1704807009
-1.000064E+00,-2.200833E-07
1704807019
-1.000076E+00,-2.197847E-07
1704807029
-1.000143E+00,-2.202474E-07
1704807040
-1.000155E+00,-2.228374E-07
1704807050
-1.000140E+00,-2.229911E-07
1704807060
-1.000084E+00,-2.236605E-07
1704807071
-1.000193E+00,-2.219483E-07
1704807081
-1.000128E+00,-2.253134E-07
1704807091
-1.000206E+00,-2.250165E-07
1704807102
-1.000162E+00,-2.229013E-07
1704807112
-1.000115E+00,-2.237057E-07
1704807122
-1.000046E+00,-2.242384E-07
1704807132
-1.000025E+00,-2.233867E-07
1704807142
-1.000094E+00,-2.281206E-07
1704807153
-1.000112E+00,-2.294422E-07
1704807163
-1.000108E+00,-2.294451E-07
1704807173
-1.000147E+00,-2.287157E-07
1704807184
-1.000111E+00,-2.316586E-07
1704807194
-1.000073E+00,-2.308563E-07
1704807204
-1.000157E+00,-2.314828E-07
1704807215
-1.000137E+00,-2.323118E-07
1704807225
-1.000148E+00,-2.341011E-07
1704807235
-1.000080E+00,-2.332612E-07
1704807245
-1.000137E+00,-2.309080E-07
1704807256
-1.000111E+00,-2.339860E-07
1704807266
-1.000182E+00,-2.346049E-07
1704807276
-1.000221E+00,-2.355344E-07
1704807286
-1.000181E+00,-2.371050E-07
1704807297
-1.000152E+00,-2.387209E-07
1704807307
-1.000188E+00,-2.411963E-07
1704807317
-1.000230E+00,-2.403764E-07
1704807328
-1.000102E+00,-2.411840E-07
1704807338
-1.000146E+00,-2.413953E-07
1704807348
-1.000181E+00,-2.420470E-07
1704807358
-1.000180E+00,-2.435483E-07
1704807369
-1.000235E+00,-2.448461E-07
1704807379
-1.000291E+00,-2.468015E-07
1704807389
-1.000232E+00,-2.450463E-07
1704807400
-1.000234E+00,-2.454139E-07
1704807410
-1.000221E+00,-2.447203E-07
1704807420
-1.000174E+00,-2.434002E-07
1704807430
-1.000172E+00,-2.433055E-07
1704807441
-1.000176E+00,-2.464675E-07
1704807451
-1.000181E+00,-2.439458E-07
1704807461
-1.000112E+00,-2.460429E-07
1704807472
-1.000142E+00,-2.439652E-07
1704807482
-1.000158E+00,-2.488027E-07
1704807492
-1.000118E+00,-2.484496E-07
1704807502
-1.000125E+00,-2.504841E-07
1704807512
-1.000144E+00,-2.530437E-07
1704807523
-1.000117E+00,-2.518408E-07
1704807533
-1.000023E+00,-2.535560E-07
1704807543
-1.000267E+00,-2.523433E-07
1704807554
-1.000120E+00,-2.534070E-07
1704807564
-1.000165E+00,-2.574769E-07
1704807574
-1.000219E+00,-2.585471E-07
1704807585
-1.000151E+00,-2.598034E-07
1704807595
-1.000073E+00,-2.619420E-07
1704807605
-1.000163E+00,-2.617282E-07
1704807615
-1.000117E+00,-2.611256E-07
1704807626
-1.000085E+00,-2.621498E-07
1704807636
-1.000082E+00,-2.618687E-07
1704807646
-1.000116E+00,-2.611743E-07
1704807657
-1.000214E+00,-2.580920E-07
1704807667
-1.000145E+00,-2.600333E-07
1704807677
-1.000209E+00,-2.627276E-07
1704807688
-1.000247E+00,-2.638822E-07
1704807698
-1.000252E+00,-2.665977E-07
1704807708
-1.000108E+00,-2.656664E-07
1704807718
-1.000181E+00,-2.677629E-07
1704807729
-1.000194E+00,-2.704091E-07
1704807739
-1.000209E+00,-2.675355E-07
1704807749
-1.000150E+00,-2.694916E-07
1704807760
-1.000191E+00,-2.669329E-07
1704807770
-1.000216E+00,-2.695580E-07
1704807780
-1.000205E+00,-2.678351E-07
1704807790
-1.000150E+00,-2.694628E-07
1704807801
-1.000233E+00,-2.655225E-07
1704807811
-1.000118E+00,-2.695107E-07
1704807821
-1.000059E+00,-2.703701E-07
1704807832
-1.000072E+00,-2.684895E-07
1704807842
-1.000131E+00,-2.693606E-07
1704807852
-1.000109E+00,-2.716660E-07
1704807863
-1.000059E+00,-2.714338E-07
1704807873
-1.000200E+00,-2.735078E-07
1704807883
-1.000139E+00,-2.734157E-07
1704807894
-1.000089E+00,-2.720107E-07
1704807904
-1.000231E+00,-2.776038E-07
1704807914
-1.000171E+00,-2.759234E-07
1704807924
-1.000099E+00,-2.719762E-07
1704807935
-1.000085E+00,-2.782640E-07
1704807945
-1.000123E+00,-2.798054E-07
1704807955
-1.000107E+00,-2.781340E-07
1704807966
-1.000113E+00,-2.801738E-07
1704807976
-1.000131E+00,-2.788679E-07
1704807986
-1.000049E+00,-2.839618E-07
1704807996
-1.000144E+00,-2.798349E-07
1704808006
-1.000131E+00,-2.811912E-07
1704808017
-1.000154E+00,-2.815112E-07
1704808027
-1.000093E+00,-2.833403E-07
1704808037
-1.000157E+00,-2.819610E-07
1704808048
-1.000160E+00,-2.834904E-07
1704808058
-1.000143E+00,-2.838569E-07
1704808068
-1.000192E+00,-2.835749E-07
1704808079
-1.000188E+00,-2.870648E-07
1704808089
-1.000173E+00,-2.866680E-07
1704808099
-1.000185E+00,-2.866105E-07
1704808109
-1.000153E+00,-2.886189E-07
1704808120
-1.000132E+00,-2.863462E-07
1704808130
-1.000045E+00,-2.877322E-07
1704808140
-1.000114E+00,-2.893189E-07
1704808151
-1.000194E+00,-2.869185E-07
1704808161
-1.000166E+00,-2.908441E-07
1704808171
-1.000213E+00,-2.910032E-07
1704808181
-1.000154E+00,-2.897386E-07
1704808192
-1.000185E+00,-2.909385E-07
1704808202
-1.000153E+00,-2.935528E-07
1704808212
-1.000097E+00,-2.963609E-07
1704808223
-1.000084E+00,-2.957571E-07
1704808233
-1.000165E+00,-2.928831E-07
1704808243
-1.000207E+00,-2.922591E-07
1704808253
-1.000262E+00,-2.938975E-07
1704808264
-1.000139E+00,-2.956535E-07
1704808274
-1.000110E+00,-2.980339E-07
1704808284
-1.000126E+00,-2.944640E-07
1704808294
-1.000202E+00,-2.933194E-07
1704808305
-1.000117E+00,-2.946437E-07
1704808315
-1.000232E+00,-2.971089E-07
1704808325
-1.000207E+00,-2.965588E-07
1704808336
-1.000180E+00,-2.999420E-07
1704808346
-1.000133E+00,-3.042046E-07
1704808356
-1.000186E+00,-3.044360E-07
1704808367
-1.000084E+00,-3.045633E-07
1704808377
-1.000126E+00,-3.063659E-07
1704808387
-1.000067E+00,-3.076025E-07
1704808397
-1.000080E+00,-3.093751E-07
1704808408
-1.000075E+00,-3.079293E-07
1704808418
-1.000133E+00,-3.092347E-07
1704808428
-1.000128E+00,-3.093631E-07
1704808439
-1.000229E+00,-3.122022E-07
1704808449
-1.000150E+00,-3.154676E-07
1704808459
-1.000163E+00,-3.114939E-07
1704808470
-1.000085E+00,-3.133620E-07
1704808480
-1.000230E+00,-3.116676E-07
1704808490
-1.000108E+00,-3.168460E-07
1704808500
-1.000179E+00,-3.119306E-07
1704808511
-1.000157E+00,-3.149162E-07
1704808521
-1.000101E+00,-3.154005E-07
1704808531
-1.000229E+00,-3.189439E-07
1704808542
-1.000165E+00,-3.200064E-07
1704808552
-1.000215E+00,-3.220103E-07
1704808562
-1.000156E+00,-3.210199E-07
1704808572
-1.000172E+00,-3.195139E-07
1704808583
-1.000111E+00,-3.185828E-07
1704808593
-1.000186E+00,-3.253471E-07
1704808603
-1.000172E+00,-3.176925E-07
1704808614
-1.000131E+00,-3.231029E-07
1704808624
-1.000201E+00,-3.237570E-07
1704808634
-1.000117E+00,-3.217555E-07
1704808645
-1.000124E+00,-3.241723E-07
1704808655
-1.000199E+00,-3.273188E-07
1704808665
-1.000160E+00,-3.271893E-07
1704808676
-1.000173E+00,-3.257989E-07
1704808686
-1.000178E+00,-3.268061E-07
1704808696
-1.000146E+00,-3.273319E-07
1704808706
-1.000134E+00,-3.246255E-07
1704808717
-1.000155E+00,-3.257776E-07
1704808727
-1.000085E+00,-3.268476E-07
1704808737
-1.000158E+00,-3.286292E-07
1704808748
-1.000172E+00,-3.286332E-07
1704808758
-1.000120E+00,-3.305340E-07
1704808768
-1.000204E+00,-3.346791E-07
1704808779
-1.000134E+00,-3.289555E-07
1704808789
-1.000094E+00,-3.338287E-07
1704808799
-1.000178E+00,-3.326163E-07
1704808809
-1.000121E+00,-3.317311E-07
1704808820
-1.000143E+00,-3.338988E-07
1704808830
-1.000192E+00,-3.294914E-07
1704808840
-1.000204E+00,-3.333786E-07
1704808851
-1.000184E+00,-3.361964E-07
1704808861
-1.000156E+00,-3.331227E-07
1704808871
-1.000208E+00,-3.340261E-07
1704808881
-1.000071E+00,-3.308638E-07
1704808892
-1.000221E+00,-3.370846E-07
1704808902
-1.000160E+00,-3.372596E-07
1704808912
-1.000146E+00,-3.379778E-07
1704808923
-9.999948E-01,-3.374846E-07
1704808933
-1.000168E+00,-3.391310E-07
1704808943
-1.000132E+00,-3.403816E-07
1704808953
-1.000192E+00,-3.401890E-07
1704808964
-1.000227E+00,-3.410153E-07
1704808974
-1.000188E+00,-3.382748E-07
1704808984
-1.000179E+00,-3.459260E-07
1704808994
-1.000128E+00,-3.443810E-07
1704809005
-1.000204E+00,-3.464860E-07
1704809015
-1.000151E+00,-3.459251E-07
1704809025
-1.000204E+00,-3.463440E-07
1704809036
-1.000136E+00,-3.486069E-07
1704809046
-1.000161E+00,-3.520520E-07
1704809056
-1.000174E+00,-3.507367E-07
1704809067
-1.000182E+00,-3.505511E-07
1704809077
-1.000233E+00,-3.516197E-07
1704809087
-1.000137E+00,-3.512635E-07
1704809097
-1.000192E+00,-3.493132E-07
1704809108
-1.000147E+00,-3.485075E-07
1704809118
-1.000202E+00,-3.522836E-07
1704809128
-1.000130E+00,-3.582428E-07
1704809139
-1.000168E+00,-3.590981E-07
1704809149
-1.000199E+00,-3.575104E-07
1704809159
-1.000277E+00,-3.609078E-07
1704809170
-1.000226E+00,-3.636946E-07
1704809180
-1.000185E+00,-3.616309E-07
1704809190
-1.000136E+00,-3.601462E-07
1704809200
-1.000155E+00,-3.604871E-07
1704809210
-1.000189E+00,-3.629328E-07
1704809221
-1.000229E+00,-3.632962E-07
1704809231
-1.000242E+00,-3.663590E-07
1704809241
-1.000068E+00,-3.638852E-07
1704809251
-1.000169E+00,-3.629537E-07
1704809262
-1.000199E+00,-3.619288E-07
1704809272
-1.000148E+00,-3.673339E-07
1704809282
-1.000207E+00,-3.661031E-07
1704809292
-1.000216E+00,-3.658427E-07
1704809302
-1.000189E+00,-3.634261E-07
1704809313
-1.000200E+00,-3.671855E-07
1704809323
-1.000232E+00,-3.689570E-07
1704809333
-1.000165E+00,-3.704138E-07
1704809344
-1.000180E+00,-3.657276E-07
1704809354
-1.000186E+00,-3.721764E-07
1704809364
-1.000158E+00,-3.708631E-07
1704809374
-1.000172E+00,-3.706475E-07
1704809384
-1.000220E+00,-3.727108E-07
1704809394
-1.000267E+00,-3.750267E-07
1704809405
-1.000232E+00,-3.707673E-07
1704809415
-1.000161E+00,-3.756510E-07
1704809425
-1.000230E+00,-3.768725E-07
1704809436
-1.000195E+00,-3.801827E-07
1704809446
-1.000203E+00,-3.773532E-07
1704809456
-1.000132E+00,-3.828404E-07
1704809466
-1.000166E+00,-3.809929E-07
1704809476
-1.000178E+00,-3.843366E-07
1704809487
-1.000179E+00,-3.788294E-07
1704809497
-1.000243E+00,-3.806496E-07
1704809507
-1.000188E+00,-3.829966E-07
1704809518
-1.000186E+00,-3.863629E-07
1704809528
-1.000229E+00,-3.852368E-07
1704809538
-1.000234E+00,-3.858668E-07
1704809548
-1.000133E+00,-3.853712E-07
1704809558
-1.000207E+00,-3.853009E-07
1704809569
-1.000144E+00,-3.831848E-07
1704809579
-1.000185E+00,-3.895843E-07
1704809589
-1.000171E+00,-3.864286E-07
1704809600
-1.000236E+00,-3.881935E-07
1704809610
-1.000200E+00,-3.851862E-07
1704809620
-1.000169E+00,-3.842583E-07
1704809630
-1.000215E+00,-3.935902E-07
1704809641
-1.000231E+00,-3.923060E-07
1704809651
-1.000230E+00,-3.909938E-07
1704809661
-1.000222E+00,-3.916812E-07
1704809671
-1.000155E+00,-3.960237E-07
1704809681
-1.000207E+00,-3.919286E-07
1704809692
-1.000195E+00,-3.932025E-07
1704809702
-1.000258E+00,-3.941750E-07
1704809712
-1.000249E+00,-3.989609E-07
1704809723
-1.000162E+00,-3.984307E-07
1704809733
-1.000266E+00,-4.024471E-07
1704809743
-1.000160E+00,-3.994397E-07
1704809753
-1.000238E+00,-4.050808E-07
1704809764
-1.000352E+00,-4.056864E-07
1704809774
-1.000241E+00,-4.056292E-07
1704809784
-1.000238E+00,-4.032203E-07
1704809795
-1.000230E+00,-4.033498E-07
