1704883473
+1.002682E+00,-1.319195E-08
1704883484
+1.002661E+00,-1.315194E-08
1704883494
+1.002639E+00,-1.215619E-08
1704883504
+1.002656E+00,-1.522138E-08
1704883515
+1.002627E+00,-1.290436E-08
1704883525
+1.002753E+00,-1.404974E-08
1704883535
+1.002697E+00,-1.621921E-08
1704883545
+1.002830E+00,-1.296730E-08
1704883556
+1.002822E+00,-1.422689E-08
1704883566
+1.002855E+00,-1.356584E-08
1704883576
+1.002814E+00,-1.512428E-08
1704883587
+1.002745E+00,-1.394764E-08
1704883597
+1.002719E+00,-1.366505E-08
1704883607
+1.002733E+00,-1.302483E-08
1704883618
+1.002818E+00,-1.268097E-08
1704883628
+1.002773E+00,-1.368589E-08
1704883638
+1.002795E+00,-1.378009E-08
1704883648
+1.002786E+00,-1.423232E-08
1704883659
+1.002702E+00,-1.316446E-08
1704883669
+1.002653E+00,-1.387386E-08
1704883679
+1.002759E+00,-1.245881E-08
1704883690
+1.002807E+00,-1.345789E-08
1704883700
+1.002833E+00,-1.359711E-08
1704883710
+1.002805E+00,-1.299357E-08
1704883720
+1.002836E+00,-1.400516E-08
1704883731
+1.002733E+00,-1.351874E-08
1704883741
+1.002710E+00,-1.379925E-08
1704883751
+1.002666E+00,-1.400057E-08
1704883762
+1.002715E+00,-1.384010E-08
1704883772
+1.002628E+00,-1.582785E-08
1704883782
+1.002718E+00,-1.597123E-08
1704883793
+1.002627E+00,-1.647599E-08
1704883803
+1.002625E+00,-1.687153E-08
1704883813
+1.002596E+00,-1.775057E-08
1704883823
+1.002638E+00,-1.507385E-08
1704883834
+1.002738E+00,-1.381634E-08
1704883844
+1.002725E+00,-1.377132E-08
1704883854
+1.002633E+00,-1.400891E-08
1704883865
+1.002822E+00,-1.552941E-08
1704883875
+1.002760E+00,-1.596914E-08
1704883885
+1.002647E+00,-1.355542E-08
1704883895
+1.002728E+00,-1.385386E-08
1704883906
+1.002638E+00,-1.535562E-08
1704883916
+1.002669E+00,-1.644847E-08
1704883926
+1.002665E+00,-1.666063E-08
1704883937
+1.002691E+00,-1.508135E-08
1704883947
+1.002688E+00,-1.341871E-08
1704883957
+1.002748E+00,-1.535227E-08
1704883968
+1.002644E+00,-1.440196E-08
1704883978
+1.002761E+00,-1.458786E-08
1704883988
+1.002660E+00,-1.484752E-08
1704883998
+1.002705E+00,-1.458785E-08
1704884009
+1.002703E+00,-1.519764E-08
1704884019
+1.002757E+00,-1.565446E-08
1704884029
+1.002770E+00,-1.613629E-08
1704884039
+1.002686E+00,-1.618964E-08
1704884050
+1.002686E+00,-1.569406E-08
1704884060
+1.002761E+00,-1.499883E-08
1704884070
+1.002776E+00,-1.589954E-08
1704884081
+1.002665E+00,-1.528767E-08
1704884091
+1.002635E+00,-1.872048E-08
1704884101
+1.002649E+00,-1.577241E-08
1704884112
+1.002699E+00,-1.465246E-08
1704884122
+1.002713E+00,-1.694240E-08
1704884132
+1.002725E+00,-1.569239E-08
1704884142
+1.002644E+00,-1.571531E-08
1704884153
+1.002711E+00,-1.640888E-08
1704884163
+1.002554E+00,-1.592080E-08
1704884173
+1.002707E+00,-1.562154E-08
1704884184
+1.002698E+00,-1.727083E-08
1704884194
+1.002592E+00,-1.715788E-08
1704884204
+1.002689E+00,-1.732461E-08
1704884215
+1.002617E+00,-1.615755E-08
1704884225
+1.002717E+00,-1.859461E-08
1704884235
+1.002704E+00,-1.583995E-08
1704884245
+1.002714E+00,-1.624634E-08
1704884256
+1.002680E+00,-1.545648E-08
1704884266
+1.002708E+00,-1.772434E-08
1704884276
+1.002746E+00,-1.596208E-08
1704884286
+1.002816E+00,-1.467749E-08
1704884297
+1.002682E+00,-1.542774E-08
1704884307
+1.002646E+00,-1.530436E-08
1704884317
+1.002719E+00,-1.564239E-08
1704884328
+1.002721E+00,-1.526184E-08
1704884338
+1.002707E+00,-1.387304E-08
1704884348
+1.002672E+00,-1.391639E-08
1704884359
+1.002757E+00,-1.509721E-08
1704884369
+1.002661E+00,-1.405394E-08
1704884379
+1.002645E+00,-1.530603E-08
1704884389
+1.002650E+00,-1.489047E-08
1704884400
+1.002701E+00,-1.503718E-08
1704884410
+1.002765E+00,-1.597207E-08
1704884420
+1.002724E+00,-1.552568E-08
1704884431
+1.002811E+00,-1.584579E-08
1704884441
+1.002730E+00,-1.642932E-08
1704884451
+1.002798E+00,-1.586454E-08
1704884461
+1.002753E+00,-1.622591E-08
1704884472
+1.002691E+00,-2.011346E-08
1704884482
+1.002734E+00,-1.827368E-08
1704884492
+1.002704E+00,-1.597416E-08
1704884503
+1.002814E+00,-1.694406E-08
1704884513
+1.002825E+00,-1.623675E-08
1704884523
+1.002812E+00,-1.865172E-08
1704884533
+1.002735E+00,-2.103126E-08
1704884544
+1.002812E+00,-1.753260E-08
1704884554
+1.002738E+00,-1.826951E-08
1704884564
+1.002708E+00,-2.076242E-08
1704884575
+1.002867E+00,-1.775016E-08
1704884585
+1.002775E+00,-2.034519E-08
1704884595
+1.002704E+00,-2.196616E-08
1704884606
+1.002766E+00,-1.892681E-08
1704884616
+1.002767E+00,-1.917439E-08
1704884626
+1.002814E+00,-1.654560E-08
1704884636
+1.002767E+00,-1.772016E-08
1704884647
+1.002791E+00,-1.795232E-08
1704884657
+1.002804E+00,-1.617756E-08
1704884667
+1.002730E+00,-1.611545E-08
1704884678
+1.002834E+00,-1.968955E-08
1704884688
+1.002680E+00,-1.771514E-08
1704884698
+1.002723E+00,-1.947782E-08
1704884708
+1.002766E+00,-1.755010E-08
1704884719
+1.002801E+00,-1.820865E-08
1704884729
+1.002744E+00,-1.663520E-08
1704884739
+1.002693E+00,-2.306693E-08
1704884750
+1.002690E+00,-2.027392E-08
1704884760
+1.002777E+00,-1.820573E-08
1704884770
+1.002778E+00,-1.708035E-08
1704884780
+1.002778E+00,-1.999507E-08
1704884791
+1.002788E+00,-1.945739E-08
1704884801
+1.002740E+00,-1.773765E-08
1704884811
+1.002787E+00,-1.749799E-08
1704884822
+1.002773E+00,-1.841079E-08
1704884832
+1.002781E+00,-1.702157E-08
1704884842
+1.002799E+00,-1.767470E-08
1704884852
+1.002791E+00,-2.002841E-08
1704884863
+1.002779E+00,-2.779475E-08
1704884873
+1.002712E+00,-2.060903E-08
1704884883
+1.002798E+00,-1.956618E-08
1704884894
+1.002798E+00,-2.307026E-08
1704884904
+1.002676E+00,-1.812652E-08
1704884914
+1.002691E+00,-1.835244E-08
1704884924
+1.002671E+00,-1.713954E-08
1704884935
+1.002647E+00,-1.932694E-08
1704884945
+1.002769E+00,-1.920814E-08
1704884955
+1.002744E+00,-1.975584E-08
1704884965
+1.002823E+00,-1.689905E-08
1704884976
+1.002814E+00,-2.038896E-08
1704884986
+1.002723E+00,-1.977875E-08
1704884996
+1.002844E+00,-1.941863E-08
1704885007
+1.002858E+00,-1.751341E-08
1704885017
+1.002820E+00,-1.877467E-08
1704885027
+1.002810E+00,-1.789939E-08
1704885038
+1.002745E+00,-1.825158E-08
1704885048
+1.002783E+00,-1.718248E-08
1704885058
+1.002847E+00,-1.856711E-08
1704885068
+1.002767E+00,-1.757843E-08
1704885079
+1.002874E+00,-1.809902E-08
1704885089
+1.002841E+00,-1.716496E-08
1704885099
+1.002669E+00,-1.785894E-08
1704885110
+1.002756E+00,-1.719789E-08
1704885120
+1.002763E+00,-1.596998E-08
1704885130
+1.002742E+00,-1.753675E-08
1704885141
+1.002728E+00,-1.811027E-08
1704885151
+1.002752E+00,-1.858377E-08
1704885161
+1.002828E+00,-1.723748E-08
1704885171
+1.002810E+00,-1.751008E-08
1704885182
+1.002887E+00,-1.773390E-08
1704885192
+1.002851E+00,-1.752799E-08
1704885202
+1.002791E+00,-1.677649E-08
1704885213
+1.002814E+00,-1.877592E-08
1704885223
+1.002774E+00,-1.811695E-08
1704885233
+1.002685E+00,-1.890805E-08
1704885244
+1.002825E+00,-1.883177E-08
1704885254
+1.002796E+00,-1.772182E-08
1704885264
+1.002760E+00,-1.763345E-08
1704885275
+1.002709E+00,-1.917230E-08
1704885285
+1.002791E+00,-1.919480E-08
1704885295
+1.002779E+00,-1.806693E-08
1704885305
+1.002759E+00,-1.848165E-08
1704885316
+1.002841E+00,-1.910228E-08
1704885326
+1.002745E+00,-1.835911E-08
1704885336
+1.002686E+00,-1.841705E-08
1704885347
+1.002814E+00,-2.029267E-08
1704885357
+1.002782E+00,-1.980751E-08
1704885367
+1.002668E+00,-2.027642E-08
1704885377
+1.002739E+00,-2.120840E-08
1704885388
+1.002776E+00,-1.945198E-08
1704885398
+1.002829E+00,-1.966246E-08
1704885408
+1.002651E+00,-2.034561E-08
1704885419
+1.002806E+00,-2.064404E-08
1704885429
+1.002736E+00,-1.971206E-08
1704885439
+1.002756E+00,-1.951199E-08
1704885450
+1.002746E+00,-2.015096E-08
1704885460
+1.002810E+00,-1.854917E-08
1704885470
+1.002812E+00,-2.159144E-08
1704885480
+1.002708E+00,-2.104544E-08
1704885491
+1.002920E+00,-2.004635E-08
1704885501
+1.002747E+00,-1.952327E-08
1704885511
+1.002821E+00,-2.078034E-08
1704885522
+1.002830E+00,-2.090080E-08
1704885532
+1.002813E+00,-2.031018E-08
1704885542
+1.002775E+00,-1.925526E-08
1704885553
+1.002816E+00,-1.963912E-08
1704885563
+1.002789E+00,-2.089038E-08
1704885573
+1.002714E+00,-2.013012E-08
1704885583
+1.002673E+00,-2.056361E-08
1704885594
+1.002611E+00,-2.109753E-08
1704885604
+1.002724E+00,-2.096998E-08
1704885614
+1.002792E+00,-2.073448E-08
1704885625
+1.002679E+00,-2.199825E-08
1704885635
+1.002694E+00,-2.028976E-08
1704885645
+1.002699E+00,-2.062944E-08
1704885655
+1.002688E+00,-1.986961E-08
1704885666
+1.002769E+00,-1.942947E-08
1704885676
+1.002620E+00,-2.039854E-08
1704885686
+1.002757E+00,-2.160771E-08
1704885697
+1.002693E+00,-2.053568E-08
1704885707
+1.002728E+00,-2.032769E-08
1704885717
+1.002744E+00,-2.336329E-08
1704885727
+1.002689E+00,-2.168690E-08
1704885738
+1.002718E+00,-2.182695E-08
1704885748
+1.002653E+00,-2.147266E-08
1704885758
+1.002786E+00,-2.176401E-08
1704885769
+1.002763E+00,-2.134595E-08
1704885779
+1.002801E+00,-2.232377E-08
1704885789
+1.002759E+00,-2.078660E-08
1704885800
+1.002784E+00,-1.927692E-08
1704885810
+1.002756E+00,-1.995799E-08
1704885820
+1.002864E+00,-2.023310E-08
1704885830
+1.002817E+00,-2.193907E-08
1704885841
+1.002741E+00,-2.160730E-08
1704885851
+1.002808E+00,-2.038398E-08
1704885861
+1.002786E+00,-2.033146E-08
1704885872
+1.002786E+00,-2.269225E-08
1704885882
+1.002803E+00,-2.122259E-08
1704885892
+1.002894E+00,-2.157188E-08
1704885903
+1.002860E+00,-2.027644E-08
1704885913
+1.002747E+00,-2.019266E-08
1704885923
+1.002820E+00,-2.043608E-08
1704885933
+1.002730E+00,-2.146517E-08
1704885944
+1.002884E+00,-1.951326E-08
1704885954
+1.002716E+00,-2.074326E-08
1704885964
+1.002815E+00,-2.083454E-08
1704885975
+1.002790E+00,-2.167357E-08
1704885985
+1.002701E+00,-2.040940E-08
1704885995
+1.002804E+00,-2.074451E-08
1704886006
+1.002811E+00,-2.062573E-08
1704886016
+1.002674E+00,-2.124218E-08
1704886026
+1.002740E+00,-2.179695E-08
1704886036
+1.002752E+00,-2.174402E-08
1704886047
+1.002770E+00,-2.118258E-08
1704886057
+1.002778E+00,-2.048859E-08
1704886067
+1.002796E+00,-2.049193E-08
1704886078
+1.002766E+00,-2.244634E-08
1704886088
+1.002829E+00,-2.122717E-08
1704886098
+1.002772E+00,-2.144641E-08
1704886109
+1.002729E+00,-2.217790E-08
1704886119
+1.002835E+00,-2.222709E-08
1704886129
+1.002722E+00,-2.324994E-08
1704886139
+1.002693E+00,-2.237547E-08
1704886150
+1.002807E+00,-2.212289E-08
1704886160
+1.002902E+00,-2.255803E-08
1704886170
+1.002793E+00,-2.208163E-08
1704886181
+1.002784E+00,-2.187280E-08
1704886191
+1.002770E+00,-2.022309E-08
1704886201
+1.002829E+00,-2.104544E-08
1704886212
+1.002879E+00,-2.152894E-08
1704886222
+1.002759E+00,-2.200158E-08
1704886232
+1.002829E+00,-2.229419E-08
1704886242
+1.002870E+00,-2.262181E-08
1704886253
+1.002818E+00,-2.160812E-08
1704886263
+1.002863E+00,-2.129344E-08
1704886273
+1.002818E+00,-2.206577E-08
1704886284
+1.002796E+00,-2.234628E-08
1704886294
+1.002834E+00,-2.207870E-08
1704886304
+1.002835E+00,-2.225793E-08
1704886314
+1.002745E+00,-2.145765E-08
1704886325
+1.002810E+00,-2.250842E-08
1704886335
+1.002830E+00,-2.186488E-08
1704886345
+1.002788E+00,-2.403518E-08
1704886356
+1.002764E+00,-2.246300E-08
1704886366
+1.002818E+00,-2.278143E-08
1704886376
+1.002756E+00,-2.384219E-08
1704886387
+1.002759E+00,-2.200325E-08
1704886397
+1.002714E+00,-2.248759E-08
1704886407
+1.002808E+00,-2.232712E-08
1704886417
+1.002755E+00,-2.296276E-08
1704886428
+1.002868E+00,-2.374886E-08
1704886438
+1.002798E+00,-2.326785E-08
1704886448
+1.002683E+00,-2.418524E-08
1704886459
+1.002703E+00,-2.444867E-08
1704886469
+1.002831E+00,-2.436739E-08
1704886479
+1.002835E+00,-2.301653E-08
1704886490
+1.002786E+00,-2.148309E-08
1704886500
+1.002751E+00,-2.306070E-08
1704886510
+1.002854E+00,-2.394683E-08
1704886520
+1.002757E+00,-2.361713E-08
1704886531
+1.002719E+00,-2.254178E-08
1704886541
+1.002783E+00,-2.227835E-08
1704886551
+1.002832E+00,-2.336954E-08
1704886562
+1.002823E+00,-2.392682E-08
1704886572
+1.002818E+00,-2.319659E-08
1704886582
+1.002850E+00,-2.558072E-08
1704886593
+1.002817E+00,-2.378302E-08
1704886603
+1.002773E+00,-2.313947E-08
1704886613
+1.002758E+00,-2.396516E-08
1704886623
+1.002833E+00,-2.436530E-08
1704886634
+1.002818E+00,-2.476544E-08
1704886644
+1.002839E+00,-2.458121E-08
1704886654
+1.002768E+00,-2.544567E-08
1704886665
+1.002672E+00,-2.445075E-08
1704886675
+1.002719E+00,-2.368841E-08
1704886685
+1.002751E+00,-2.412940E-08
1704886696
+1.002798E+00,-2.465248E-08
1704886706
+1.002875E+00,-2.523602E-08
1704886716
+1.002774E+00,-2.349543E-08
1704886726
+1.002818E+00,-2.426819E-08
1704886737
+1.002773E+00,-2.381346E-08
1704886747
+1.002749E+00,-2.556863E-08
1704886757
+1.002859E+00,-2.459747E-08
1704886768
+1.002834E+00,-2.505679E-08
1704886778
+1.002827E+00,-2.251803E-08
1704886788
+1.002762E+00,-2.430988E-08
1704886799
+1.002764E+00,-2.475918E-08
1704886809
+1.002815E+00,-2.576911E-08
1704886819
+1.002811E+00,-2.596209E-08
1704886829
+1.002744E+00,-2.515599E-08
1704886840
+1.002820E+00,-2.626927E-08
1704886850
+1.002865E+00,-2.512890E-08
1704886860
+1.002842E+00,-2.681738E-08
1704886871
+1.002673E+00,-2.695784E-08
1704886881
+1.002737E+00,-2.590415E-08
1704886891
+1.002713E+00,-2.435739E-08
1704886902
+1.002880E+00,-2.469042E-08
1704886912
+1.002828E+00,-2.336207E-08
1704886922
+1.002882E+00,-2.302445E-08
1704886932
+1.002856E+00,-2.417484E-08
1704886943
+1.002751E+00,-2.375886E-08
1704886953
+1.002804E+00,-2.182613E-08
1704886963
+1.002838E+00,-2.465333E-08
1704886974
+1.002804E+00,-2.519017E-08
1704886984
+1.002831E+00,-2.373427E-08
1704886994
+1.002900E+00,-2.390099E-08
1704887005
+1.002791E+00,-2.407063E-08
1704887015
+1.002779E+00,-2.528144E-08
1704887025
+1.002679E+00,-2.463873E-08
1704887035
+1.002778E+00,-2.383429E-08
1704887046
+1.002833E+00,-2.459163E-08
1704887056
+1.002714E+00,-2.478836E-08
1704887066
+1.002791E+00,-2.374594E-08
1704887077
+1.002749E+00,-2.485756E-08
1704887087
+1.002828E+00,-2.454288E-08
1704887097
+1.002802E+00,-2.464749E-08
1704887108
+1.002810E+00,-2.389890E-08
1704887118
+1.002751E+00,-2.414189E-08
1704887128
+1.002819E+00,-2.628719E-08
1704887139
+1.002772E+00,-2.724919E-08
1704887149
+1.002857E+00,-2.480504E-08
1704887159
+1.002822E+00,-2.586580E-08
1704887169
+1.002746E+00,-2.519809E-08
1704887180
+1.002709E+00,-2.540524E-08
1704887190
+1.002759E+00,-2.448118E-08
1704887200
+1.002746E+00,-2.454621E-08
1704887211
+1.002709E+00,-2.395351E-08
1704887221
+1.002648E+00,-2.374053E-08
1704887231
+1.002736E+00,-2.358506E-08
1704887242
+1.002782E+00,-2.366008E-08
1704887252
+1.002833E+00,-2.491551E-08
1704887262
+1.002799E+00,-2.539191E-08
1704887272
+1.002743E+00,-2.519727E-08
1704887283
+1.002857E+00,-2.592418E-08
1704887293
+1.002824E+00,-2.470168E-08
1704887303
+1.002838E+00,-2.457956E-08
1704887314
+1.002859E+00,-2.374802E-08
1704887324
+1.002730E+00,-2.418610E-08
1704887334
+1.002792E+00,-2.482797E-08
1704887345
+1.002759E+00,-2.577162E-08
1704887355
+1.002816E+00,-2.660065E-08
1704887365
+1.002851E+00,-2.355712E-08
1704887375
+1.002800E+00,-2.433321E-08
1704887386
+1.002738E+00,-2.489757E-08
1704887396
+1.002850E+00,-2.741216E-08
1704887406
+1.002783E+00,-2.824160E-08
1704887417
+1.002790E+00,-2.661273E-08
1704887427
+1.002658E+00,-2.532729E-08
1704887437
+1.002828E+00,-2.834039E-08
1704887448
+1.002777E+00,-2.636681E-08
1704887458
+1.002814E+00,-2.613631E-08
1704887468
+1.002775E+00,-2.750135E-08
1704887478
+1.002685E+00,-2.571992E-08
1704887489
+1.002723E+00,-2.497342E-08
1704887499
+1.002829E+00,-2.387222E-08
1704887509
+1.002720E+00,-2.583538E-08
1704887520
+1.002775E+00,-2.574534E-08
1704887530
+1.002707E+00,-2.641349E-08
1704887540
+1.002791E+00,-2.701744E-08
1704887551
+1.002807E+00,-2.787313E-08
1704887561
+1.002736E+00,-2.534896E-08
1704887571
+1.002786E+00,-2.375551E-08
1704887582
+1.002729E+00,-2.650767E-08
1704887592
+1.002816E+00,-2.515557E-08
1704887602
+1.002787E+00,-2.581329E-08
1704887612
+1.002699E+00,-2.719125E-08
1704887623
+1.002841E+00,-2.646977E-08
1704887633
+1.002852E+00,-2.589958E-08
1704887643
+1.002831E+00,-2.699911E-08
1704887654
+1.002800E+00,-2.616465E-08
1704887664
+1.002828E+00,-2.659064E-08
1704887674
+1.002766E+00,-2.500385E-08
1704887685
+1.002741E+00,-2.581037E-08
1704887695
+1.002747E+00,-2.710414E-08
1704887705
+1.002723E+00,-2.676194E-08
1704887715
+1.002752E+00,-2.655563E-08
1704887725
+1.002809E+00,-2.531855E-08
1704887736
+1.002812E+00,-2.539315E-08
1704887746
+1.002731E+00,-2.559280E-08
1704887756
+1.002759E+00,-2.559448E-08
1704887767
+1.002705E+00,-2.635307E-08
1704887777
+1.002711E+00,-2.628762E-08
1704887787
+1.002721E+00,-2.935866E-08
1704887798
+1.002820E+00,-2.664941E-08
1704887808
+1.002790E+00,-2.645311E-08
1704887818
+1.002779E+00,-2.862467E-08
1704887828
+1.002770E+00,-2.804697E-08
1704887839
+1.002783E+00,-2.707248E-08
1704887849
+1.002731E+00,-2.923780E-08
1704887859
+1.002730E+00,-2.715835E-08
1704887870
+1.002834E+00,-3.113135E-08
1704887880
+1.002762E+00,-2.806406E-08
1704887890
+1.002802E+00,-2.774270E-08
1704887901
+1.002691E+00,-2.738717E-08
1704887911
+1.002658E+00,-2.710708E-08
1704887921
+1.002714E+00,-2.580581E-08
1704887931
+1.002712E+00,-2.430364E-08
1704887942
+1.002711E+00,-2.608298E-08
1704887952
+1.002800E+00,-2.641934E-08
1704887962
+1.002748E+00,-2.688825E-08
1704887973
+1.002843E+00,-2.643351E-08
1704887983
+1.002732E+00,-2.717293E-08
1704887993
+1.002787E+00,-2.788650E-08
1704888004
+1.002776E+00,-2.691742E-08
1704888014
+1.002788E+00,-2.641350E-08
1704888024
+1.002687E+00,-2.803363E-08
1704888034
+1.002671E+00,-2.844710E-08
1704888045
+1.002728E+00,-2.811408E-08
1704888055
+1.002616E+00,-2.695953E-08
1704888065
+1.002753E+00,-2.762308E-08
1704888076
+1.002682E+00,-2.637349E-08
1704888086
+1.002828E+00,-2.752930E-08
1704888096
+1.002621E+00,-2.774061E-08
1704888106
+1.002650E+00,-2.726336E-08
1704888117
+1.002839E+00,-2.825370E-08
1704888127
+1.002807E+00,-2.979839E-08
1704888137
+1.002795E+00,-2.881682E-08
1704888147
+1.002728E+00,-2.900438E-08
1704888158
+1.002794E+00,-2.878389E-08
1704888168
+1.002707E+00,-2.919486E-08
1704888178
+1.002714E+00,-2.947955E-08
1704888189
+1.002705E+00,-3.086459E-08
1704888199
+1.002723E+00,-3.084125E-08
1704888209
+1.002832E+00,-3.077997E-08
1704888220
+1.002747E+00,-3.102630E-08
1704888230
+1.002810E+00,-2.969919E-08
1704888240
+1.002776E+00,-3.092168E-08
1704888251
+1.002649E+00,-2.955705E-08
1704888261
+1.002812E+00,-2.932365E-08
1704888271
+1.002623E+00,-3.055657E-08
1704888281
+1.002704E+00,-3.036984E-08
1704888292
+1.002757E+00,-3.069079E-08
1704888302
+1.002823E+00,-3.015227E-08
1704888312
+1.002849E+00,-2.960542E-08
1704888323
+1.002812E+00,-2.838168E-08
1704888333
+1.002763E+00,-2.904023E-08
1704888343
+1.002769E+00,-3.075999E-08
1704888354
+1.002739E+00,-3.058742E-08
1704888364
+1.002765E+00,-2.977048E-08
1704888374
+1.002855E+00,-3.239593E-08
1704888384
+1.002758E+00,-3.193120E-08
1704888394
+1.002732E+00,-3.150481E-08
1704888405
+1.002769E+00,-3.052408E-08
1704888415
+1.002742E+00,-3.030150E-08
1704888425
+1.002677E+00,-2.921072E-08
1704888436
+1.002633E+00,-2.877056E-08
1704888446
+1.002755E+00,-3.242763E-08
1704888456
+1.002692E+00,-2.927115E-08
1704888467
+1.002726E+00,-3.014310E-08
1704888477
+1.002796E+00,-3.190328E-08
1704888487
+1.002720E+00,-2.971129E-08
1704888497
+1.002777E+00,-3.174865E-08
1704888508
+1.002675E+00,-3.024481E-08
1704888518
+1.002731E+00,-3.106341E-08
1704888528
+1.002719E+00,-3.070581E-08
1704888539
+1.002837E+00,-3.127099E-08
1704888549
+1.002841E+00,-2.942453E-08
1704888559
+1.002881E+00,-3.109258E-08
1704888570
+1.002803E+00,-3.185203E-08
1704888580
+1.002850E+00,-3.032609E-08
1704888590
+1.002694E+00,-3.065995E-08
1704888600
+1.002731E+00,-3.108717E-08
1704888611
+1.002780E+00,-3.072790E-08
1704888621
+1.002789E+00,-3.198248E-08
1704888631
+1.002822E+00,-3.093629E-08
1704888642
+1.002731E+00,-3.169281E-08
1704888652
+1.002709E+00,-3.125932E-08
1704888662
+1.002626E+00,-3.092004E-08
1704888672
+1.002896E+00,-3.356468E-08
1704888683
+1.002821E+00,-3.122722E-08
1704888693
+1.002683E+00,-3.294030E-08
1704888703
+1.002698E+00,-3.172197E-08
1704888713
+1.002782E+00,-3.153732E-08
1704888724
+1.002786E+00,-3.309368E-08
1704888734
+1.002816E+00,-3.302407E-08
1704888744
+1.002718E+00,-3.366011E-08
1704888755
+1.002737E+00,-3.579918E-08
1704888765
+1.002813E+00,-3.192495E-08
