1706130292
-3.500519E-01,-4.151270E-08
1706130295
-3.296528E-01,-3.103106E-08
1706130298
-3.091488E-01,-2.977270E-08
1706130300
-2.885930E-01,-2.862353E-08
1706130303
-2.681256E-01,-2.855810E-08
1706130305
-2.510068E-01,-2.847598E-08
1706130308
-2.305727E-01,-2.730432E-08
1706130310
-2.099770E-01,-2.780033E-08
1706130313
-1.895296E-01,-2.772405E-08
1706130316
-1.690355E-01,-2.705672E-08
1706130318
-1.486124E-01,-2.658990E-08
1706130321
-1.281391E-01,-2.711883E-08
1706130323
-1.111070E-01,-2.710883E-08
1706130326
-9.062297E-02,-2.679663E-08
1706130329
-7.006470E-02,-2.668535E-08
1706130331
-4.948973E-02,-2.606096E-08
1706130334
-2.894313E-02,-2.566124E-08
1706130336
-8.512444E-03,-2.638858E-08
1706130339
+1.224486E-02,-2.702506E-08
1706130341
+3.265103E-02,-2.629189E-08
1706130344
+5.304803E-02,-2.667744E-08
1706130347
+7.350670E-02,-2.728431E-08
1706130349
+9.391872E-02,-2.689793E-08
1706130352
+1.109250E-01,-2.679164E-08
1706130354
+1.315204E-01,-2.658199E-08
1706130357
+1.519224E-01,-2.578420E-08
1706130360
+1.724011E-01,-2.615683E-08
1706130362
+1.929599E-01,-2.580670E-08
1706130365
+2.135745E-01,-2.523025E-08
1706130367
+2.340449E-01,-2.493264E-08
1706130370
+2.511497E-01,-2.586924E-08
1706130373
+2.715916E-01,-2.446040E-08
1706130375
+2.921228E-01,-2.542449E-08
1706130378
+3.125382E-01,-2.467714E-08
1706130380
+3.330528E-01,-2.507062E-08
1706130383
+3.535599E-01,-2.519024E-08
1706130385
+3.740528E-01,-2.472800E-08
1706130388
+3.944990E-01,-2.421740E-08
1706130391
+4.116036E-01,-2.429576E-08
1706130393
+4.321348E-01,-2.402024E-08
1706130396
+4.526336E-01,-2.393271E-08
1706130398
+4.731130E-01,-2.382725E-08
1706130401
+4.934711E-01,-2.351799E-08
1706130404
+5.139987E-01,-2.303655E-08
1706130406
+5.345877E-01,-2.317370E-08
1706130409
+5.515490E-01,-2.309659E-08
1706130411
+5.720219E-01,-2.265435E-08
1706130414
+5.924996E-01,-2.283315E-08
1706130417
+6.130143E-01,-2.215583E-08
1706130419
+6.336055E-01,-2.259932E-08
1706130422
+6.541627E-01,-2.195451E-08
1706130424
+6.745923E-01,-2.263309E-08
1706130427
+6.916444E-01,-2.149852E-08
1706130429
+7.121232E-01,-2.112005E-08
1706130432
+7.327042E-01,-2.143682E-08
1706130435
+7.531129E-01,-2.124592E-08
1706130437
+7.736183E-01,-2.064863E-08
1706130440
+7.940167E-01,-2.102209E-08
1706130442
+8.145149E-01,-2.030100E-08
1706130445
+8.315693E-01,-2.010259E-08
1706130448
+8.520623E-01,-2.070406E-08
1706130450
+8.724668E-01,-2.017804E-08
1706130453
+8.929914E-01,-1.902763E-08
1706130455
+9.134910E-01,-1.877838E-08
1706130458
+9.338379E-01,-1.888925E-08
1706130461
+9.544398E-01,-1.861790E-08
1706130463
+9.715428E-01,-1.877671E-08
1706130466
+9.920074E-01,-1.856872E-08
1706130468
+1.012454E+00,-1.720573E-08
1706130471
+1.032884E+00,-1.713696E-08
1706130473
+1.053290E+00,-1.729535E-08
1706130476
+1.074024E+00,-1.621121E-08
1706130479
+1.094632E+00,-1.603824E-08
1706130481
+1.111687E+00,-1.624915E-08
1706130484
+1.132210E+00,-1.528589E-08
1706130486
+1.152711E+00,-1.520586E-08
1706130489
+1.173264E+00,-1.444434E-08
1706130492
+1.193733E+00,-1.343273E-08
1706130494
+1.214311E+00,-1.339272E-08
1706130497
+1.234741E+00,-1.282001E-08
1706130499
+1.251713E+00,-1.292380E-08
1706130502
+1.272267E+00,-1.157415E-08
1706130505
+1.292769E+00,-1.130447E-08
1706130507
+1.313160E+00,-1.066633E-08
1706130510
+1.333737E+00,-1.037956E-08
1706130512
+1.354178E+00,-9.707652E-09
1706130515
+1.374682E+00,-8.343418E-09
1706130517
+1.395229E+00,-8.270059E-09
1706130520
+1.412306E+00,-8.276311E-09
1706130523
+1.432764E+00,-7.076300E-09
1706130525
+1.453208E+00,-6.630307E-09
1706130528
+1.473660E+00,-6.124294E-09
1706130530
+1.494254E+00,-4.662939E-09
1706130533
+1.514880E+00,-4.572076E-09
1706130536
+1.535362E+00,-4.173600E-09
1706130538
+1.552459E+00,-4.280304E-09
1706130541
+1.572958E+00,-3.618408E-09
1706130543
+1.593370E+00,-2.651813E-09
1706130546
+1.613994E+00,-2.720169E-09
1706130549
+1.634375E+00,-1.881125E-09
