1708283207
-5.295146E-05,-9.517723E-09
1708283217
-5.378481E-05,-9.530647E-09
1708283228
-6.712889E-05,-9.537317E-09
1708283238
-5.878964E-05,-9.683219E-09
1708283248
-3.376929E-05,-1.034520E-08
1708283258
-8.881362E-05,-1.009258E-08
1708283269
-1.054933E-04,-9.307209E-09
1708283279
-6.295908E-05,-9.543569E-09
1708283289
-7.380322E-05,-1.032727E-08
1708283300
-1.171716E-04,-1.051278E-08
1708283310
-1.380234E-04,-9.941255E-09
1708283320
-9.131599E-05,-9.263854E-09
1708283331
-1.697158E-04,-9.290948E-09
1708283341
-1.029924E-04,-9.423513E-09
1708283351
-1.221767E-04,-1.071329E-08
1708283361
-1.138356E-04,-1.042065E-08
1708283372
-1.163355E-04,-9.744916E-09
1708283382
-7.380061E-05,-9.232173E-09
1708283392
-1.597089E-04,-9.674461E-09
1708283403
-1.263428E-04,-8.517253E-09
1708283413
-1.255118E-04,-8.928694E-09
1708283423
-1.613731E-04,-9.689890E-09
1708283434
-1.638762E-04,-1.004047E-08
1708283444
-1.605403E-04,-8.918691E-09
1708283454
-1.421917E-04,-1.004422E-08
1708283464
-1.171707E-04,-9.565246E-09
1708283475
-1.513667E-04,-9.985444E-09
1708283485
-1.380204E-04,-1.022598E-08
1708283495
-1.547018E-04,-1.004672E-08
1708283506
-1.338518E-04,-9.641949E-09
1708283516
-1.947349E-04,-9.932087E-09
1708283526
-1.622074E-04,-1.019555E-08
1708283536
-1.396875E-04,-1.026266E-08
1708283547
-9.214794E-05,-9.958351E-09
1708283557
-1.079956E-04,-9.380576E-09
1708283567
-9.298492E-05,-9.963768E-09
1708283578
-4.127640E-05,-1.078749E-08
1708283588
-2.209181E-05,-9.787018E-09
1708283598
-3.960673E-05,-9.750334E-09
1708283609
-7.078238E-06,-8.920360E-09
1708283619
-5.712304E-05,-9.398082E-09
1708283629
-4.294254E-05,-9.914578E-09
1708283639
-3.710482E-05,-9.980442E-09
1708283650
-1.113338E-04,-9.936254E-09
1708283660
-6.796224E-05,-9.437271E-09
1708283670
-8.547744E-05,-9.098776E-09
1708283681
-1.338507E-04,-1.077624E-08
1708283691
-6.629313E-05,-1.012385E-08
1708283701
-6.045737E-05,-9.786184E-09
1708283711
-5.545095E-05,-1.019513E-08
1708283722
-1.788849E-04,-1.142613E-08
1708283732
-1.196693E-04,-1.035729E-08
1708283742
-1.655443E-04,-1.096174E-08
1708283753
-7.713670E-05,-1.162164E-08
1708283763
-1.680469E-04,-1.027433E-08
1708283773
-1.738820E-04,-1.071496E-08
1708283784
-7.046331E-05,-1.085336E-08
1708283794
-8.631088E-05,-1.047151E-08
1708283804
-2.042130E-05,-1.019805E-08
1708283814
-6.796057E-05,-1.043816E-08
1708283825
-5.545011E-05,-9.973776E-09
1708283835
-1.071600E-04,-1.046484E-08
1708283845
-1.430260E-04,-1.034812E-08
1708283856
-1.488606E-04,-9.112536E-09
1708283866
-5.795481E-05,-9.181733E-09
1708283876
-4.711347E-05,-9.908742E-09
1708283886
-1.004894E-04,-1.018846E-08
1708283897
-8.547679E-05,-1.050653E-08
1708283907
-1.063289E-04,-1.112974E-08
1708283917
-1.221733E-04,-1.053988E-08
1708283928
-8.297367E-05,-1.114766E-08
1708283938
-1.413568E-04,-1.154660E-08
1708283948
-7.963982E-05,-1.059698E-08
1708283959
-1.096623E-04,-1.068203E-08
1708283969
-9.298352E-05,-1.057197E-08
1708283979
-1.063279E-04,-9.820368E-09
1708283989
-2.125353E-05,-1.098759E-08
1708284000
-8.630920E-05,-9.875813E-09
1708284010
-3.793975E-05,-1.122520E-08
1708284020
+6.265566E-06,-1.062700E-08
1708284031
-2.042605E-05,-1.117976E-08
1708284041
-2.542734E-05,-1.114141E-08
1708284051
-4.377775E-05,-1.080208E-08
1708284061
-1.208130E-05,-1.060282E-08
1708284072
-2.876222E-05,-1.126147E-08
1708284082
-6.879699E-05,-1.190719E-08
1708284092
-3.460152E-05,-1.140445E-08
1708284103
-3.793659E-05,-1.201141E-08
1708284113
-4.460784E-05,-1.052737E-08
1708284123
-4.627667E-05,-1.023140E-08
1708284134
-5.378304E-05,-1.109014E-08
1708284144
-7.630214E-05,-1.024807E-08
1708284154
-1.246762E-04,-9.826620E-09
1708284164
-1.521963E-04,-9.976278E-09
1708284175
-6.963089E-05,-1.033311E-08
1708284185
-1.288467E-04,-1.078708E-08
1708284195
-1.096601E-04,-9.899994E-09
1708284205
-1.705449E-04,-1.098801E-08
1708284216
-1.530318E-04,-1.064993E-08
1708284226
-1.238371E-04,-1.043233E-08
1708284236
-1.271757E-04,-9.950432E-09
1708284246
-1.747145E-04,-1.030143E-08
1708284257
-1.330146E-04,-1.103845E-08
1708284267
-1.163332E-04,-1.026350E-08
1708284277
-9.798668E-05,-1.058740E-08
1708284287
-1.196706E-04,-1.103344E-08
1708284298
-8.130437E-05,-1.034353E-08
1708284308
-1.213392E-04,-1.077749E-08
1708284318
-1.280121E-04,-1.000879E-08
1708284329
-6.712759E-05,-1.003089E-08
1708284339
-9.715408E-05,-1.053654E-08
1708284349
-8.881283E-05,-1.022723E-08
1708284359
-1.113292E-04,-1.048027E-08
1708284370
-7.796763E-05,-1.020055E-08
1708284380
-1.038253E-04,-1.015511E-08
1708284390
-9.214925E-05,-1.124271E-08
1708284401
-3.960440E-05,-1.057489E-08
1708284411
-4.575867E-06,-1.035187E-08
1708284421
-2.209265E-05,-9.389329E-09
1708284432
-4.576240E-06,-1.103303E-08
1708284442
-1.291558E-05,-1.046818E-08
1708284452
-6.963014E-05,-9.926252E-09
1708284462
-7.546759E-05,-1.010259E-08
1708284473
-7.796902E-05,-1.036188E-08
1708284483
-1.004873E-04,-1.141488E-08
1708284493
-5.128225E-05,-1.051236E-08
1708284504
-1.338471E-04,-1.062200E-08
1708284514
-1.246770E-04,-1.055738E-08
1708284524
-1.722137E-04,-1.053321E-08
1708284535
-1.480280E-04,-1.085753E-08
1708284545
-1.246733E-04,-1.058448E-08
1708284555
-1.330148E-04,-1.052237E-08
1708284565
-1.663777E-04,-9.373073E-09
1708284576
-1.371853E-04,-1.096883E-08
1708284586
-1.288462E-04,-1.206185E-08
1708284596
-1.221747E-04,-1.028809E-08
1708284607
-1.363510E-04,-1.121853E-08
1708284617
-1.488630E-04,-1.202474E-08
1708284627
-1.480285E-04,-1.094507E-08
1708284638
-1.588697E-04,-1.077874E-08
1708284648
-7.880256E-05,-1.069078E-08
1708284658
-7.546777E-05,-1.148282E-08
1708284668
-1.221737E-04,-1.016011E-08
1708284679
-9.381585E-05,-1.043441E-08
1708284689
-8.547744E-05,-1.046025E-08
1708284699
-1.146672E-04,-1.089129E-08
1708284710
-1.113310E-04,-1.050736E-08
1708284720
-1.363535E-04,-9.762423E-09
1708284730
-1.221728E-04,-1.056906E-08
1708284740
-1.238396E-04,-9.938760E-09
1708284751
-4.627751E-05,-1.034437E-08
1708284761
-7.546777E-05,-1.024682E-08
1708284771
-1.355185E-04,-9.734911E-09
1708284782
-8.464251E-05,-1.152659E-08
1708284792
-1.405207E-04,-1.060241E-08
1708284802
-1.496971E-04,-1.076623E-08
1708284812
-1.805563E-04,-1.018804E-08
1708284822
-1.196710E-04,-9.683221E-09
1708284833
-1.521988E-04,-9.701562E-09
1708284843
-1.730463E-04,-9.792859E-09
1708284853
-1.738791E-04,-1.048194E-08
1708284864
-1.338488E-04,-1.054905E-08
1708284874
-1.221742E-04,-9.233840E-09
1708284884
-9.548552E-05,-9.852466E-09
1708284895
-6.045429E-05,-9.972108E-09
1708284905
-9.798538E-05,-9.792441E-09
1708284915
-1.597051E-04,-9.206745E-09
1708284925
-1.455270E-04,-9.364736E-09
1708284936
-9.965580E-05,-9.011652E-09
1708284946
-1.096630E-04,-1.034312E-08
1708284956
-1.355176E-04,-1.006007E-08
1708284967
-1.255101E-04,-1.028059E-08
1708284977
-6.963163E-05,-1.045775E-08
1708284987
-1.063277E-04,-1.051278E-08
1708284998
-7.546879E-05,-9.521893E-09
1708285008
-1.346854E-04,-9.618188E-09
1708285018
-1.805560E-04,-9.897905E-09
1708285028
-1.521969E-04,-9.358068E-09
1708285039
-1.213383E-04,-9.162975E-09
1708285049
-6.963029E-05,-9.797858E-09
1708285059
-1.380193E-04,-9.893320E-09
1708285070
-1.238406E-04,-1.043858E-08
1708285080
-1.597066E-04,-1.082876E-08
1708285090
-1.355175E-04,-1.030185E-08
1708285100
-1.280111E-04,-1.104095E-08
1708285111
-1.430246E-04,-1.129940E-08
1708285121
-1.446907E-04,-1.142113E-08
1708285131
-1.221739E-04,-1.182257E-08
1708285142
-8.881325E-05,-1.190427E-08
1708285152
-6.462690E-05,-1.161872E-08
1708285162
-9.215120E-05,-1.031435E-08
1708285173
-1.163373E-04,-1.054071E-08
1708285183
-1.213424E-04,-1.033561E-08
1708285193
-1.088299E-04,-9.367653E-09
1708285203
-1.029913E-04,-9.543988E-09
1708285214
-9.298306E-05,-9.581922E-09
1708285224
-1.713809E-04,-9.589426E-09
1708285234
-1.813898E-04,-9.852466E-09
1708285245
-1.705474E-04,-1.012843E-08
1708285255
-1.380211E-04,-1.016762E-08
1708285265
-1.104992E-04,-1.103219E-08
1708285276
-8.631199E-05,-1.001296E-08
1708285286
-8.297618E-05,-1.016803E-08
1708285296
-9.131413E-05,-9.975025E-09
1708285306
-8.130707E-05,-9.318047E-09
1708285317
-5.795481E-05,-9.419344E-09
1708285327
-1.380212E-04,-9.387246E-09
1708285337
-5.878937E-05,-9.927084E-09
1708285347
-9.131441E-05,-1.062325E-08
1708285358
+1.262222E-06,-1.015803E-08
1708285368
-5.128085E-05,-9.992534E-09
1708285378
-9.632036E-05,-1.027558E-08
1708285389
-4.127333E-05,-1.051903E-08
1708285399
-1.463626E-04,-1.000337E-08
1708285409
-5.462132E-05,-1.012759E-08
1708285419
-1.875730E-05,-1.023223E-08
1708285430
-8.714748E-05,-9.922497E-09
1708285440
-7.380070E-05,-1.076790E-08
1708285450
-1.163381E-04,-1.029351E-08
1708285460
-1.021576E-04,-9.611519E-09
1708285471
-1.088313E-04,-1.008216E-08
1708285481
-9.048237E-05,-9.812447E-09
1708285491
-1.296831E-04,-1.056989E-08
1708285501
-1.021573E-04,-1.060032E-08
1708285512
-3.460245E-05,-1.022139E-08
1708285522
-2.909638E-06,-1.082876E-08
1708285532
-4.377439E-05,-1.041357E-08
1708285543
-6.629676E-05,-1.116100E-08
1708285553
-4.961528E-05,-1.080208E-08
1708285563
-4.794709E-05,-1.092214E-08
1708285573
-6.963163E-05,-1.040314E-08
1708285584
-7.797219E-05,-9.972938E-09
1708285594
-7.130066E-05,-9.476037E-09
1708285604
-1.213431E-04,-9.832871E-09
1708285615
-8.964814E-05,-1.003213E-08
1708285625
-1.171726E-04,-1.008632E-08
1708285635
-1.605418E-04,-1.003046E-08
1708285646
-1.046624E-04,-1.003213E-08
1708285656
-1.071621E-04,-9.869974E-09
1708285666
-1.346853E-04,-1.089921E-08
1708285676
-1.355192E-04,-1.016011E-08
1708285687
-1.797230E-04,-9.890817E-09
1708285697
-1.530332E-04,-1.015970E-08
1708285707
-1.205063E-04,-1.014511E-08
1708285718
-1.163357E-04,-1.004381E-08
1708285728
-5.545169E-05,-9.542737E-09
1708285738
-1.246768E-04,-1.029309E-08
1708285748
-6.379215E-05,-9.787019E-09
1708285759
-9.548375E-05,-9.291786E-09
1708285769
-1.672116E-04,-8.998729E-09
1708285779
-1.572023E-04,-9.601515E-09
1708285790
-1.446929E-04,-9.420595E-09
1708285800
-1.505323E-04,-1.045233E-08
1708285810
-9.798910E-05,-9.666127E-09
1708285821
-1.196715E-04,-9.378909E-09
1708285831
-5.211746E-05,-9.539400E-09
1708285841
-6.045550E-05,-1.004214E-08
1708285851
-4.711160E-05,-1.048068E-08
1708285862
-7.213252E-05,-9.921666E-09
1708285872
-4.961398E-05,-9.948763E-09
1708285882
-8.964566E-05,-1.021347E-08
1708285893
-1.221734E-04,-8.805305E-09
1708285903
-1.205045E-04,-1.025307E-08
1708285913
-7.212981E-05,-9.111703E-09
1708285924
-7.713698E-05,-9.405588E-09
1708285934
-9.048013E-05,-9.718238E-09
1708285944
-4.460746E-05,-9.755757E-09
1708285954
-1.413540E-04,-1.023974E-08
1708285964
-1.522002E-04,-8.673575E-09
1708285975
-1.371864E-04,-9.168810E-09
1708285985
-1.230067E-04,-9.219252E-09
1708285995
-8.297330E-05,-9.003734E-09
1708286006
-4.544351E-05,-9.004566E-09
1708286016
-3.793491E-05,-9.190073E-09
1708286026
-5.294783E-05,-9.650707E-09
1708286036
-3.377004E-05,-9.026240E-09
1708286047
-1.029918E-04,-9.539819E-09
1708286057
-6.379066E-05,-1.020847E-08
1708286067
-4.210491E-05,-8.874924E-09
1708286078
-1.129969E-04,-9.200077E-09
1708286088
-1.121642E-04,-1.002130E-08
1708286098
-1.346825E-04,-9.658210E-09
1708286109
-7.796949E-05,-9.132544E-09
1708286119
-4.210481E-05,-9.406008E-09
1708286129
-4.627677E-05,-9.886651E-09
1708286139
-7.963469E-05,-9.599852E-09
1708286150
-1.221728E-04,-9.704482E-09
1708286160
-1.029877E-04,-9.136299E-09
1708286170
-9.631738E-05,-9.648622E-09
1708286180
-1.155017E-04,-1.057948E-08
1708286191
-6.379131E-05,-1.071204E-08
1708286201
-4.711021E-05,-1.031727E-08
1708286211
-6.462624E-05,-1.028100E-08
1708286222
-8.881102E-05,-9.909580E-09
1708286232
-9.548142E-05,-1.023390E-08
1708286242
-1.613722E-04,-9.614438E-09
1708286252
-7.713400E-05,-9.707818E-09
1708286263
-2.625892E-05,-9.485212E-09
1708286273
-7.796846E-05,-9.425601E-09
1708286283
-8.714441E-05,-9.852884E-09
1708286294
-1.496940E-04,-9.966274E-09
1708286304
-8.463897E-05,-9.725328E-09
1708286314
-1.388526E-04,-9.866643E-09
1708286325
-1.496938E-04,-1.001713E-08
1708286335
-1.663736E-04,-1.023640E-08
1708286345
-1.096615E-04,-1.041107E-08
1708286355
-1.154995E-04,-9.510224E-09
1708286365
-5.711922E-05,-1.026141E-08
1708286376
-5.794987E-05,-9.960440E-09
1708286386
-9.631571E-05,-9.570670E-09
1708286396
-1.230061E-04,-1.055572E-08
1708286407
-1.346815E-04,-9.955018E-09
1708286417
-9.381575E-05,-9.983780E-09
1708286427
-9.465022E-05,-1.022681E-08
1708286438
-1.863928E-04,-1.004339E-08
1708286448
-2.406044E-04,-9.906660E-09
1708286458
-1.638751E-04,-9.821619E-09
1708286468
-1.580356E-04,-9.900408E-09
1708286479
-1.021567E-04,-1.039481E-08
1708286489
-8.130516E-05,-9.491048E-09
1708286499
-9.715297E-05,-8.974552E-09
1708286510
-1.021565E-04,-9.478124E-09
1708286520
-4.878147E-05,-8.759865E-09
1708286530
-5.878564E-05,-9.208414E-09
1708286541
-8.714525E-05,-1.004339E-08
1708286551
-1.104953E-04,-1.025183E-08
1708286561
-6.962912E-05,-1.003214E-08
1708286571
-1.288443E-04,-9.723241E-09
1708286582
-1.121616E-04,-1.019430E-08
1708286592
-9.631729E-05,-9.438940E-09
1708286602
-8.297451E-05,-9.791605E-09
1708286613
-1.255082E-04,-9.654042E-09
1708286623
-1.171675E-04,-9.260106E-09
1708286633
-1.446917E-04,-9.825372E-09
1708286644
-1.180035E-04,-1.041523E-08
1708286654
-1.613725E-04,-9.819119E-09
1708286664
-9.631971E-05,-1.025933E-08
1708286674
-1.180038E-04,-9.997535E-09
1708286685
-1.271761E-04,-1.002713E-08
1708286695
-1.004870E-04,-1.015595E-08
1708286705
-1.338498E-04,-9.689891E-09
1708286715
-1.054907E-04,-8.902854E-09
1708286726
-6.212135E-05,-9.887486E-09
1708286736
-1.246764E-04,-1.062492E-08
1708286746
-1.255088E-04,-9.514392E-09
1708286756
-1.521970E-04,-9.754923E-09
1708286767
-1.755512E-04,-9.245930E-09
1708286777
-1.188370E-04,-9.090440E-09
1708286787
-1.430212E-04,-9.627780E-09
1708286798
-1.388518E-04,-1.018263E-08
1708286808
-1.755493E-04,-9.614856E-09
1708286818
-1.580342E-04,-9.734080E-09
1708286829
-1.747160E-04,-9.658627E-09
1708286839
-1.713770E-04,-9.689061E-09
1708286849
-1.121624E-04,-9.891655E-09
1708286859
-1.763809E-04,-9.859975E-09
1708286870
-1.321794E-04,-9.586927E-09
1708286880
-1.838889E-04,-1.078958E-08
1708286890
-1.388516E-04,-1.010384E-08
1708286901
-1.546968E-04,-1.024224E-08
1708286911
-1.046545E-04,-9.164229E-09
1708286921
-6.545857E-05,-9.966690E-09
1708286932
-1.013200E-04,-9.701566E-09
1708286942
-1.388525E-04,-9.624443E-09
1708286952
-3.459798E-05,-9.460202E-09
1708286962
-6.128745E-05,-9.331806E-09
1708286973
-9.714915E-05,-9.546492E-09
1708286983
-9.381436E-05,-9.384749E-09
1708286993
-1.104961E-04,-9.710735E-09
1708287004
-8.213846E-05,-9.552327E-09
1708287014
-1.230037E-04,-8.628558E-09
1708287024
-8.380543E-05,-9.166729E-09
1708287035
-1.346812E-04,-8.890348E-09
1708287045
-1.213374E-04,-9.452280E-09
1708287055
-7.963814E-05,-8.757783E-09
1708287065
-9.298175E-05,-9.260521E-09
1708287076
-9.131320E-05,-9.109617E-09
1708287086
-8.881046E-05,-9.315132E-09
1708287096
-6.128754E-05,-9.980030E-09
1708287107
-5.878471E-05,-1.021264E-08
1708287117
-6.629238E-05,-9.608604E-09
1708287127
-9.578932E-06,-1.014844E-08
1708287137
-1.541525E-05,-9.808283E-09
1708287147
-3.543142E-05,-1.041982E-08
1708287158
-5.044695E-05,-1.044233E-08
1708287168
-8.714106E-05,-9.814120E-09
1708287178
-1.046560E-04,-1.023724E-08
1708287188
-3.543226E-05,-9.527317E-09
1708287199
+2.099946E-06,-9.765764E-09
1708287209
-6.545698E-05,-9.776601E-09
1708287219
-8.743070E-06,-9.843716E-09
1708287230
+2.878932E-05,-1.052321E-08
1708287240
-7.713307E-05,-9.408510E-09
1708287250
-8.881036E-05,-1.003256E-08
1708287260
-8.130250E-05,-1.001713E-08
1708287271
-5.127853E-05,-9.753673E-09
1708287281
-6.629070E-05,-9.017075E-09
1708287291
-5.628243E-05,-9.433105E-09
1708287302
-7.546563E-05,-1.053696E-08
1708287312
-9.881845E-05,-9.637367E-09
1708287322
-6.462364E-05,-1.006299E-08
1708287333
-8.797841E-05,-1.024890E-08
1708287343
-9.214645E-05,-9.808282E-09
1708287353
-5.544852E-05,-9.380997E-09
1708287363
-8.631069E-05,-1.017887E-08
1708287374
-1.875451E-05,-1.035896E-08
1708287384
-1.541646E-05,-9.814535E-09
1708287394
-3.210064E-05,-9.393082E-09
1708287405
-1.124674E-05,-9.368490E-09
1708287415
-6.545810E-05,-1.007924E-08
1708287425
-3.376650E-05,-9.879564E-09
1708287435
-6.045205E-05,-9.621111E-09
1708287445
+1.794379E-05,-9.351815E-09
1708287456
-6.242562E-06,-1.068536E-08
1708287466
-4.711086E-05,-1.000129E-08
1708287476
-3.543561E-05,-9.516475E-09
1708287487
-5.544927E-05,-1.055864E-08
1708287497
-5.545225E-05,-1.051069E-08
1708287507
-9.715212E-05,-1.039397E-08
1708287518
-1.430224E-04,-9.824539E-09
1708287528
-1.305121E-04,-9.941261E-09
1708287538
-1.263421E-04,-9.711986E-09
1708287548
-1.755510E-04,-1.028350E-08
1708287559
-1.255102E-04,-1.107680E-08
1708287569
-7.129591E-05,-1.043691E-08
1708287579
-8.214144E-05,-9.345560E-09
1708287590
-4.377458E-05,-1.034437E-08
1708287600
-5.044788E-05,-1.140237E-08
1708287610
-8.547698E-05,-1.075956E-08
1708287620
-1.205053E-04,-1.029226E-08
1708287631
-1.630395E-04,-1.068703E-08
1708287641
-1.555312E-04,-1.084794E-08
1708287651
-9.298101E-05,-1.111390E-08
1708287661
-1.805531E-04,-1.100843E-08
1708287672
-1.555331E-04,-1.120686E-08
1708287682
-1.213388E-04,-1.014177E-08
1708287692
-1.280125E-04,-1.057281E-08
1708287703
-2.080775E-04,-1.006090E-08
1708287713
-1.330175E-04,-1.109389E-08
1708287723
-1.205030E-04,-9.677387E-09
1708287734
-1.597022E-04,-9.601934E-09
1708287744
-5.711783E-05,-1.052612E-08
1708287754
-8.297386E-05,-9.828707E-09
1708287764
-8.881055E-05,-1.017762E-08
1708287775
-9.298073E-05,-9.745336E-09
1708287785
-1.305105E-04,-1.019430E-08
1708287795
-4.294068E-05,-1.012593E-08
1708287806
-6.796159E-05,-9.871643E-09
1708287816
-7.713558E-05,-1.092172E-08
1708287826
-1.246748E-04,-1.019430E-08
1708287836
-1.880620E-04,-1.007757E-08
1708287847
-1.547022E-04,-1.100093E-08
1708287857
-1.263440E-04,-1.078499E-08
1708287867
-1.321803E-04,-1.015386E-08
1708287877
-1.196717E-04,-9.907076E-09
1708287888
-1.088297E-04,-1.005173E-08
1708287898
-9.214822E-05,-9.328886E-09
1708287908
-1.063256E-04,-1.035145E-08
1708287918
-1.505286E-04,-1.021597E-08
1708287929
-1.430246E-04,-1.059157E-08
1708287939
-9.965105E-05,-1.020597E-08
1708287949
-1.196708E-04,-1.068453E-08
1708287960
-1.313475E-04,-9.902491E-09
1708287970
-1.580366E-04,-9.934589E-09
1708287980
-1.380203E-04,-1.027350E-08
1708287990
-1.413547E-04,-9.848300E-09
1708288000
-1.913984E-04,-9.957517E-09
1708288011
-1.647081E-04,-1.083543E-08
1708288021
-1.680442E-04,-1.038397E-08
1708288031
-8.797776E-05,-1.054863E-08
1708288041
-4.710881E-05,-1.076082E-08
1708288052
-8.547535E-05,-1.041440E-08
1708288062
-1.046576E-04,-1.055113E-08
1708288072
-1.046589E-04,-9.996286E-09
1708288083
-2.208976E-05,-1.049902E-08
1708288093
-2.292153E-05,-1.199515E-08
1708288103
-9.882190E-05,-1.161205E-08
1708288113
-9.048022E-05,-1.129774E-08
1708288124
-1.180013E-04,-1.082918E-08
1708288134
-8.881102E-05,-1.076832E-08
1708288144
-1.205044E-04,-1.182882E-08
1708288155
-8.797822E-05,-1.005923E-08
1708288165
-1.054916E-04,-1.129690E-08
1708288175
-7.463386E-05,-1.051403E-08
1708288186
-1.313493E-04,-1.054946E-08
1708288196
-2.292348E-05,-9.759508E-09
1708288206
+4.282221E-07,-1.018304E-08
1708288216
-3.460003E-05,-9.732829E-09
1708288227
-3.293120E-05,-9.782019E-09
1708288237
-1.905633E-04,-9.556911E-09
1708288247
-1.897276E-04,-1.104929E-08
1708288258
-1.705465E-04,-1.038814E-08
1708288268
-2.214209E-04,-1.098217E-08
1708288278
-2.055748E-04,-1.001755E-08
1708288288
-2.355983E-04,-1.094132E-08
1708288299
-1.296777E-04,-1.064951E-08
1708288309
-1.480239E-04,-1.062325E-08
1708288319
-1.338480E-04,-9.897491E-09
1708288330
-1.288420E-04,-1.107930E-08
1708288340
-1.463557E-04,-1.084127E-08
1708288350
-1.221706E-04,-1.040482E-08
1708288361
-1.154977E-04,-1.078541E-08
1708288371
-1.371812E-04,-1.051737E-08
1708288381
-9.548273E-05,-9.853721E-09
1708288392
-6.796113E-05,-1.063159E-08
1708288402
-1.163329E-04,-1.051528E-08
1708288412
-1.355151E-04,-1.093173E-08
1708288422
-1.313450E-04,-1.103595E-08
1708288433
-1.805515E-04,-9.789108E-09
1708288443
-1.763816E-04,-1.034812E-08
1708288453
-1.421871E-04,-1.120686E-08
1708288464
-1.938964E-04,-1.019013E-08
1708288474
-1.805534E-04,-9.899159E-09
1708288484
-1.421875E-04,-1.113058E-08
1708288494
-2.147458E-04,-9.444362E-09
1708288505
-2.047411E-04,-9.847466E-09
1708288515
-1.513604E-04,-1.051737E-08
1708288525
-1.505266E-04,-9.307630E-09
1708288536
-9.131348E-05,-1.064159E-08
1708288546
-1.505298E-04,-1.070704E-08
1708288556
-1.713809E-04,-1.097008E-08
1708288567
-6.879521E-05,-9.935007E-09
1708288577
-1.088272E-04,-1.152284E-08
1708288587
-9.047762E-05,-1.029893E-08
1708288597
-1.296761E-04,-1.065327E-08
1708288607
-8.964520E-05,-1.098425E-08
1708288618
-1.613721E-04,-1.096216E-08
1708288628
-1.213371E-04,-9.947515E-09
1708288638
-9.548319E-05,-1.128606E-08
1708288648
-7.546712E-05,-1.111598E-08
1708288659
+2.929568E-06,-1.070787E-08
1708288669
-6.963163E-05,-1.022889E-08
1708288679
-1.246749E-04,-1.130732E-08
1708288690
-1.096617E-04,-1.164082E-08
1708288700
-1.213390E-04,-1.007549E-08
1708288710
-7.713753E-05,-1.006673E-08
1708288720
-6.212313E-05,-9.928337E-09
1708288730
-6.462717E-05,-1.019388E-08
1708288741
-1.054930E-04,-9.928754E-09
1708288751
-1.154998E-04,-1.045525E-08
1708288761
-8.380776E-05,-1.044483E-08
1708288772
-7.797163E-05,-9.923750E-09
1708288782
-8.297498E-05,-1.105679E-08
1708288792
-9.214971E-05,-1.052987E-08
1708288803
-8.797729E-05,-1.059699E-08
1708288813
-9.882078E-05,-1.008966E-08
1708288823
-9.798566E-05,-1.038355E-08
1708288833
-1.088274E-04,-1.089254E-08
1708288844
-6.128838E-05,-1.136694E-08
1708288854
-1.280069E-04,-1.171044E-08
1708288864
-1.413549E-04,-1.085044E-08
1708288875
-8.297236E-05,-1.038522E-08
1708288885
-1.446901E-04,-9.988784E-09
1708288895
-1.413548E-04,-1.021556E-08
1708288905
-1.263426E-04,-9.253434E-09
1708288915
-1.363500E-04,-9.614023E-09
1708288926
-7.212888E-05,-1.050403E-08
1708288936
-1.521953E-04,-9.583177E-09
1708288946
-1.280093E-04,-9.195909E-09
1708288956
-3.126273E-05,-9.256354E-09
1708288967
-1.041163E-05,-8.435966E-09
1708288977
+3.295653E-05,-9.125875E-09
1708288987
-2.542511E-05,-1.000087E-08
1708288998
-1.213384E-04,-8.978304E-09
1708289008
-1.605362E-04,-8.988311E-09
1708289018
-1.071591E-04,-9.563999E-09
1708289029
-1.480250E-04,-9.754507E-09
1708289039
-1.163337E-04,-9.941678E-09
1708289049
-1.188365E-04,-8.921194E-09
1708289059
-1.263415E-04,-9.678637E-09
1708289070
-1.330140E-04,-9.420598E-09
1708289080
-9.381511E-05,-9.475624E-09
1708289090
-2.459204E-05,-1.114766E-08
1708289101
-1.296777E-04,-1.082793E-08
1708289111
-1.113294E-04,-1.105429E-08
1708289121
-1.046588E-04,-1.001338E-08
1708289131
-9.631915E-05,-1.000629E-08
1708289141
-8.714413E-05,-9.851634E-09
1708289152
-5.545290E-05,-1.060032E-08
1708289162
-1.375321E-05,-1.053279E-08
1708289172
-6.212387E-05,-1.033645E-08
1708289183
-7.796753E-05,-9.755341E-09
1708289193
-7.213186E-05,-9.736580E-09
1708289203
-7.963712E-05,-1.018679E-08
1708289214
-1.613720E-04,-9.614856E-09
1708289224
-1.421893E-04,-1.073789E-08
1708289234
-1.121642E-04,-1.148449E-08
1708289244
-1.388532E-04,-1.147949E-08
1708289255
-1.296771E-04,-1.230363E-08
1708289265
-1.213341E-04,-1.141113E-08
1708289275
-1.396849E-04,-1.119811E-08
1708289285
-1.196682E-04,-1.213605E-08
1708289296
-1.463571E-04,-1.103553E-08
1708289306
-1.580345E-04,-1.180965E-08
1708289316
-1.163309E-04,-1.108972E-08
1708289327
-1.096603E-04,-1.127648E-08
1708289337
-1.096644E-04,-1.103302E-08
1708289347
-1.421875E-04,-1.081501E-08
1708289357
-9.047901E-05,-1.029810E-08
1708289368
-9.214664E-05,-1.067202E-08
1708289378
-9.631822E-05,-1.097008E-08
1708289388
-8.130465E-05,-1.184591E-08
1708289399
-7.379819E-05,-1.288015E-08
1708289409
-5.128030E-05,-1.186509E-08
1708289419
-7.630242E-05,-1.258293E-08
1708289430
-8.797692E-05,-1.240618E-08
1708289440
-9.214543E-05,-1.255542E-08
1708289450
-4.877774E-05,-1.139487E-08
1708289460
-5.044658E-05,-1.162122E-08
1708289470
-7.630084E-05,-1.124313E-08
1708289481
-7.713567E-05,-1.135109E-08
1708289491
-1.625158E-05,-1.227236E-08
1708289501
-9.881994E-05,-1.090213E-08
1708289512
-1.396878E-04,-1.142655E-08
1708289522
-1.096627E-04,-1.070787E-08
1708289532
-6.462624E-05,-1.015052E-08
1708289542
-1.538645E-04,-1.070829E-08
1708289553
-9.715147E-05,-1.155953E-08
1708289563
-9.798501E-05,-1.115725E-08
1708289573
-7.463097E-05,-1.118810E-08
1708289584
-7.379791E-05,-1.108180E-08
1708289594
-8.630799E-05,-1.156036E-08
1708289604
-1.104970E-04,-1.027767E-08
1708289615
-1.121645E-04,-1.154160E-08
1708289625
-1.188373E-04,-1.126063E-08
1708289635
-9.715334E-05,-1.180464E-08
1708289645
-9.965487E-05,-1.158954E-08
1708289656
-3.543487E-05,-1.067536E-08
1708289666
-1.163349E-04,-1.032477E-08
1708289676
-1.104968E-04,-9.716987E-09
1708289687
-1.138338E-04,-1.069703E-08
1708289697
-8.380711E-05,-1.035187E-08
1708289707
-1.004917E-04,-9.830370E-09
1708289718
-7.046461E-05,-9.661543E-09
1708289728
-9.798761E-05,-9.918331E-09
1708289738
-1.580396E-04,-1.069536E-08
1708289748
-1.421930E-04,-1.096716E-08
1708289759
-1.013265E-04,-1.070495E-08
1708289769
-1.046613E-04,-1.018554E-08
1708289779
-8.047316E-05,-9.912911E-09
1708289789
-1.271772E-04,-1.035812E-08
1708289800
-1.146659E-04,-1.073372E-08
1708289810
-7.963749E-05,-1.101719E-08
1708289820
-1.288455E-04,-1.012885E-08
1708289830
-1.338504E-04,-1.033103E-08
1708289840
-4.877895E-05,-1.110723E-08
1708289851
-1.463599E-04,-1.059240E-08
1708289861
-8.463972E-05,-1.056906E-08
1708289871
-1.363497E-04,-1.135110E-08
1708289881
-1.705454E-04,-1.132483E-08
1708289891
-1.346827E-04,-1.152493E-08
1708289901
-1.972342E-04,-1.151075E-08
1708289911
-1.847248E-04,-1.095049E-08
1708289922
-1.972351E-04,-1.088087E-08
1708289932
-1.663750E-04,-1.068870E-08
1708289942
-1.196706E-04,-1.120978E-08
1708289953
-1.213384E-04,-1.099426E-08
1708289963
-1.188346E-04,-1.091089E-08
1708289973
-1.138308E-04,-1.101594E-08
1708289984
-6.295368E-05,-1.097425E-08
1708289994
-7.963567E-05,-1.138028E-08
1708290004
-6.045140E-05,-1.070913E-08
1708290014
-1.096604E-04,-1.120186E-08
1708290025
-1.363504E-04,-1.184008E-08
1708290035
-9.715008E-05,-1.181924E-08
1708290045
-1.230054E-04,-1.205226E-08
1708290056
-1.079922E-04,-1.219566E-08
1708290066
-1.872244E-04,-1.132442E-08
1708290076
-2.164151E-04,-1.116309E-08
1708290087
-1.213355E-04,-1.094924E-08
1708290097
-1.938958E-04,-1.176713E-08
1708290107
-1.655398E-04,-1.075915E-08
1708290117
-6.128968E-05,-1.024349E-08
1708290128
-7.546451E-05,-1.081418E-08
1708290138
-9.464640E-05,-1.150992E-08
1708290148
-9.881817E-05,-1.152201E-08
1708290159
-1.374688E-05,-1.045234E-08
1708290169
-8.130506E-05,-1.052195E-08
1708290179
-1.958599E-05,-1.106763E-08
1708290189
+7.935800E-06,-1.001713E-08
1708290200
-7.046266E-05,-1.189135E-08
1708290210
-5.128058E-05,-1.152576E-08
1708290220
-1.088278E-04,-1.203475E-08
1708290231
-8.714385E-05,-1.117059E-08
1708290241
-8.630897E-05,-1.211812E-08
1708290251
-6.879354E-05,-1.121687E-08
1708290261
-8.297227E-05,-1.073747E-08
1708290272
-4.878053E-05,-1.153201E-08
1708290282
-1.054959E-04,-1.153951E-08
1708290292
-1.280126E-04,-1.053487E-08
1708290303
-8.213995E-05,-1.180381E-08
1708290313
-1.338487E-04,-1.164415E-08
1708290323
-1.063288E-04,-1.156869E-08
1708290333
-7.713614E-05,-1.128023E-08
1708290344
-1.875432E-05,-1.073914E-08
1708290354
-4.377617E-05,-1.068203E-08
1708290364
-6.128904E-05,-1.071371E-08
1708290375
-6.462587E-05,-1.063117E-08
1708290385
-9.131506E-05,-1.062325E-08
1708290395
-8.464279E-05,-1.135443E-08
1708290406
-9.131506E-05,-1.101177E-08
1708290416
-9.631887E-05,-1.002672E-08
1708290426
-7.630205E-05,-9.960435E-09
1708290436
-3.543496E-05,-1.090130E-08
1708290446
-5.127834E-05,-1.176963E-08
1708290456
-3.126198E-05,-1.072997E-08
1708290467
-3.293120E-05,-1.051195E-08
1708290477
-3.543198E-05,-9.464787E-09
1708290487
-8.881158E-05,-1.062909E-08
1708290498
-6.212089E-05,-1.151617E-08
1708290508
-2.792822E-05,-1.074247E-08
1708290518
-8.130418E-05,-1.072413E-08
1708290528
-1.471923E-04,-1.048694E-08
1708290539
-8.547595E-05,-1.100468E-08
1708290549
-4.460588E-05,-1.070246E-08
1708290559
-1.457967E-05,-1.014178E-08
1708290569
-7.213252E-05,-1.130649E-08
1708290580
-1.230047E-04,-1.104512E-08
1708290590
-7.546730E-05,-1.105470E-08
1708290600
-1.221716E-04,-1.060699E-08
1708290611
-1.458451E-05,-1.074998E-08
1708290621
-3.543431E-05,-1.045901E-08
1708290631
-2.542473E-05,-1.026725E-08
1708290641
-2.709525E-05,-1.076290E-08
1708290652
-1.221720E-04,-1.175087E-08
1708290662
-1.396873E-04,-1.030310E-08
1708290672
-2.364328E-04,-1.108305E-08
1708290683
-1.688774E-04,-1.127064E-08
1708290693
-1.513640E-04,-1.088004E-08
1708290703
-1.013195E-04,-1.118894E-08
1708290714
-1.413521E-04,-1.183133E-08
1708290724
-1.446879E-04,-1.142655E-08
1708290734
-1.446869E-04,-1.060325E-08
1708290744
-1.096592E-04,-1.170960E-08
1708290755
-5.044397E-05,-1.207519E-08
1708290765
-1.747122E-04,-1.077124E-08
1708290775
-1.571983E-04,-1.130441E-08
1708290785
-6.128494E-05,-9.814539E-09
1708290796
-1.446878E-04,-1.194680E-08
1708290806
-1.038228E-04,-1.158537E-08
1708290816
-9.381343E-05,-1.056698E-08
1708290826
-1.396845E-04,-1.081501E-08
1708290837
-1.004850E-04,-1.152535E-08
1708290847
-8.464135E-05,-1.082043E-08
1708290857
-1.438564E-04,-1.205935E-08
1708290868
-1.405216E-04,-1.078082E-08
1708290878
-6.712545E-05,-1.094340E-08
1708290888
-1.029904E-04,-1.086586E-08
1708290899
-8.130446E-05,-1.122062E-08
1708290909
-1.958609E-05,-1.130149E-08
1708290919
-8.047046E-05,-1.142071E-08
1708290929
-1.791986E-05,-1.069203E-08
1708290939
+1.627766E-05,-1.015428E-08
1708290949
-3.626533E-05,-1.068453E-08
1708290960
-2.458934E-05,-1.076540E-08
1708290970
+4.317612E-07,-1.049694E-08
1708290980
-8.881129E-05,-1.113516E-08
1708290991
-1.330154E-04,-1.096800E-08
1708291001
-1.146633E-04,-1.175337E-08
1708291011
-1.571970E-04,-1.108556E-08
1708291021
-1.238365E-04,-1.195305E-08
1708291031
-8.547232E-05,-1.214481E-08
1708291041
-1.346810E-04,-1.201349E-08
1708291052
-5.461285E-05,-1.330077E-08
1708291062
-4.627360E-05,-1.179006E-08
1708291072
-5.544769E-05,-1.126522E-08
1708291083
-1.374586E-05,-1.002380E-08
1708291093
-7.909257E-06,-1.021764E-08
1708291103
-6.212220E-05,-1.193637E-08
1708291113
-7.546637E-05,-1.190010E-08
1708291124
-1.221720E-04,-1.204434E-08
1708291134
-5.794940E-05,-1.203309E-08
1708291144
-1.063255E-04,-1.211479E-08
1708291155
-7.379874E-05,-1.174628E-08
1708291165
-4.573073E-06,-1.129524E-08
1708291175
-3.042929E-05,-1.175754E-08
1708291185
-1.046557E-04,-1.274384E-08
1708291195
-7.296233E-05,-1.244412E-08
1708291205
-1.013178E-04,-1.208603E-08
1708291216
-1.196694E-04,-1.123854E-08
1708291226
-1.613689E-04,-1.098134E-08
1708291236
-1.513619E-04,-1.168459E-08
1708291246
-1.088253E-04,-1.159580E-08
1708291256
-1.029890E-04,-1.152993E-08
1708291267
-1.330133E-04,-1.056781E-08
1708291277
-1.488571E-04,-1.082960E-08
1708291287
-8.630715E-05,-1.078458E-08
1708291297
-1.054889E-04,-1.181173E-08
1708291307
-1.413512E-04,-1.147407E-08
1708291318
-1.730436E-04,-1.128690E-08
1708291328
-1.705443E-04,-1.140987E-08
1708291338
-1.788835E-04,-1.171502E-08
1708291349
-1.196672E-04,-1.110140E-08
1708291359
-8.380292E-05,-1.082335E-08
1708291369
-1.888884E-04,-1.217358E-08
1708291379
-2.122413E-04,-1.188052E-08
1708291389
-1.163319E-04,-1.191178E-08
1708291400
-6.962773E-05,-1.257418E-08
1708291410
-8.213557E-05,-1.183133E-08
1708291420
-5.461425E-05,-1.114392E-08
1708291430
-1.396851E-04,-1.140154E-08
1708291440
-1.021539E-04,-1.180214E-08
1708291451
-8.714180E-05,-1.181340E-08
1708291461
-9.214403E-05,-1.200849E-08
1708291471
-1.655394E-04,-1.114558E-08
1708291482
-1.305090E-04,-1.136777E-08
1708291492
-1.029863E-04,-1.071371E-08
1708291502
-1.063247E-04,-1.066911E-08
1708291512
-4.710909E-05,-1.107847E-08
1708291522
-3.626430E-05,-1.045192E-08
1708291532
-4.377058E-05,-9.904580E-09
1708291542
-1.624944E-05,-1.065577E-08
1708291553
-6.879195E-05,-1.097259E-08
1708291563
-6.212135E-05,-1.155119E-08
1708291573
-3.126031E-05,-1.156203E-08
1708291584
+2.128249E-05,-1.187968E-08
1708291594
-4.210388E-05,-1.095049E-08
1708291604
-8.130074E-05,-1.215065E-08
1708291614
-5.211150E-05,-1.185217E-08
1708291624
-6.879131E-05,-1.069871E-08
1708291634
-1.124227E-05,-1.088213E-08
1708291645
-7.546311E-05,-1.030352E-08
1708291655
-9.131031E-05,-1.106805E-08
1708291665
-1.230037E-04,-1.018054E-08
1708291675
-1.054898E-04,-1.055114E-08
1708291686
-1.672082E-04,-1.009467E-08
1708291696
-1.238367E-04,-1.079208E-08
1708291706
-1.880580E-04,-1.010717E-08
1708291716
-2.139124E-04,-1.096466E-08
1708291726
-1.221706E-04,-1.005382E-08
1708291736
-1.538629E-04,-1.221692E-08
1708291747
-1.180009E-04,-1.173461E-08
1708291757
-1.455238E-04,-1.109556E-08
1708291767
-1.188352E-04,-1.092673E-08
1708291777
-1.129954E-04,-1.203976E-08
1708291787
-1.530295E-04,-1.164999E-08
1708291797
-1.188339E-04,-1.164582E-08
1708291808
-8.130325E-05,-1.191845E-08
1708291818
-1.313468E-04,-1.077957E-08
1708291828
-9.715268E-05,-1.042607E-08
1708291839
-9.548357E-05,-1.034520E-08
1708291849
-6.879438E-05,-1.144697E-08
1708291859
-7.379511E-05,-1.177255E-08
1708291870
-2.542231E-05,-1.177797E-08
1708291880
-2.458710E-05,-1.141780E-08
1708291890
-2.959268E-05,-1.084586E-08
1708291900
-4.210258E-05,-1.106596E-08
1708291910
-1.624711E-05,-1.030269E-08
1708291921
-1.958525E-05,-1.054697E-08
1708291931
-4.710676E-05,-1.033812E-08
1708291941
-4.210528E-05,-1.160455E-08
1708291952
-1.371826E-04,-1.128607E-08
1708291962
-1.021541E-04,-1.125147E-08
1708291972
-1.421876E-04,-1.152618E-08
1708291982
-1.046555E-04,-9.936677E-09
1708291992
-9.715008E-05,-1.127689E-08
1708292003
-1.763812E-04,-1.085545E-08
1708292013
-8.130139E-05,-1.125314E-08
1708292023
-1.138288E-04,-1.136027E-08
1708292033
-1.238396E-04,-1.134776E-08
1708292044
-1.496951E-04,-1.184925E-08
1708292054
-3.459714E-05,-1.163415E-08
1708292064
-7.630000E-05,-1.217399E-08
1708292075
-1.708288E-05,-1.246954E-08
1708292085
-1.121607E-04,-1.224611E-08
1708292095
-1.396854E-04,-1.154994E-08
1708292105
-1.321763E-04,-1.253666E-08
1708292115
-1.213341E-04,-1.265797E-08
1708292125
-1.713766E-04,-1.227279E-08
1708292135
-1.221691E-04,-1.261878E-08
1708292146
-1.446859E-04,-1.307817E-08
1708292156
-1.697087E-04,-1.316571E-08
1708292166
-1.330109E-04,-1.406739E-08
1708292177
-1.163327E-04,-1.243744E-08
1708292187
-1.972322E-04,-1.331411E-08
1708292197
-1.630369E-04,-1.113266E-08
1708292207
-1.688740E-04,-1.212438E-08
1708292218
-1.179981E-04,-1.136194E-08
1708292228
-1.546971E-04,-1.154994E-08
1708292238
-1.772180E-04,-1.128440E-08
1708292249
-1.463579E-04,-1.069412E-08
1708292259
-1.280092E-04,-1.133567E-08
1708292269
-1.396850E-04,-1.210520E-08
1708292279
-1.421865E-04,-1.239117E-08
1708292290
-1.513589E-04,-1.194763E-08
1708292300
-1.705435E-04,-1.153869E-08
1708292310
-1.571984E-04,-1.250206E-08
1708292321
-1.438556E-04,-1.205685E-08
1708292331
-1.538630E-04,-1.108972E-08
1708292341
-1.530294E-04,-1.187093E-08
1708292351
-1.346797E-04,-1.169501E-08
1708292361
-1.880582E-04,-1.087629E-08
1708292372
-1.672090E-04,-1.071038E-08
1708292382
-1.230047E-04,-1.120103E-08
1708292392
-1.438534E-04,-1.187218E-08
1708292402
-8.714013E-05,-1.165333E-08
1708292412
-6.045466E-05,-1.129148E-08
1708292423
-4.627295E-05,-1.026225E-08
1708292433
-3.126366E-05,-1.057448E-08
1708292443
-4.043700E-05,-1.161872E-08
1708292454
-1.213353E-04,-1.039606E-08
1708292464
-4.544072E-05,-1.067703E-08
1708292474
-1.413542E-04,-1.126105E-08
1708292484
-7.796641E-05,-1.103386E-08
1708292495
-1.071552E-04,-1.088046E-08
1708292505
-1.488588E-04,-1.184091E-08
1708292515
-2.030696E-04,-1.180631E-08
1708292526
-2.197513E-04,-1.218691E-08
1708292536
-2.072402E-04,-1.262003E-08
1708292546
-1.196692E-04,-1.165791E-08
1708292556
-1.236051E-06,-1.184592E-08
1708292567
-8.547399E-05,-1.166583E-08
1708292577
-7.379791E-05,-1.106805E-08
1708292587
-1.430220E-04,-1.096758E-08
1708292598
-1.513622E-04,-1.166333E-08
1708292608
-1.146648E-04,-1.166083E-08
1708292618
-1.146633E-04,-1.173670E-08
1708292628
-1.513617E-04,-1.187593E-08
1708292638
-1.321812E-04,-1.247579E-08
1708292649
-8.714488E-05,-1.208978E-08
1708292659
-4.377309E-05,-1.234532E-08
1708292669
-4.043756E-05,-1.173503E-08
1708292679
-4.460719E-05,-1.249289E-08
1708292690
+2.294770E-05,-1.176921E-08
1708292700
+1.210617E-05,-1.256792E-08
1708292710
+4.285947E-07,-1.225319E-08
1708292721
-1.124945E-05,-1.195679E-08
1708292731
+1.544179E-05,-1.186801E-08
1708292741
+2.096873E-06,-1.136110E-08
1708292751
-3.877031E-05,-1.145906E-08
1708292762
-3.126478E-05,-1.109514E-08
1708292772
+4.046271E-05,-1.124771E-08
1708292782
+2.096873E-06,-1.153785E-08
1708292793
-4.293928E-05,-1.214355E-08
1708292803
-1.163346E-04,-1.122312E-08
1708292813
-6.295703E-05,-1.129232E-08
1708292823
-3.459966E-05,-1.174545E-08
1708292833
+2.461569E-05,-1.100551E-08
1708292844
+2.795504E-05,-1.198140E-08
1708292854
-2.292190E-05,-1.178797E-08
1708292864
-2.375748E-05,-1.272258E-08
1708292874
-2.709217E-05,-1.253582E-08
1708292884
-4.544044E-05,-1.176838E-08
1708292895
-6.378889E-05,-1.086045E-08
1708292905
-5.795360E-05,-1.213772E-08
1708292915
-2.792627E-05,-1.107597E-08
1708292925
-3.293082E-05,-1.116809E-08
1708292936
-7.713344E-05,-1.179589E-08
1708292946
-8.130269E-05,-1.111307E-08
1708292956
-1.213391E-04,-1.104011E-08
1708292966
-1.271761E-04,-1.281721E-08
1708292977
-1.296800E-04,-1.210478E-08
1708292987
-1.104969E-04,-1.169042E-08
1708292997
-1.572014E-04,-1.122395E-08
1708293007
-1.655426E-04,-1.250664E-08
1708293017
-8.881027E-05,-1.216523E-08
1708293027
-1.355146E-04,-1.190844E-08
1708293038
-9.965235E-05,-1.255667E-08
1708293048
-9.631924E-05,-1.292809E-08
1708293058
-1.096609E-04,-1.231530E-08
1708293069
-6.545661E-05,-1.161414E-08
1708293079
-8.047009E-05,-1.245745E-08
1708293089
-1.129963E-04,-1.190886E-08
1708293099
-1.054906E-04,-1.132483E-08
1708293110
-1.021546E-04,-1.197931E-08
1708293120
-6.962977E-05,-1.137527E-08
1708293130
-1.063254E-04,-1.190719E-08
1708293140
-1.230063E-04,-1.134317E-08
1708293150
-1.555327E-04,-1.119102E-08
1708293161
-1.471943E-04,-1.105345E-08
1708293171
-1.230079E-04,-1.224360E-08
1708293181
-1.455239E-04,-1.174378E-08
1708293191
-2.172513E-04,-1.174503E-08
1708293201
-1.496937E-04,-1.103470E-08
1708293212
-1.672084E-04,-1.153660E-08
1708293222
-1.063256E-04,-1.056364E-08
1708293232
-1.188350E-04,-1.130316E-08
1708293242
-1.521977E-04,-1.206768E-08
1708293252
-1.296777E-04,-1.207644E-08
1708293262
-1.480257E-04,-1.231864E-08
1708293272
-9.298157E-05,-1.199098E-08
1708293283
-3.710073E-05,-1.065618E-08
1708293293
-9.548171E-05,-1.115142E-08
1708293303
-1.054897E-04,-1.249831E-08
1708293313
-6.462177E-05,-1.260461E-08
1708293323
-1.405186E-04,-1.262295E-08
1708293333
-1.430209E-04,-1.284389E-08
1708293344
-1.163322E-04,-1.192387E-08
1708293354
-9.297924E-05,-1.229613E-08
1708293364
-8.380683E-05,-1.202975E-08
1708293374
-1.163335E-04,-1.246537E-08
1708293384
-7.546507E-05,-1.196555E-08
1708293395
-9.631375E-05,-1.216857E-08
1708293405
-8.547372E-05,-1.250247E-08
1708293415
-5.461257E-05,-1.132359E-08
1708293426
-7.963656E-05,-1.276426E-08
1708293436
-9.631245E-05,-1.230697E-08
1708293446
-4.043374E-05,-1.117643E-08
1708293456
-1.154992E-04,-1.131233E-08
1708293466
-2.041962E-05,-1.064826E-08
1708293477
-1.063245E-04,-1.122312E-08
1708293487
-1.655372E-04,-1.144948E-08
1708293497
-1.863906E-04,-1.227487E-08
1708293508
-5.044313E-05,-1.071163E-08
1708293518
-1.038232E-04,-1.103136E-08
1708293528
-1.371809E-04,-1.162456E-08
1708293538
-9.965198E-05,-1.144031E-08
1708293548
-6.962605E-05,-1.104804E-08
1708293559
-1.121627E-04,-1.121770E-08
1708293569
-8.964352E-05,-1.162790E-08
1708293579
-8.130502E-05,-1.059574E-08
1708293589
-1.121628E-04,-1.045150E-08
1708293600
-7.713223E-05,-1.132650E-08
1708293610
-9.631710E-05,-1.125480E-08
1708293620
-6.212112E-05,-1.200974E-08
1708293631
-6.879354E-05,-1.229779E-08
1708293641
-4.043430E-05,-1.196889E-08
1708293651
+1.263991E-06,-1.192137E-08
1708293662
-5.461527E-05,-1.158954E-08
1708293672
-1.041209E-05,-1.167625E-08
1708293682
+3.129030E-05,-1.132775E-08
1708293692
-6.462382E-05,-1.189260E-08
1708293703
-1.021541E-04,-1.083960E-08
1708293713
-1.430220E-04,-1.152826E-08
1708293723
-9.381557E-05,-1.069328E-08
1708293734
-1.688763E-04,-1.142030E-08
1708293744
-1.188357E-04,-1.132900E-08
1708293754
-1.104937E-04,-1.229571E-08
1708293764
-5.378043E-05,-1.206268E-08
1708293775
-2.625808E-05,-1.215106E-08
1708293785
-4.460802E-05,-1.224485E-08
1708293795
-9.548198E-05,-1.137527E-08
1708293805
-5.794931E-05,-1.165833E-08
1708293816
-9.214533E-05,-1.195013E-08
1708293826
-9.464659E-05,-1.189260E-08
1708293836
-9.131255E-05,-1.157120E-08
1708293847
-1.291484E-05,-1.168917E-08
1708293857
-4.377393E-05,-1.264212E-08
1708293867
-5.461685E-05,-1.174628E-08
1708293877
-5.795220E-05,-1.216606E-08
1708293888
-9.881938E-05,-1.207560E-08
1708293898
-1.104939E-04,-1.306816E-08
1708293908
-7.129544E-05,-1.294477E-08
1708293918
-1.171669E-04,-1.304482E-08
1708293929
-1.455230E-04,-1.204684E-08
1708293939
-1.388527E-04,-1.247037E-08
1708293949
-1.213349E-04,-1.193262E-08
1708293959
-9.798538E-05,-1.276718E-08
1708293969
-1.958590E-05,-1.261628E-08
1708293979
-5.294941E-05,-1.158787E-08
1708293990
-5.545076E-05,-1.053071E-08
1708294000
-1.124805E-05,-1.265504E-08
1708294010
-7.296484E-05,-1.246412E-08
1708294020
-6.045196E-05,-1.242327E-08
1708294031
-6.212117E-05,-1.237992E-08
1708294041
-5.795229E-05,-1.228445E-08
1708294051
-8.797496E-05,-1.330244E-08
1708294062
-2.125418E-05,-1.165416E-08
1708294072
-8.880929E-05,-1.183091E-08
1708294082
-6.962847E-05,-1.153952E-08
1708294092
-9.381566E-05,-1.232030E-08
1708294103
-2.292311E-05,-1.207602E-08
1708294113
-8.797673E-05,-1.234782E-08
1708294123
-7.380023E-05,-1.229029E-08
1708294134
-3.626561E-05,-1.156411E-08
1708294144
-7.796800E-05,-1.171752E-08
1708294154
-6.712387E-05,-1.148825E-08
1708294164
-4.960866E-05,-1.086587E-08
1708294175
-2.208715E-05,-1.120895E-08
1708294185
-6.045066E-05,-1.166541E-08
1708294195
-6.879288E-05,-1.188302E-08
1708294206
-1.038214E-04,-1.258126E-08
1708294216
-5.961740E-05,-1.283680E-08
1708294226
-4.877662E-05,-1.168292E-08
1708294236
-9.131348E-05,-1.188677E-08
1708294247
-4.127091E-05,-1.317654E-08
1708294257
-1.154997E-04,-1.293851E-08
1708294267
-1.938980E-04,-1.215606E-08
1708294277
-1.655418E-04,-1.191636E-08
1708294287
-1.171651E-04,-1.281804E-08
1708294297
-2.097432E-04,-1.224735E-08
1708294308
-1.330147E-04,-1.253374E-08
1708294318
-6.212024E-05,-1.287849E-08
1708294328
-1.305120E-04,-1.275301E-08
1708294339
-1.104932E-04,-1.281638E-08
1708294349
-1.363477E-04,-1.313444E-08
1708294359
-1.038212E-04,-1.256918E-08
1708294369
-1.371814E-04,-1.273634E-08
1708294379
-1.663737E-04,-1.262712E-08
1708294389
-5.628225E-05,-1.231614E-08
1708294400
-1.296760E-04,-1.075081E-08
1708294410
-1.029873E-04,-1.198181E-08
1708294420
-4.961025E-05,-1.163123E-08
1708294430
-8.463953E-05,-1.191678E-08
1708294440
-6.045392E-05,-1.268131E-08
1708294451
-7.296316E-05,-1.236658E-08
1708294461
-1.388509E-04,-1.302147E-08
1708294471
-4.794374E-05,-1.286264E-08
1708294481
-5.795080E-05,-1.237408E-08
1708294492
-1.230051E-04,-1.228654E-08
1708294502
-1.046563E-04,-1.260752E-08
1708294512
-1.546953E-04,-1.210187E-08
1708294523
-1.496917E-04,-1.185675E-08
1708294533
-1.104936E-04,-1.158121E-08
1708294543
-1.113272E-04,-1.257793E-08
1708294553
-6.629145E-05,-1.255750E-08
1708294563
-8.714022E-05,-1.282930E-08
1708294574
-7.963553E-05,-1.317071E-08
1708294584
+1.127291E-05,-1.164499E-08
1708294594
-4.210295E-05,-1.150159E-08
1708294605
-1.458274E-05,-1.086628E-08
1708294615
-2.292413E-05,-1.145156E-08
1708294625
-5.127676E-05,-1.221401E-08
1708294635
-7.212870E-05,-1.071204E-08
1708294645
-1.371843E-04,-1.173419E-08
1708294656
-1.288441E-04,-1.037730E-08
1708294666
-1.513605E-04,-1.242869E-08
1708294676
-1.913946E-04,-1.227153E-08
1708294687
-1.038210E-04,-1.191887E-08
1708294697
-1.255031E-04,-1.147241E-08
1708294707
-1.263410E-04,-1.227779E-08
1708294718
-9.714868E-05,-1.175629E-08
1708294728
-4.877681E-05,-1.180506E-08
1708294738
-1.875320E-05,-1.116851E-08
1708294748
-1.208009E-05,-1.145740E-08
1708294758
-5.878340E-05,-1.164124E-08
1708294769
-1.171655E-04,-1.184425E-08
1708294779
-5.377997E-05,-1.262837E-08
1708294789
-1.236517E-06,-1.249497E-08
1708294799
-1.791623E-05,-1.246454E-08
1708294810
+6.269664E-06,-1.200432E-08
1708294820
-6.239768E-06,-1.292434E-08
1708294830
+4.046578E-05,-1.276343E-08
1708294840
+5.214149E-05,-1.270966E-08
1708294850
-1.238473E-06,-1.248330E-08
1708294861
-1.541413E-05,-1.265838E-08
1708294871
-3.626728E-05,-1.271716E-08
1708294881
+6.298292E-05,-1.211521E-08
1708294891
-4.010275E-07,-1.273759E-08
1708294902
-6.045178E-05,-1.276302E-08
1708294912
-1.041032E-05,-1.144448E-08
1708294922
-2.959343E-05,-1.153285E-08
1708294932
-1.541292E-05,-1.041983E-08
1708294942
+2.128323E-05,-1.281388E-08
1708294953
-2.375329E-05,-1.155286E-08
1708294963
+4.326925E-07,-1.333162E-08
1708294973
+3.212616E-05,-1.208478E-08
1708294983
+7.215645E-05,-1.188843E-08
1708294994
+5.797995E-05,-1.248497E-08
1708295004
-7.073395E-06,-1.394066E-08
1708295014
-1.708297E-05,-1.270549E-08
1708295025
+1.961440E-05,-1.174420E-08
1708295035
+2.044607E-05,-1.287848E-08
1708295045
+2.930220E-06,-1.255833E-08
1708295055
-4.710909E-05,-1.423163E-08
1708295066
-1.004884E-04,-1.291392E-08
1708295076
-1.488604E-04,-1.290225E-08
1708295086
-2.876148E-05,-1.240951E-08
1708295096
-5.044546E-05,-1.267589E-08
1708295107
-8.213939E-05,-1.268256E-08
1708295117
-1.138298E-04,-1.194054E-08
1708295127
-1.546999E-04,-1.269215E-08
1708295138
-1.396877E-04,-1.147157E-08
1708295148
-1.480265E-04,-1.174670E-08
1708295158
-1.813884E-04,-1.131608E-08
1708295168
-1.555339E-04,-1.050528E-08
1708295179
-1.697144E-04,-1.091547E-08
1708295189
-1.363514E-04,-1.135985E-08
1708295199
-8.547539E-05,-1.081793E-08
1708295209
-6.712582E-05,-1.182882E-08
1708295219
-1.155023E-04,-1.112682E-08
1708295229
-1.380181E-04,-1.089505E-08
1708295240
-5.461555E-05,-1.132108E-08
1708295250
-1.155000E-04,-1.106179E-08
1708295260
-8.213483E-05,-1.192596E-08
1708295271
-4.544025E-05,-1.113641E-08
1708295281
-6.295480E-05,-1.119686E-08
1708295291
-3.209766E-05,-1.286056E-08
1708295301
+2.545109E-05,-1.213063E-08
1708295311
-6.243214E-06,-1.153618E-08
1708295321
-3.793612E-05,-1.155077E-08
1708295332
-2.070610E-06,-1.208853E-08
1708295342
+4.600454E-06,-1.219066E-08
1708295352
-8.213669E-05,-1.218316E-08
1708295363
-1.605357E-04,-1.272008E-08
1708295373
-1.305105E-04,-1.286556E-08
1708295383
-1.563675E-04,-1.313652E-08
1708295393
-1.213367E-04,-1.223568E-08
1708295403
-1.271745E-04,-1.280762E-08
1708295414
-1.079895E-04,-1.374098E-08
1708295424
-1.305092E-04,-1.209062E-08
1708295434
-1.154996E-04,-1.124021E-08
1708295444
-6.962512E-05,-1.190428E-08
1708295455
-1.104941E-04,-1.319489E-08
1708295465
-4.293686E-05,-1.394108E-08
1708295475
-1.280076E-04,-1.298562E-08
1708295485
-1.305118E-04,-1.301480E-08
1708295495
-1.505302E-04,-1.309525E-08
1708295505
-1.580338E-04,-1.187509E-08
1708295516
-1.521970E-04,-1.214439E-08
1708295526
-1.855565E-04,-1.262462E-08
1708295536
-2.139142E-04,-1.165124E-08
1708295546
-1.330131E-04,-1.279720E-08
1708295557
-8.881036E-05,-1.315362E-08
1708295567
-1.038225E-04,-1.374598E-08
1708295577
-1.455249E-04,-1.303022E-08
1708295588
-1.413533E-04,-1.269798E-08
1708295598
-1.221717E-04,-1.270299E-08
1708295608
-1.046565E-04,-1.118310E-08
1708295618
-8.547483E-05,-1.196597E-08
1708295629
-8.714283E-05,-1.304315E-08
1708295639
-1.296801E-04,-1.204684E-08
1708295649
-1.321813E-04,-1.307691E-08
1708295660
-1.129998E-04,-1.228487E-08
1708295670
-5.711801E-05,-1.187343E-08
1708295680
-1.063274E-04,-1.230071E-08
1708295691
-3.877133E-05,-1.231655E-08
1708295701
-7.629972E-05,-1.261961E-08
1708295711
-8.464232E-05,-1.261169E-08
1708295721
-1.471938E-04,-1.279053E-08
1708295732
-1.922306E-04,-1.240451E-08
1708295742
-1.138341E-04,-1.321281E-08
1708295752
-5.795192E-05,-1.282596E-08
1708295763
-1.155016E-04,-1.350753E-08
1708295773
-1.163341E-04,-1.406029E-08
1708295783
-8.714115E-05,-1.373014E-08
1708295793
-1.221719E-04,-1.372847E-08
1708295803
-1.688776E-04,-1.223818E-08
1708295813
-1.288439E-04,-1.248538E-08
1708295824
-9.798482E-05,-1.189385E-08
1708295834
-1.680411E-04,-1.133025E-08
1708295844
-8.881018E-05,-1.281762E-08
1708295854
-3.209840E-05,-1.213188E-08
1708295865
-1.180033E-04,-1.198181E-08
1708295875
-7.630074E-05,-1.292059E-08
1708295885
-1.096625E-04,-1.259418E-08
1708295895
-1.205051E-04,-1.247954E-08
1708295905
-8.547427E-05,-1.220900E-08
1708295916
-6.546173E-05,-1.240200E-08
1708295926
-6.462624E-05,-1.251122E-08
1708295936
-9.047981E-05,-1.232197E-08
1708295947
-1.238408E-04,-1.253499E-08
1708295957
-6.295722E-05,-1.237408E-08
1708295967
-6.045522E-05,-1.262586E-08
1708295977
-1.046574E-04,-1.185759E-08
1708295988
-1.338475E-04,-1.250873E-08
1708295998
-1.280105E-04,-1.266588E-08
1708296008
-1.413557E-04,-1.249955E-08
1708296018
-6.796047E-05,-1.234948E-08
1708296028
-6.795880E-05,-1.301147E-08
1708296039
-8.380487E-05,-1.336080E-08
1708296049
-1.046564E-04,-1.258752E-08
1708296059
-7.045977E-05,-1.326909E-08
1708296070
-1.079926E-04,-1.279094E-08
1708296080
-1.305106E-04,-1.400777E-08
1708296090
-1.021572E-04,-1.376682E-08
1708296100
-1.788839E-04,-1.428374E-08
1708296111
-1.371831E-04,-1.344459E-08
1708296121
-1.205048E-04,-1.385853E-08
1708296131
-1.054900E-04,-1.359007E-08
1708296141
-9.631850E-05,-1.374556E-08
1708296151
-8.881222E-05,-1.325408E-08
1708296162
-1.054912E-04,-1.404612E-08
1708296172
-1.230054E-04,-1.323782E-08
1708296182
-2.089088E-04,-1.348252E-08
1708296192
-1.713785E-04,-1.299271E-08
1708296203
-1.154973E-04,-1.317738E-08
1708296213
-1.338474E-04,-1.224444E-08
1708296223
-9.715017E-05,-1.457220E-08
1708296233
-1.154982E-04,-1.463765E-08
1708296244
-1.571985E-04,-1.352171E-08
1708296254
-1.088254E-04,-1.339415E-08
1708296264
-1.863882E-04,-1.350921E-08
1708296274
-1.104914E-04,-1.356590E-08
1708296284
-1.305099E-04,-1.319531E-08
1708296294
-9.965058E-05,-1.159872E-08
1708296305
-9.881789E-05,-1.390522E-08
1708296315
-9.047529E-05,-1.217399E-08
1708296325
-9.798156E-05,-1.281471E-08
1708296336
-9.631738E-05,-1.299312E-08
1708296346
-5.378015E-05,-1.407947E-08
1708296356
-1.230033E-04,-1.363927E-08
1708296367
-1.104946E-04,-1.422621E-08
1708296377
-7.963199E-05,-1.326576E-08
1708296387
-1.088244E-04,-1.379642E-08
1708296397
-9.297775E-05,-1.336706E-08
1708296408
-7.713260E-05,-1.262712E-08
1708296418
-1.113263E-04,-1.291476E-08
1708296428
-1.054877E-04,-1.331078E-08
1708296438
-1.221691E-04,-1.409657E-08
1708296448
-1.388515E-04,-1.445757E-08
1708296459
-1.455223E-04,-1.374223E-08
1708296469
-1.079898E-04,-1.392690E-08
1708296479
-1.255045E-04,-1.464474E-08
1708296490
-1.054890E-04,-1.376016E-08
1708296500
-6.378740E-05,-1.454928E-08
1708296510
-4.544044E-05,-1.303064E-08
1708296521
-2.458747E-05,-1.409615E-08
1708296531
-5.377857E-05,-1.358049E-08
1708296541
-4.627258E-05,-1.334079E-08
1708296551
-2.959277E-05,-1.473937E-08
1708296562
-5.461136E-05,-1.375557E-08
1708296572
-5.377811E-05,-1.395192E-08
1708296582
-1.388494E-04,-1.445757E-08
1708296592
-5.044136E-05,-1.397109E-08
1708296602
-1.396854E-04,-1.374181E-08
1708296613
-1.238370E-04,-1.328243E-08
1708296623
-8.213753E-05,-1.329493E-08
1708296633
-1.046523E-04,-1.441130E-08
1708296644
-6.378833E-05,-1.371305E-08
1708296654
-7.212748E-05,-1.403779E-08
1708296664
-1.396806E-04,-1.334413E-08
1708296674
-1.622007E-04,-1.422788E-08
1708296685
-1.063211E-04,-1.293102E-08
1708296695
-1.538613E-04,-1.274301E-08
1708296705
-4.710686E-05,-1.284264E-08
1708296715
-8.296985E-05,-1.316446E-08
1708296725
-7.462995E-05,-1.336497E-08
1708296735
-5.544480E-05,-1.270091E-08
1708296746
-9.381138E-05,-1.307775E-08
1708296756
-1.605316E-04,-1.324575E-08
1708296766
-1.338435E-04,-1.274009E-08
1708296776
-1.563624E-04,-1.368096E-08
1708296787
-1.530263E-04,-1.292768E-08
1708296797
-1.388478E-04,-1.308859E-08
1708296807
-9.381212E-05,-1.421412E-08
1708296818
-1.071588E-04,-1.476813E-08
1708296828
-1.830522E-04,-1.440130E-08
1708296838
-6.462019E-05,-1.500658E-08
1708296848
-4.209913E-05,-1.461890E-08
1708296858
-3.543114E-05,-1.413575E-08
1708296869
-8.046664E-05,-1.398568E-08
1708296879
-7.712981E-05,-1.334330E-08
1708296889
-1.438547E-04,-1.338790E-08
1708296899
-1.813814E-04,-1.341083E-08
1708296910
-1.104916E-04,-1.351171E-08
1708296920
-1.380154E-04,-1.405988E-08
1708296930
-1.680386E-04,-1.218816E-08
1708296940
-1.697083E-04,-1.285931E-08
1708296950
-1.330098E-04,-1.275343E-08
1708296960
-1.338439E-04,-1.272092E-08
1708296971
-9.297645E-05,-1.221068E-08
1708296981
-8.046543E-05,-1.238201E-08
1708296991
-9.881230E-05,-1.244621E-08
1708297001
-8.046543E-05,-1.300147E-08
1708297011
-8.963906E-05,-1.219317E-08
1708297022
-1.088243E-04,-1.216398E-08
1708297032
-1.138259E-04,-1.244620E-08
1708297042
-1.113271E-04,-1.307900E-08
1708297052
-1.346794E-04,-1.334454E-08
1708297062
-1.338446E-04,-1.371847E-08
1708297073
-1.363466E-04,-1.381685E-08
1708297083
-1.505254E-04,-1.470394E-08
1708297093
-1.655381E-04,-1.372181E-08
1708297104
-1.763794E-04,-1.267715E-08
1708297114
-9.380961E-05,-1.316738E-08
1708297124
-8.297023E-05,-1.280721E-08
1708297135
-1.079882E-04,-1.298688E-08
1708297145
-1.230012E-04,-1.225028E-08
1708297155
-1.405172E-04,-1.298687E-08
1708297165
-8.547222E-05,-1.283055E-08
1708297176
-5.544648E-05,-1.294769E-08
1708297186
-4.543765E-05,-1.265255E-08
1708297196
-5.294317E-05,-1.366011E-08
1708297207
-5.294662E-05,-1.297103E-08
1708297217
-7.462884E-05,-1.284222E-08
1708297227
-8.296790E-05,-1.223194E-08
1708297238
-8.046497E-05,-1.226404E-08
1708297248
-9.881407E-05,-1.231406E-08
1708297258
-1.521919E-04,-1.244037E-08
1708297269
-1.405138E-04,-1.168334E-08
1708297279
-1.004818E-04,-1.238242E-08
1708297289
-1.463542E-04,-1.233323E-08
1708297299
-1.430188E-04,-1.354464E-08
1708297310
-1.246704E-04,-1.335830E-08
1708297320
-1.121602E-04,-1.261170E-08
1708297330
-6.962474E-05,-1.327451E-08
1708297340
-1.054885E-04,-1.257043E-08
1708297350
-8.880766E-05,-1.325784E-08
1708297361
-9.714775E-05,-1.230322E-08
1708297371
-8.880607E-05,-1.218149E-08
1708297381
-1.521941E-04,-1.218858E-08
1708297392
-9.547807E-05,-1.329994E-08
1708297402
-1.280061E-04,-1.330161E-08
1708297412
-7.212516E-05,-1.313445E-08
1708297422
-6.236974E-06,-1.306191E-08
1708297433
+2.102461E-06,-1.281346E-08
1708297443
-1.040725E-05,-1.230239E-08
1708297453
+7.106923E-06,-1.313736E-08
1708297464
-9.214254E-05,-1.358508E-08
1708297474
-2.958812E-05,-1.272134E-08
1708297484
-9.130873E-05,-1.234949E-08
1708297495
-3.876341E-05,-1.301439E-08
1708297505
-7.713000E-05,-1.260961E-08
1708297515
-1.238360E-04,-1.180423E-08
1708297525
-7.296130E-05,-1.156620E-08
1708297536
-6.795684E-05,-1.263462E-08
1708297546
-3.376054E-05,-1.171878E-08
1708297556
+7.940177E-06,-1.232865E-08
1708297567
-1.624739E-05,-1.267923E-08
1708297577
-6.295209E-05,-1.337581E-08
1708297587
-1.874855E-05,-1.334913E-08
1708297598
-9.464552E-05,-1.312277E-08
1708297608
-9.297692E-05,-1.324575E-08
1708297618
-9.881593E-05,-1.354005E-08
1708297629
-9.047529E-05,-1.349587E-08
1708297639
-1.113270E-04,-1.333496E-08
1708297649
-3.376147E-05,-1.380726E-08
1708297659
-1.129932E-04,-1.299021E-08
1708297669
-4.377123E-05,-1.236866E-08
1708297679
-5.044192E-05,-1.239493E-08
1708297689
+2.937298E-06,-1.267840E-08
1708297699
-7.879622E-05,-1.244621E-08
1708297710
-5.210964E-05,-1.264963E-08
1708297720
-1.246675E-04,-1.200892E-08
1708297730
-1.113246E-04,-1.150743E-08
1708297741
-7.212199E-05,-1.194430E-08
1708297751
-9.380644E-05,-1.087713E-08
1708297761
-1.263337E-04,-1.182258E-08
1708297771
-6.044526E-05,-1.162832E-08
1708297781
-1.121561E-04,-1.274343E-08
1708297792
-1.580286E-04,-1.266714E-08
1708297802
-1.338412E-04,-1.127065E-08
1708297812
-1.013130E-04,-1.175088E-08
1708297822
-1.079866E-04,-1.123105E-08
1708297833
-5.544154E-05,-1.146074E-08
1708297843
-9.964951E-05,-1.233282E-08
1708297853
-1.071551E-04,-1.259336E-08
1708297863
-9.881258E-05,-1.166083E-08
1708297874
-6.878954E-05,-1.178297E-08
1708297884
-4.877280E-05,-1.328452E-08
1708297894
-8.713761E-05,-1.325409E-08
1708297905
-9.797975E-05,-1.412533E-08
1708297915
-1.421845E-04,-1.304023E-08
1708297925
-1.380142E-04,-1.294394E-08
1708297936
-1.071547E-04,-1.418703E-08
1708297946
-1.238359E-04,-1.257043E-08
1708297956
-6.795749E-05,-1.287974E-08
1708297966
-1.680396E-04,-1.245621E-08
1708297976
-1.471896E-04,-1.179047E-08
1708297986
-1.204996E-04,-1.183633E-08
1708297996
-1.371819E-04,-1.233948E-08
1708298007
-6.628987E-05,-1.227654E-08
1708298017
-2.458878E-05,-1.277469E-08
1708298027
-1.291065E-05,-1.225820E-08
1708298037
-1.874855E-05,-1.208520E-08
1708298048
-4.377002E-05,-1.248289E-08
1708298058
-1.146636E-04,-1.204434E-08
1708298068
-6.128587E-05,-1.342750E-08
1708298079
-2.375264E-05,-1.342458E-08
1708298089
-1.541395E-05,-1.212605E-08
1708298099
-5.210973E-05,-1.277969E-08
1708298109
-8.380450E-05,-1.296686E-08
1708298120
-6.295331E-05,-1.232156E-08
1708298130
-1.063217E-04,-1.281679E-08
1708298140
-5.711419E-05,-1.215190E-08
1708298150
-1.791501E-05,-1.284014E-08
1708298161
-7.963320E-05,-1.296978E-08
1708298171
-1.246716E-04,-1.391439E-08
1708298181
-1.138305E-04,-1.401528E-08
1708298191
-9.130994E-05,-1.385020E-08
1708298202
-4.877373E-05,-1.255167E-08
1708298212
-1.430182E-04,-1.289058E-08
1708298222
-8.046506E-05,-1.269757E-08
1708298232
-9.297887E-05,-1.132942E-08
1708298243
-1.388482E-04,-1.189052E-08
1708298253
-1.338447E-04,-1.135152E-08
1708298263
-1.480212E-04,-1.177714E-08
1708298274
-1.388486E-04,-1.082877E-08
1708298284
-1.221693E-04,-1.145323E-08
1708298294
-1.797158E-04,-1.246746E-08
1708298305
-1.672063E-04,-1.227779E-08
1708298315
-1.672057E-04,-1.290684E-08
1708298325
-1.647021E-04,-1.278803E-08
1708298336
-1.213347E-04,-1.257876E-08
1708298346
-1.371831E-04,-1.243619E-08
1708298356
-1.163326E-04,-1.282888E-08
1708298366
-1.180000E-04,-1.310526E-08
1708298377
-8.463832E-05,-1.234282E-08
1708298387
-1.096588E-04,-1.200849E-08
1708298397
-1.196671E-04,-1.195263E-08
1708298407
-8.130297E-05,-1.250414E-08
1708298418
-1.096593E-04,-1.257043E-08
1708298428
-1.313424E-04,-1.224527E-08
1708298438
-1.488573E-04,-1.200891E-08
1708298449
-2.124989E-05,-1.313862E-08
1708298459
-7.712981E-05,-1.318364E-08
1708298469
-1.163308E-04,-1.277719E-08
1708298479
-1.129949E-04,-1.367220E-08
1708298490
-1.663726E-04,-1.238492E-08
1708298500
-1.980631E-04,-1.274426E-08
1708298510
-8.713836E-05,-1.169376E-08
1708298520
-1.263367E-04,-1.306275E-08
1708298530
-1.313419E-04,-1.296937E-08
1708298540
-1.388484E-04,-1.267006E-08
1708298551
-1.121595E-04,-1.271883E-08
1708298561
-8.380171E-05,-1.317155E-08
1708298571
-1.555289E-04,-1.253916E-08
1708298581
-1.146592E-04,-1.248497E-08
1708298591
-1.791157E-05,-1.236575E-08
1708298602
-9.797998E-05,-1.171628E-08
1708298612
-9.630788E-05,-1.273301E-08
1708298622
-8.880291E-05,-1.260128E-08
1708298632
-4.043048E-05,-1.207103E-08
1708298642
+2.295729E-05,-1.107556E-08
1708298652
-4.710313E-05,-1.149659E-08
1708298663
-2.458459E-05,-1.118186E-08
1708298673
-2.041245E-05,-1.140655E-08
1708298683
-2.959054E-05,-1.171961E-08
1708298693
+1.795040E-05,-1.136194E-08
1708298704
-7.906556E-06,-1.177005E-08
1708298714
+1.294483E-05,-1.119019E-08
1708298724
+1.628399E-05,-1.082627E-08
1708298735
-1.624646E-05,-1.081460E-08
1708298745
-2.208399E-05,-1.093174E-08
1708298755
-1.541078E-05,-1.082043E-08
1708298765
-9.214133E-05,-1.231739E-08
1708298775
-1.021512E-04,-1.179256E-08
1708298786
-1.071556E-04,-1.122312E-08
1708298796
-1.038180E-04,-1.081460E-08
1708298806
-1.129926E-04,-1.148283E-08
1708298816
-1.613660E-04,-1.120061E-08
1708298827
-1.363454E-04,-1.144698E-08
1708298837
-1.038187E-04,-1.144823E-08
1708298847
-1.129923E-04,-1.164124E-08
1708298858
-1.063189E-04,-1.209229E-08
1708298868
-7.629562E-05,-1.246997E-08
1708298878
-1.221645E-04,-1.181382E-08
1708298888
-8.213241E-05,-1.166000E-08
1708298899
-7.045469E-05,-1.249665E-08
1708298909
-2.625231E-05,-1.273718E-08
1708298919
-7.462702E-05,-1.296103E-08
1708298930
-6.628642E-05,-1.253500E-08
1708298940
-7.879660E-05,-1.261587E-08
1708298950
-4.126271E-05,-1.247289E-08
1708298960
-1.088216E-04,-1.209646E-08
1708298970
-1.305060E-04,-1.255376E-08
1708298980
-1.113245E-04,-1.266964E-08
1708298991
-4.710173E-05,-1.247706E-08
1708299001
-1.530240E-04,-1.279346E-08
1708299011
-6.795395E-05,-1.276719E-08
1708299022
-8.963812E-05,-1.214398E-08
1708299032
-8.546990E-05,-1.244579E-08
1708299042
-3.125705E-05,-1.151535E-08
1708299052
-6.712032E-05,-1.258752E-08
1708299063
-6.962195E-05,-1.255918E-08
1708299073
-1.096559E-04,-1.159413E-08
1708299083
-9.130593E-05,-1.234449E-08
1708299093
-1.374232E-05,-1.197140E-08
1708299104
-4.460057E-05,-1.149409E-08
1708299114
-2.208166E-05,-1.088964E-08
1708299124
-2.875412E-05,-1.156662E-08
1708299134
-9.797886E-05,-1.168209E-08
1708299145
-2.792133E-05,-1.149450E-08
1708299155
-3.042165E-05,-1.247914E-08
1708299165
-7.212376E-05,-1.189219E-08
1708299175
-2.041617E-05,-1.139779E-08
1708299185
-6.545083E-05,-1.264630E-08
1708299195
-3.793081E-05,-1.178631E-08
1708299206
-3.542947E-05,-1.157704E-08
1708299216
-6.878869E-05,-1.235908E-08
1708299226
-1.179949E-04,-1.161123E-08
1708299236
-1.446836E-04,-1.109348E-08
1708299247
-1.438520E-04,-1.236992E-08
1708299257
-1.296731E-04,-1.189553E-08
1708299267
-1.338413E-04,-1.201183E-08
1708299277
-8.046720E-05,-1.267464E-08
1708299288
-1.280050E-04,-1.236658E-08
1708299298
-5.627787E-05,-1.222193E-08
1708299308
-3.542844E-05,-1.266547E-08
1708299319
-7.546190E-05,-1.136694E-08
1708299329
-1.040697E-05,-1.234324E-08
1708299339
-3.542816E-05,-1.199766E-08
1708299349
-2.542296E-05,-1.181257E-08
1708299360
+8.774176E-06,-1.310527E-08
1708299370
-7.072464E-06,-1.302481E-08
1708299380
-4.710658E-05,-1.305274E-08
1708299390
-3.376119E-05,-1.288599E-08
1708299401
-7.879883E-05,-1.275927E-08
1708299411
-4.043374E-05,-1.264755E-08
1708299421
-6.879009E-05,-1.306691E-08
1708299432
-7.629618E-05,-1.261587E-08
1708299442
-1.163321E-04,-1.204851E-08
1708299452
-7.963357E-05,-1.216148E-08
1708299462
-5.711336E-05,-1.294144E-08
1708299472
-5.711541E-05,-1.230572E-08
1708299483
-6.295238E-05,-1.320448E-08
1708299493
-3.543002E-05,-1.211521E-08
1708299503
-8.963877E-05,-1.258419E-08
1708299513
-1.221666E-04,-1.283764E-08
1708299524
-1.622000E-04,-1.280763E-08
1708299534
-1.471887E-04,-1.265005E-08
1708299544
-1.321768E-04,-1.384895E-08
1708299555
-1.505248E-04,-1.340916E-08
1708299565
-1.088222E-04,-1.288766E-08
1708299575
-1.330113E-04,-1.222735E-08
1708299586
-1.296733E-04,-1.192679E-08
1708299596
-7.879901E-05,-1.131525E-08
1708299606
-7.880125E-05,-1.184967E-08
1708299616
-8.129961E-05,-1.143281E-08
1708299626
-6.128531E-05,-1.095049E-08
1708299637
-5.210843E-05,-1.165583E-08
1708299647
-1.088245E-04,-1.145615E-08
1708299657
-1.805496E-04,-1.217983E-08
1708299668
-5.461154E-05,-1.188260E-08
1708299678
-6.628902E-05,-1.126147E-08
1708299688
+7.106643E-06,-1.166417E-08
1708299699
-5.628019E-05,-1.196097E-08
1708299709
-7.879976E-05,-1.205977E-08
1708299719
-1.624730E-05,-1.217065E-08
1708299729
-1.104908E-04,-1.232948E-08
1708299740
-6.128475E-05,-1.218441E-08
1708299750
-9.381185E-05,-1.257710E-08
1708299760
-7.129265E-05,-1.207603E-08
1708299770
-8.463832E-05,-1.169293E-08
1708299781
+4.463764E-05,-1.189969E-08
1708299791
-2.375422E-05,-1.271258E-08
1708299801
+8.550314E-05,-1.269924E-08
1708299812
+1.544533E-05,-1.261962E-08
1708299822
-7.296148E-05,-1.239618E-08
1708299832
-8.213455E-05,-1.190511E-08
1708299842
-2.458692E-05,-1.174754E-08
1708299852
-3.793016E-05,-1.194472E-08
1708299863
-5.544592E-05,-1.152076E-08
1708299873
-9.047445E-05,-1.195014E-08
1708299883
-7.879808E-05,-1.227279E-08
1708299893
-1.124265E-05,-1.147699E-08
1708299904
-7.072370E-06,-1.275385E-08
1708299914
-7.129023E-05,-1.135110E-08
1708299924
-7.546423E-05,-1.239659E-08
1708299935
-9.047510E-05,-1.173420E-08
1708299945
-8.880570E-05,-1.213231E-08
1708299955
-3.876481E-05,-1.322616E-08
1708299966
-2.792319E-05,-1.183008E-08
1708299976
-7.129311E-05,-1.212480E-08
1708299986
-6.045057E-05,-1.229655E-08
1708299996
-3.543002E-05,-1.185967E-08
1708300007
-6.795647E-05,-1.350587E-08
1708300017
-2.208389E-05,-1.132234E-08
1708300027
-1.154950E-04,-1.120728E-08
1708300037
-9.130668E-05,-1.088922E-08
1708300048
-1.146604E-04,-1.094716E-08
1708300058
-2.291771E-05,-1.159872E-08
1708300068
-5.544359E-05,-1.153994E-08
1708300079
-8.797077E-05,-1.177380E-08
1708300089
-1.179949E-04,-1.172086E-08
1708300099
-6.044759E-05,-1.165625E-08
1708300109
-5.961479E-05,-1.234407E-08
1708300120
-5.794605E-05,-1.323991E-08
1708300130
-6.795432E-05,-1.295937E-08
1708300140
-6.237812E-06,-1.187635E-08
1708300150
-5.711243E-05,-1.253125E-08
1708300160
-6.628995E-05,-1.278886E-08
1708300170
-6.295331E-05,-1.202892E-08
1708300181
-5.878108E-05,-1.245996E-08
1708300191
-7.712794E-05,-1.152077E-08
1708300201
-3.793007E-05,-1.129232E-08
1708300211
-8.797259E-05,-1.234657E-08
1708300222
-3.292561E-05,-1.167542E-08
1708300232
-8.880599E-05,-1.166542E-08
1708300242
-7.379307E-05,-1.183050E-08
1708300253
-9.881314E-05,-1.216190E-08
1708300263
-3.959844E-05,-1.237117E-08
1708300273
-9.297459E-05,-1.212772E-08
1708300283
-8.129961E-05,-1.131358E-08
1708300293
-8.046515E-05,-1.194430E-08
1708300304
-3.542770E-05,-1.208937E-08
1708300314
+7.940735E-06,-1.287557E-08
1708300324
-2.041664E-05,-1.205185E-08
1708300334
-8.546934E-05,-1.164624E-08
1708300345
-7.462809E-05,-1.158288E-08
1708300355
-7.379540E-05,-1.180215E-08
1708300365
-3.626505E-05,-1.124063E-08
1708300375
-1.040762E-05,-1.208812E-08
1708300386
-4.043141E-05,-1.147991E-08
1708300396
+1.127487E-05,-1.150534E-08
1708300406
-7.073395E-06,-1.207519E-08
1708300417
+5.131178E-05,-1.251791E-08
1708300427
-2.901722E-06,-1.339624E-08
1708300437
-3.793128E-05,-1.293477E-08
1708300447
-2.458459E-05,-1.200975E-08
1708300458
+4.339032E-07,-1.269882E-08
1708300468
-5.878322E-05,-1.280721E-08
1708300478
-2.875682E-05,-1.286474E-08
1708300488
-6.461991E-05,-1.232114E-08
1708300498
-1.958208E-05,-1.222151E-08
1708300508
-4.126644E-05,-1.343000E-08
1708300518
-6.879018E-05,-1.335663E-08
1708300528
-2.041710E-05,-1.289767E-08
1708300538
-5.127722E-05,-1.322073E-08
1708300548
-4.293453E-05,-1.254375E-08
1708300559
-4.376872E-05,-1.342792E-08
1708300569
+5.438458E-06,-1.238451E-08
1708300579
-7.712860E-05,-1.218775E-08
1708300589
-5.044099E-05,-1.136736E-08
1708300599
-6.628614E-05,-1.212022E-08
1708300610
-9.130752E-05,-1.223861E-08
1708300620
-1.171636E-04,-1.172920E-08
1708300630
-7.712757E-05,-1.154495E-08
1708300640
-7.545995E-05,-1.211271E-08
1708300650
-5.794726E-05,-1.158163E-08
1708300660
-7.796483E-05,-1.279595E-08
1708300671
-1.040651E-05,-1.313987E-08
1708300681
-6.545112E-05,-1.234032E-08
1708300691
-5.544415E-05,-1.168626E-08
1708300701
-8.463440E-05,-1.216190E-08
1708300712
-9.130640E-05,-1.114142E-08
1708300722
-1.154947E-04,-1.221068E-08
1708300732
-1.146611E-04,-1.223152E-08
1708300742
-7.546526E-05,-1.163623E-08
1708300752
-9.214077E-05,-1.211230E-08
1708300763
-5.127750E-05,-1.229530E-08
1708300773
-4.710555E-05,-1.245787E-08
1708300783
-7.629693E-05,-1.324992E-08
1708300794
-1.388477E-04,-1.231864E-08
1708300804
-6.128298E-05,-1.297937E-08
1708300814
-9.047482E-05,-1.319072E-08
1708300825
-6.712284E-05,-1.333996E-08
1708300835
-1.288408E-04,-1.223235E-08
1708300845
-1.004843E-04,-1.233240E-08
1708300855
-9.297887E-05,-1.293143E-08
1708300865
-8.297004E-05,-1.170377E-08
1708300875
-7.462855E-05,-1.214273E-08
1708300886
-2.458850E-05,-1.261378E-08
1708300896
-5.461369E-05,-1.221442E-08
1708300906
-3.960086E-05,-1.148366E-08
1708300916
-7.880051E-05,-1.110473E-08
1708300927
-7.075258E-06,-1.123104E-08
1708300937
-2.458794E-05,-1.130691E-08
1708300947
-9.714523E-05,-1.155995E-08
1708300957
-8.463757E-05,-1.142572E-08
1708300968
-2.625613E-05,-1.196014E-08
1708300978
-3.876584E-05,-1.197306E-08
1708300988
-2.709050E-05,-1.212021E-08
1708300999
-4.567858E-06,-1.244079E-08
1708301009
+4.604738E-06,-1.204351E-08
1708301019
-1.708027E-05,-1.183883E-08
1708301029
-7.546097E-05,-1.205435E-08
1708301039
-1.113247E-04,-1.285015E-08
1708301050
-6.128354E-05,-1.160164E-08
1708301060
-1.004848E-04,-1.303815E-08
1708301070
-8.546952E-05,-1.245913E-08
1708301081
-1.196680E-04,-1.299146E-08
1708301091
-7.546200E-05,-1.255209E-08
1708301101
-3.042305E-05,-1.237826E-08
1708301112
-1.121597E-04,-1.329244E-08
1708301122
-6.712125E-05,-1.331036E-08
1708301132
-5.961470E-05,-1.265630E-08
1708301142
+3.629765E-05,-1.380810E-08
1708301152
+4.605669E-06,-1.221359E-08
1708301162
+9.609479E-06,-1.230947E-08
1708301173
+7.941574E-06,-1.341500E-08
1708301183
-3.626319E-05,-1.246121E-08
1708301193
+9.609013E-06,-1.383686E-08
1708301203
+1.878236E-05,-1.254083E-08
1708301214
-2.066512E-06,-1.296145E-08
1708301224
-7.879725E-05,-1.271300E-08
1708301234
-8.630371E-05,-1.204601E-08
1708301245
-1.271704E-04,-1.314946E-08
1708301255
-6.044917E-05,-1.312152E-08
1708301265
-9.464370E-05,-1.301064E-08
1708301275
-9.631240E-05,-1.372931E-08
