1706267835
-3.500947E-01,-1.322223E-09
1706267840
-3.501530E-01,-9.662643E-10
1706267845
-3.500963E-01,-2.079946E-09
1706267851
-3.501823E-01,-1.324301E-09
1706267856
-3.501514E-01,-1.751530E-09
1706267861
-3.501865E-01,-1.415169E-09
1706267867
-3.502480E-01,-2.028264E-09
1706267872
-3.502081E-01,-1.818623E-09
1706267877
-3.501664E-01,-2.698493E-09
1706267882
-3.501889E-01,-1.788623E-09
1706267888
-3.500896E-01,-1.683554E-09
1706267893
-3.501204E-01,-1.957406E-09
1706267898
-3.500946E-01,-2.033267E-09
1706267903
-3.500854E-01,-2.053298E-09
1706267909
-3.501030E-01,-1.979523E-09
1706267914
-3.500563E-01,-1.874475E-09
1706267919
-3.501213E-01,-2.084525E-09
1706267925
-3.500679E-01,-2.044548E-09
1706267930
-3.500904E-01,-2.768101E-09
1706267935
-3.500470E-01,-2.320454E-09
1706267940
-3.501589E-01,-2.796862E-09
1706267946
-3.501314E-01,-2.636817E-09
1706267951
-3.501606E-01,-2.538024E-09
1706267956
-3.500905E-01,-2.560967E-09
1706267962
-3.500930E-01,-2.048692E-09
1706267967
-3.501463E-01,-1.774855E-09
1706267972
-3.501497E-01,-2.251687E-09
1706267977
-3.500889E-01,-2.128737E-09
1706267983
-3.500496E-01,-1.096312E-09
1706268047
-3.500154E-01,-2.069116E-09
1706268052
-3.500538E-01,-1.934088E-09
1706268057
-3.500429E-01,-2.268780E-09
1706268062
-3.501604E-01,-2.810199E-09
1706268068
-3.501104E-01,-3.175746E-09
1706268073
-3.501055E-01,-1.979496E-09
1706268078
-3.500904E-01,-1.819874E-09
1706268083
-3.500920E-01,-2.075379E-09
1706268089
-3.500613E-01,-2.162472E-09
1706268094
-3.501329E-01,-2.693491E-09
1706268099
-3.501455E-01,-2.969436E-09
1706268104
-3.501137E-01,-3.318715E-09
1706268110
-3.501796E-01,-2.657232E-09
1706268115
-3.500879E-01,-2.882739E-09
1706268120
-3.500921E-01,-2.590137E-09
1706268126
-3.500654E-01,-2.116628E-09
1706268131
-3.500754E-01,-2.308789E-09
1706268136
-3.500645E-01,-3.485439E-09
1706268141
-3.501196E-01,-2.952750E-09
1706268146
-3.501306E-01,-2.988599E-09
1706268152
-3.501855E-01,-3.161998E-09
1706268157
-3.500729E-01,-3.110723E-09
1706268162
-3.501021E-01,-2.885226E-09
1706268167
-3.501838E-01,-3.223680E-09
1706268173
-3.500712E-01,-3.232854E-09
1706268178
-3.500729E-01,-2.786441E-09
1706268183
-3.500754E-01,-4.070231E-09
1706268189
-3.501956E-01,-3.407080E-09
1706268194
-3.502014E-01,-3.070296E-09
1706268199
-3.501839E-01,-2.952751E-09
1706268204
-3.501339E-01,-3.491692E-09
1706268210
-3.500780E-01,-2.871055E-09
1706268215
-3.501631E-01,-3.943103E-09
1706268220
-3.501022E-01,-3.174088E-09
1706268226
-3.500756E-01,-3.769709E-09
1706268231
-3.500447E-01,-4.312402E-09
1706268236
-3.500972E-01,-3.535041E-09
1706268241
-3.500680E-01,-3.655918E-09
1706268247
-3.500930E-01,-3.520036E-09
1706268252
-3.501056E-01,-3.765957E-09
1706268257
-3.500631E-01,-3.456680E-09
1706268263
-3.501514E-01,-3.354562E-09
1706268268
-3.501464E-01,-3.617987E-09
1706268273
-3.501922E-01,-3.735534E-09
1706268278
-3.501672E-01,-3.319964E-09
1706268284
-3.501714E-01,-3.381653E-09
1706268289
-3.501289E-01,-3.758871E-09
1706268294
-3.501180E-01,-4.287392E-09
1706268299
-3.501072E-01,-4.534146E-09
1706268305
-3.501388E-01,-4.906779E-09
1706268310
-3.501631E-01,-3.955608E-09
1706268315
-3.501182E-01,-5.079343E-09
1706268321
-3.501106E-01,-4.363670E-09
1706268326
-3.500871E-01,-4.416604E-09
1706268331
-3.501123E-01,-5.650379E-09
1706268336
-3.501282E-01,-5.586191E-09
1706268342
-3.501990E-01,-5.029742E-09
1706268347
-3.502133E-01,-5.258991E-09
1706268352
-3.500881E-01,-4.650439E-09
1706268358
-3.501207E-01,-3.977700E-09
1706268363
-3.501624E-01,-4.520394E-09
1706268368
-3.500599E-01,-5.437388E-09
1706268373
-3.499992E-01,-5.323601E-09
1706268379
-3.501234E-01,-5.131446E-09
1706268384
-3.500432E-01,-5.127278E-09
1706268389
-3.500666E-01,-4.441617E-09
1706268394
-3.500642E-01,-5.828362E-09
1706268400
-3.501333E-01,-4.700875E-09
1706268405
-3.500808E-01,-6.225588E-09
1706268410
-3.499957E-01,-4.615011E-09
1706268415
-3.500149E-01,-5.449476E-09
1706268421
-3.500659E-01,-5.317347E-09
1706268426
-3.500767E-01,-6.000091E-09
1706268431
-3.500750E-01,-5.249823E-09
1706268436
-3.501059E-01,-5.465734E-09
1706268442
-3.499926E-01,-4.940548E-09
1706268447
-3.500417E-01,-5.983836E-09
1706268452
-3.500917E-01,-5.113524E-09
1706268458
-3.501533E-01,-7.060468E-09
1706268463
-3.500758E-01,-5.917561E-09
1706268468
-3.500342E-01,-5.742499E-09
1706268473
-3.500192E-01,-5.710405E-09
1706268479
-3.500841E-01,-5.122692E-09
1706268484
-3.500957E-01,-4.989728E-09
1706268489
-3.500825E-01,-5.726242E-09
1706268495
-3.499815E-01,-5.463648E-09
1706268500
-3.500340E-01,-5.191467E-09
1706268505
-3.500249E-01,-6.743272E-09
1706268510
-3.501184E-01,-5.817943E-09
1706268516
-3.500493E-01,-6.299782E-09
1706268521
-3.500460E-01,-6.504023E-09
1706268526
-3.499492E-01,-5.581610E-09
1706268532
-3.500168E-01,-6.244764E-09
1706268537
-3.500208E-01,-5.948406E-09
1706268542
-3.499700E-01,-6.403986E-09
1706268547
-3.500518E-01,-5.631628E-09
1706268553
-3.500234E-01,-6.470261E-09
1706268558
-3.500151E-01,-7.479789E-09
1706268563
-3.499994E-01,-6.294783E-09
1706268568
-3.499943E-01,-6.567796E-09
1706268574
-3.500728E-01,-6.768286E-09
1706268579
-3.500344E-01,-6.778706E-09
1706268584
-3.500844E-01,-7.020458E-09
1706268590
-3.500760E-01,-6.107213E-09
1706268595
-3.500027E-01,-6.968774E-09
1706268600
-3.499828E-01,-6.384400E-09
1706268605
-3.499435E-01,-5.861295E-09
1706268611
-3.499810E-01,-6.564879E-09
1706268616
-3.499235E-01,-6.015100E-09
1706268621
-3.499492E-01,-6.774536E-09
1706268627
-3.500352E-01,-6.754113E-09
1706268632
-3.499517E-01,-7.322649E-09
1706268637
-3.500602E-01,-7.846586E-09
1706268642
-3.500085E-01,-7.383505E-09
1706268648
-3.500327E-01,-6.942098E-09
1706268653
-3.499892E-01,-8.162532E-09
1706268658
-3.500419E-01,-6.986697E-09
1706268664
-3.500802E-01,-6.662831E-09
1706268669
-3.500045E-01,-6.995035E-09
1706268674
-3.499870E-01,-7.549818E-09
1706268679
-3.500953E-01,-7.376004E-09
1706268685
-3.500761E-01,-7.053387E-09
1706268690
-3.500428E-01,-7.320567E-09
1706268695
-3.500426E-01,-8.187125E-09
1706268700
-3.500853E-01,-7.601083E-09
1706268706
-3.500654E-01,-7.248460E-09
1706268711
-3.499936E-01,-6.783708E-09
1706268716
-3.500128E-01,-7.265965E-09
1706268722
-3.500060E-01,-7.128413E-09
1706268727
-3.500469E-01,-8.115018E-09
1706268732
-3.500119E-01,-7.586912E-09
1706268737
-3.500426E-01,-8.459305E-09
1706268743
-3.499667E-01,-7.596913E-09
1706268748
-3.499634E-01,-7.637345E-09
1706268753
-3.500085E-01,-7.312648E-09
1706268759
-3.500126E-01,-8.897379E-09
1706268764
-3.500793E-01,-7.628175E-09
1706268769
-3.500484E-01,-8.446799E-09
1706268774
-3.500250E-01,-8.206296E-09
1706268780
-3.500476E-01,-9.071189E-09
1706268785
-3.500150E-01,-9.297520E-09
1706268790
-3.500351E-01,-8.936976E-09
1706268796
-3.500779E-01,-8.808601E-09
1706268801
-3.500387E-01,-8.383450E-09
1706268806
-3.499894E-01,-7.783233E-09
1706268811
-3.499509E-01,-8.835272E-09
1706268817
-3.500635E-01,-8.834439E-09
1706268822
-3.500253E-01,-8.427630E-09
1706268827
-3.499794E-01,-8.624367E-09
1706268832
-3.500502E-01,-8.093341E-09
1706268838
-3.500085E-01,-8.248398E-09
1706268843
-3.499818E-01,-8.264653E-09
1706268848
-3.500018E-01,-8.452221E-09
1706268854
-3.499502E-01,-8.300501E-09
1706268859
-3.500286E-01,-7.887853E-09
1706268864
-3.499935E-01,-8.946981E-09
1706268869
-3.500001E-01,-8.755660E-09
1706268875
-3.500334E-01,-8.300498E-09
1706268880
-3.499809E-01,-8.975323E-09
1706268885
-3.499675E-01,-8.773583E-09
1706268891
-3.499643E-01,-8.779837E-09
1706268896
-3.500309E-01,-8.909882E-09
1706268901
-3.501035E-01,-9.282099E-09
1706268906
-3.500251E-01,-9.256672E-09
1706268912
-3.500268E-01,-9.277096E-09
1706268917
-3.501093E-01,-1.015658E-08
1706268922
-3.500752E-01,-9.367547E-09
1706268928
-3.501653E-01,-9.473835E-09
1706268933
-3.501044E-01,-1.033706E-08
1706268938
-3.501276E-01,-1.030913E-08
1706268943
-3.500234E-01,-1.096895E-08
1706268949
-3.500077E-01,-9.673076E-09
1706268954
-3.499643E-01,-1.001236E-08
1706268959
-3.499877E-01,-1.007530E-08
1706268964
-3.500137E-01,-9.858979E-09
1706268970
-3.499235E-01,-1.045252E-08
1706268975
-3.500036E-01,-1.065551E-08
1706268980
-3.499776E-01,-1.032706E-08
1706268986
-3.499994E-01,-1.047086E-08
1706268991
-3.499801E-01,-9.939420E-09
1706268996
-3.499418E-01,-9.936084E-09
1706269001
-3.499693E-01,-1.044668E-08
1706269007
-3.500094E-01,-1.009489E-08
1706269012
-3.500110E-01,-1.086017E-08
1706269017
-3.500760E-01,-1.001028E-08
1706269023
-3.500127E-01,-1.109942E-08
1706269028
-3.500302E-01,-1.046252E-08
1706269033
-3.500218E-01,-9.636811E-09
1706269038
-3.500535E-01,-1.027829E-08
1706269044
-3.500094E-01,-9.758939E-09
1706269049
-3.500152E-01,-1.030788E-08
1706269054
-3.500426E-01,-1.013074E-08
1706269060
-3.501169E-01,-1.034456E-08
1706269065
-3.499810E-01,-1.092769E-08
1706269070
-3.500376E-01,-9.684326E-09
1706269075
-3.500060E-01,-1.120320E-08
1706269081
-3.499743E-01,-1.162961E-08
1706269086
-3.499793E-01,-1.161210E-08
1706269091
-3.499768E-01,-1.143454E-08
1706269096
-3.499176E-01,-1.120529E-08
1706269102
-3.500011E-01,-1.263164E-08
1706269107
-3.500820E-01,-1.130449E-08
1706269112
-3.500610E-01,-1.148122E-08
1706269118
-3.500127E-01,-1.185136E-08
1706269123
-3.500260E-01,-1.189970E-08
1706269128
-3.500027E-01,-1.245699E-08
1706269133
-3.500277E-01,-1.206060E-08
1706269139
-3.499734E-01,-1.111192E-08
1706269144
-3.500177E-01,-1.240864E-08
1706269149
-3.500168E-01,-1.444936E-08
1706269155
-3.500626E-01,-1.168171E-08
1706269160
-3.500035E-01,-1.246907E-08
1706269165
-3.500560E-01,-1.251200E-08
1706269170
-3.499742E-01,-1.185844E-08
1706269175
-3.500009E-01,-1.287505E-08
1706269181
-3.499625E-01,-1.163002E-08
1706269186
-3.500609E-01,-1.231068E-08
1706269191
-3.500276E-01,-1.179508E-08
1706269197
-3.500401E-01,-1.166295E-08
1706269202
-3.501561E-01,-1.196431E-08
1706269207
-3.500260E-01,-1.196973E-08
1706269212
-3.500920E-01,-1.206101E-08
1706269218
-3.501277E-01,-1.267581E-08
1706269223
-3.500685E-01,-1.266039E-08
1706269228
-3.500085E-01,-1.289131E-08
1706269234
-3.500402E-01,-1.162919E-08
1706269239
-3.500217E-01,-1.287588E-08
1706269244
-3.500269E-01,-1.247991E-08
1706269249
-3.500061E-01,-1.295133E-08
1706269255
-3.499503E-01,-1.376579E-08
1706269260
-3.499528E-01,-1.375204E-08
1706269265
-3.499795E-01,-1.389584E-08
1706269270
-3.500479E-01,-1.322977E-08
1706269276
-3.500386E-01,-1.251201E-08
1706269281
-3.501062E-01,-1.372578E-08
1706269286
-3.500244E-01,-1.257995E-08
1706269291
-3.500388E-01,-1.274001E-08
1706269297
-3.500713E-01,-1.336899E-08
1706269302
-3.500104E-01,-1.326812E-08
1706269307
-3.500148E-01,-1.303929E-08
1706269312
-3.499671E-01,-1.369619E-08
1706269318
-3.500597E-01,-1.554018E-08
1706269323
-3.500778E-01,-1.324227E-08
1706269328
-3.500305E-01,-1.417678E-08
1706269334
-3.501022E-01,-1.314349E-08
1706269339
-3.500539E-01,-1.322894E-08
1706269344
-3.500162E-01,-1.386291E-08
1706269349
-3.500646E-01,-1.249159E-08
1706269355
-3.500163E-01,-1.332314E-08
1706269360
-3.500295E-01,-1.307972E-08
1706269365
-3.500430E-01,-1.349237E-08
1706269371
-3.500273E-01,-1.328646E-08
1706269376
-3.500689E-01,-1.373329E-08
1706269381
-3.499587E-01,-1.425764E-08
1706269386
-3.499237E-01,-1.414051E-08
1706269392
-3.500045E-01,-1.413426E-08
1706269397
-3.499545E-01,-1.469363E-08
1706269402
-3.499303E-01,-1.422555E-08
1706269407
-3.499745E-01,-1.438935E-08
1706269413
-3.500027E-01,-1.496997E-08
1706269418
-3.499861E-01,-1.472489E-08
1706269423
-3.499112E-01,-1.457984E-08
1706269429
-3.500188E-01,-1.427598E-08
1706269434
-3.499978E-01,-1.420970E-08
1706269439
-3.499853E-01,-1.587530E-08
1706269444
-3.499428E-01,-1.512461E-08
1706269450
-3.499694E-01,-1.468487E-08
1706269455
-3.499461E-01,-1.548183E-08
1706269460
-3.499203E-01,-1.618375E-08
1706269466
-3.499420E-01,-1.556686E-08
1706269471
-3.500278E-01,-1.560604E-08
1706269476
-3.499927E-01,-1.570482E-08
1706269481
-3.499753E-01,-1.512545E-08
1706269487
-3.500252E-01,-1.657596E-08
1706269492
-3.500320E-01,-1.611747E-08
1706269497
-3.500061E-01,-1.588488E-08
1706269503
-3.500229E-01,-1.507418E-08
1706269508
-3.499471E-01,-1.466195E-08
1706269513
-3.499961E-01,-1.528509E-08
1706269518
-3.499953E-01,-1.600076E-08
1706269524
-3.500045E-01,-1.559603E-08
1706269529
-3.500028E-01,-1.417427E-08
1706269534
-3.500570E-01,-1.546140E-08
1706269539
-3.500879E-01,-1.505542E-08
1706269545
-3.500769E-01,-1.609788E-08
1706269550
-3.500604E-01,-1.566981E-08
1706269555
-3.499594E-01,-1.537053E-08
1706269561
-3.499995E-01,-1.541722E-08
1706269566
-3.499260E-01,-1.624501E-08
1706269571
-3.499628E-01,-1.557644E-08
1706269576
-3.500328E-01,-1.539221E-08
1706269582
-3.500203E-01,-1.576651E-08
1706269587
-3.500036E-01,-1.547182E-08
1706269592
-3.499677E-01,-1.670267E-08
1706269598
-3.499503E-01,-1.688191E-08
1706269603
-3.499486E-01,-1.641674E-08
1706269608
-3.499437E-01,-1.613123E-08
1706269613
-3.499795E-01,-1.613748E-08
1706269619
-3.499230E-01,-1.632005E-08
1706269624
-3.499446E-01,-1.571150E-08
1706269629
-3.499695E-01,-1.637548E-08
1706269635
-3.499486E-01,-1.578485E-08
1706269640
-3.499779E-01,-1.616624E-08
1706269645
-3.499328E-01,-1.562646E-08
1706269650
-3.500353E-01,-1.566689E-08
1706269656
-3.500129E-01,-1.590573E-08
1706269661
-3.500062E-01,-1.652970E-08
1706269666
-3.500395E-01,-1.650053E-08
1706269671
-3.500312E-01,-1.710115E-08
1706269677
-3.500578E-01,-1.684064E-08
1706269682
-3.500353E-01,-1.663849E-08
1706269687
-3.499636E-01,-1.687816E-08
1706269693
-3.499969E-01,-1.721995E-08
1706269698
-3.499770E-01,-1.667058E-08
1706269703
-3.499737E-01,-1.709824E-08
1706269708
-3.499879E-01,-1.803608E-08
1706269714
-3.499937E-01,-1.730665E-08
1706269719
-3.500420E-01,-1.769595E-08
1706269724
-3.499869E-01,-1.723662E-08
1706269730
-3.500972E-01,-1.739793E-08
1706269735
-3.500238E-01,-1.723246E-08
1706269740
-3.499612E-01,-1.757883E-08
1706269745
-3.500071E-01,-1.747213E-08
1706269751
-3.499487E-01,-1.858252E-08
1706269756
-3.499637E-01,-1.757842E-08
1706269761
-3.500879E-01,-1.782767E-08
1706269767
-3.501237E-01,-1.789102E-08
1706269772
-3.500980E-01,-1.768720E-08
1706269777
-3.500805E-01,-1.830368E-08
1706269782
-3.500244E-01,-1.735833E-08
1706269788
-3.500795E-01,-1.799606E-08
1706269793
-3.500346E-01,-1.858502E-08
1706269798
-3.500346E-01,-1.838120E-08
1706269803
-3.499345E-01,-1.771096E-08
1706269809
-3.499788E-01,-1.785310E-08
1706269814
-3.499554E-01,-1.876009E-08
1706269819
-3.500279E-01,-1.830159E-08
1706269824
-3.499581E-01,-1.852626E-08
1706269829
-3.500355E-01,-1.859128E-08
1706269835
-3.499645E-01,-1.834035E-08
1706269840
-3.499937E-01,-2.000595E-08
1706269845
-3.500046E-01,-2.009056E-08
1706269850
-3.500029E-01,-1.806025E-08
1706269856
-3.500345E-01,-1.831284E-08
1706269861
-3.500772E-01,-1.878301E-08
1706269866
-3.501180E-01,-1.977962E-08
1706269872
-3.500237E-01,-1.876758E-08
1706269877
-3.500029E-01,-1.830742E-08
1706269882
-3.501021E-01,-1.834744E-08
1706269887
-3.500731E-01,-1.896600E-08
1706269893
-3.500614E-01,-1.922151E-08
1706269898
-3.500797E-01,-1.996385E-08
1706269903
-3.500195E-01,-1.925526E-08
1706269909
-3.500313E-01,-1.988424E-08
1706269914
-3.499762E-01,-1.981796E-08
1706269919
-3.500104E-01,-2.029897E-08
1706269924
-3.500105E-01,-2.044861E-08
1706269930
-3.500204E-01,-1.966791E-08
1706269935
-3.499921E-01,-1.916898E-08
1706269940
-3.500763E-01,-1.984298E-08
1706269946
-3.499903E-01,-2.038608E-08
1706269951
-3.499628E-01,-2.019060E-08
1706269956
-3.500337E-01,-1.983047E-08
1706269961
-3.500337E-01,-2.016725E-08
1706269967
-3.499679E-01,-2.085417E-08
1706269972
-3.499472E-01,-2.007848E-08
1706269977
-3.499495E-01,-2.039859E-08
1706269982
-3.499637E-01,-2.036817E-08
1706269988
-3.499687E-01,-2.008181E-08
1706269993
-3.500313E-01,-2.045653E-08
1706269998
-3.499837E-01,-2.056907E-08
1706270004
-3.500004E-01,-1.970417E-08
1706270009
-3.500770E-01,-1.966165E-08
1706270014
-3.500170E-01,-2.026687E-08
1706270019
-3.500262E-01,-2.012599E-08
1706270025
-3.499886E-01,-2.005929E-08
1706270030
-3.499611E-01,-2.087084E-08
1706270035
-3.499427E-01,-2.088000E-08
1706270041
-3.499344E-01,-2.178783E-08
1706270046
-3.499762E-01,-2.150482E-08
1706270051
-3.499804E-01,-2.043360E-08
1706270056
-3.500230E-01,-2.091836E-08
1706270062
-3.500404E-01,-2.094754E-08
1706270067
-3.500471E-01,-2.048612E-08
1706270072
-3.500037E-01,-2.065993E-08
1706270078
-3.500403E-01,-2.108383E-08
1706270083
-3.500305E-01,-2.175533E-08
1706270088
-3.499570E-01,-2.103090E-08
1706270093
-3.500246E-01,-2.057782E-08
1706270099
-3.500197E-01,-2.145523E-08
1706270104
-3.499896E-01,-2.199750E-08
1706270109
-3.498904E-01,-2.143105E-08
1706270114
-3.499580E-01,-2.143772E-08
1706270120
-3.500121E-01,-2.184911E-08
1706270125
-3.499504E-01,-2.303246E-08
1706270130
-3.500631E-01,-2.228136E-08
1706270136
-3.500597E-01,-2.226302E-08
1706270141
-3.499855E-01,-2.226968E-08
1706270146
-3.500781E-01,-2.144731E-08
1706270151
-3.500439E-01,-2.245517E-08
1706270157
-3.500864E-01,-2.286448E-08
1706270162
-3.500281E-01,-2.220258E-08
1706270167
-3.499562E-01,-2.186370E-08
1706270173
-3.500223E-01,-2.193415E-08
1706270178
-3.500189E-01,-2.234805E-08
1706270183
-3.500237E-01,-2.225717E-08
1706270188
-3.500130E-01,-2.261939E-08
1706270194
-3.500723E-01,-2.275820E-08
1706270199
-3.499654E-01,-2.275736E-08
1706270204
-3.499429E-01,-2.341551E-08
1706270210
-3.499095E-01,-2.258688E-08
1706270215
-3.499613E-01,-2.152775E-08
1706270220
-3.499304E-01,-2.213713E-08
1706270225
-3.499703E-01,-2.124806E-08
1706270231
-3.500380E-01,-2.334173E-08
1706270236
-3.499578E-01,-2.223508E-08
1706270241
-3.500555E-01,-2.306788E-08
1706270246
-3.500679E-01,-2.221883E-08
1706270252
-3.500070E-01,-2.194831E-08
1706270257
-3.499912E-01,-2.348428E-08
1706270262
-3.500286E-01,-2.361307E-08
1706270268
-3.500153E-01,-2.348886E-08
1706270273
-3.499336E-01,-2.348261E-08
1706270278
-3.499452E-01,-2.335423E-08
1706270283
-3.499377E-01,-2.310205E-08
1706270289
-3.499911E-01,-2.431332E-08
1706270294
-3.500021E-01,-2.369102E-08
1706270299
-3.500188E-01,-2.343301E-08
1706270304
-3.500488E-01,-2.366310E-08
1706270310
-3.499703E-01,-2.337841E-08
1706270315
-3.500154E-01,-2.365434E-08
1706270320
-3.500064E-01,-2.347720E-08
1706270325
-3.500366E-01,-2.332008E-08
1706270331
-3.500785E-01,-2.227721E-08
1706270336
-3.501402E-01,-2.387737E-08
1706270341
-3.501000E-01,-2.345846E-08
1706270347
-3.500841E-01,-2.263399E-08
1706270352
-3.500397E-01,-2.323753E-08
1706270357
-3.500473E-01,-2.349596E-08
1706270362
-3.500574E-01,-2.302997E-08
1706270368
-3.499313E-01,-2.440670E-08
1706270373
-3.500031E-01,-2.445006E-08
1706270378
-3.499880E-01,-2.357182E-08
1706270383
-3.500305E-01,-2.401572E-08
1706270389
-3.500046E-01,-2.418328E-08
1706270394
-3.499847E-01,-2.384067E-08
1706270399
-3.500047E-01,-2.460136E-08
1706270405
-3.500188E-01,-2.421163E-08
1706270410
-3.500371E-01,-2.447839E-08
1706270415
-3.499764E-01,-2.469681E-08
1706270420
-3.500021E-01,-2.520240E-08
1706270426
-3.499505E-01,-2.529286E-08
1706270431
-3.499996E-01,-2.473473E-08
1706270436
-3.499270E-01,-2.433459E-08
1706270442
-3.498453E-01,-2.412243E-08
1706270447
-3.499413E-01,-2.550001E-08
1706270452
-3.499948E-01,-2.418997E-08
1706270457
-3.500966E-01,-2.457927E-08
1706270463
-3.499981E-01,-2.527744E-08
1706270468
-3.500114E-01,-2.513655E-08
1706270473
-3.500396E-01,-2.653246E-08
1706270479
-3.500547E-01,-2.600394E-08
1706270484
-3.500488E-01,-2.518281E-08
1706270489
-3.499996E-01,-2.472264E-08
1706270494
-3.499555E-01,-2.468555E-08
1706270500
-3.499237E-01,-2.548667E-08
1706270505
-3.498988E-01,-2.473057E-08
1706270510
-3.499747E-01,-2.456426E-08
1706270515
-3.499715E-01,-2.437254E-08
1706270521
-3.499381E-01,-2.481436E-08
1706270526
-3.499623E-01,-2.464054E-08
1706270531
-3.499598E-01,-2.498734E-08
1706270537
-3.499931E-01,-2.464054E-08
1706270542
-3.499513E-01,-2.516239E-08
1706270547
-3.499145E-01,-2.516489E-08
1706270552
-3.499571E-01,-2.593058E-08
1706270558
-3.500214E-01,-2.573551E-08
1706270563
-3.500572E-01,-2.430750E-08
1706270568
-3.500196E-01,-2.622110E-08
1706270574
-3.499546E-01,-2.599352E-08
1706270579
-3.499612E-01,-2.503692E-08
1706270584
-3.499487E-01,-2.561254E-08
1706270589
-3.499938E-01,-2.634489E-08
1706270595
-3.499988E-01,-2.577761E-08
1706270600
-3.500012E-01,-2.653913E-08
1706270605
-3.499696E-01,-2.547375E-08
1706270611
-3.500122E-01,-2.640409E-08
1706270616
-3.499880E-01,-2.551544E-08
1706270621
-3.499772E-01,-2.674629E-08
1706270626
-3.499897E-01,-2.723897E-08
1706270632
-3.500181E-01,-2.676422E-08
1706270637
-3.500264E-01,-2.717936E-08
1706270642
-3.499922E-01,-2.711393E-08
1706270647
-3.499162E-01,-2.801550E-08
1706270653
-3.499796E-01,-2.739902E-08
1706270658
-3.499404E-01,-2.698221E-08
1706270663
-3.498913E-01,-2.635324E-08
1706270669
-3.499805E-01,-2.738110E-08
1706270674
-3.499888E-01,-2.777457E-08
1706270679
-3.499987E-01,-2.736317E-08
1706270684
-3.500063E-01,-2.734900E-08
1706270690
-3.500422E-01,-2.758784E-08
1706270695
-3.499796E-01,-2.732441E-08
1706270700
-3.499237E-01,-2.836437E-08
1706270706
-3.499120E-01,-2.793171E-08
1706270711
-3.499946E-01,-2.829851E-08
1706270716
-3.500140E-01,-2.816931E-08
1706270721
-3.499979E-01,-2.762493E-08
1706270726
-3.499972E-01,-2.793964E-08
1706270732
-3.500240E-01,-2.751408E-08
1706270737
-3.499746E-01,-2.893666E-08
1706270742
-3.500639E-01,-2.810511E-08
1706270748
-3.500799E-01,-2.848693E-08
1706270753
-3.500456E-01,-2.882537E-08
1706270758
-3.500064E-01,-2.839814E-08
1706270763
-3.499630E-01,-2.734401E-08
1706270769
-3.500597E-01,-2.904461E-08
1706270774
-3.498855E-01,-2.829435E-08
1706270779
-3.499555E-01,-2.860612E-08
1706270785
-3.499504E-01,-2.805884E-08
1706270790
-3.499162E-01,-2.861404E-08
1706270795
-3.499530E-01,-2.861113E-08
1706270800
-3.499746E-01,-2.877577E-08
1706270806
-3.500856E-01,-2.909755E-08
1706270811
-3.500614E-01,-2.943268E-08
1706270816
-3.499922E-01,-2.904253E-08
1706270821
-3.498761E-01,-2.920341E-08
1706270827
-3.498705E-01,-2.943685E-08
1706270832
-3.499272E-01,-3.008249E-08
1706270837
-3.499188E-01,-2.902169E-08
1706270843
-3.499480E-01,-2.778458E-08
1706270848
-3.499005E-01,-2.922802E-08
1706270853
-3.499522E-01,-2.911381E-08
1706270858
-3.499279E-01,-2.937390E-08
1706270864
-3.499305E-01,-2.954896E-08
1706270869
-3.499530E-01,-2.931263E-08
1706270874
-3.498946E-01,-2.964108E-08
1706270879
-3.499638E-01,-2.995745E-08
1706270885
-3.499580E-01,-3.003164E-08
1706270890
-3.499455E-01,-3.059851E-08
1706270895
-3.499547E-01,-2.951771E-08
1706270900
-3.498697E-01,-2.990619E-08
1706270906
-3.500130E-01,-3.008958E-08
1706270911
-3.499513E-01,-3.074814E-08
1706270916
-3.499171E-01,-3.005748E-08
1706270922
-3.499689E-01,-2.996203E-08
1706270927
-3.499463E-01,-3.014084E-08
1706270932
-3.499172E-01,-3.036510E-08
1706270937
-3.498656E-01,-3.204362E-08
1706270943
-3.499639E-01,-3.203612E-08
1706270948
-3.500072E-01,-3.170891E-08
1706270953
-3.498740E-01,-3.136923E-08
1706270959
-3.499783E-01,-3.223662E-08
1706270964
-3.498806E-01,-3.213741E-08
1706270969
-3.498414E-01,-3.196192E-08
1706270974
-3.499480E-01,-3.137004E-08
1706270980
-3.498940E-01,-3.208822E-08
1706270985
-3.499574E-01,-3.131670E-08
1706270990
-3.499632E-01,-3.215700E-08
1706270995
-3.499039E-01,-3.249295E-08
1706271001
-3.498731E-01,-3.301439E-08
1706271006
-3.498622E-01,-3.324906E-08
1706271011
-3.499030E-01,-3.074940E-08
1706271017
-3.499547E-01,-3.133920E-08
1706271022
-3.499856E-01,-3.088820E-08
1706271027
-3.499755E-01,-3.117789E-08
1706271032
-3.499588E-01,-3.048722E-08
1706271038
-3.499689E-01,-3.114996E-08
1706271043
-3.499864E-01,-3.174226E-08
1706271048
-3.499498E-01,-3.235123E-08
1706271054
-3.499673E-01,-3.150218E-08
1706271059
-3.499782E-01,-3.143383E-08
1706271064
-3.499715E-01,-3.120416E-08
1706271069
-3.500000E-01,-3.191651E-08
1706271075
-3.499900E-01,-3.266428E-08
1706271080
-3.499583E-01,-3.327866E-08
1706271085
-3.499933E-01,-3.306525E-08
1706271090
-3.499632E-01,-3.232123E-08
1706271096
-3.499465E-01,-3.308525E-08
1706271101
-3.499523E-01,-3.211990E-08
1706271106
-3.500282E-01,-3.260007E-08
1706271111
-3.500550E-01,-3.353792E-08
1706271117
-3.500107E-01,-3.247128E-08
1706271122
-3.500024E-01,-3.365087E-08
1706271127
-3.499940E-01,-3.392471E-08
1706271132
-3.499998E-01,-3.333242E-08
1706271138
-3.499607E-01,-3.241168E-08
1706271143
-3.499823E-01,-3.395598E-08
1706271148
-3.499165E-01,-3.354792E-08
1706271154
-3.499458E-01,-3.403560E-08
1706271159
-3.499314E-01,-3.485380E-08
1706271164
-3.498723E-01,-3.385220E-08
1706271169
-3.498956E-01,-3.411729E-08
1706271175
-3.499407E-01,-3.399224E-08
1706271180
-3.499531E-01,-3.425483E-08
1706271185
-3.499765E-01,-3.379884E-08
1706271190
-3.498422E-01,-3.436404E-08
1706271196
-3.499121E-01,-3.402516E-08
1706271201
-3.499649E-01,-3.393432E-08
1706271206
-3.499950E-01,-3.442908E-08
1706271211
-3.499693E-01,-3.498221E-08
1706271216
-3.500050E-01,-3.496719E-08
1706271222
-3.500099E-01,-3.530772E-08
1706271227
-3.499607E-01,-3.667113E-08
1706271232
-3.499057E-01,-3.502679E-08
1706271238
-3.499916E-01,-3.496885E-08
1706271243
-3.499824E-01,-3.578581E-08
1706271248
-3.500224E-01,-3.456037E-08
1706271253
-3.500490E-01,-3.510306E-08
1706271259
-3.499014E-01,-3.504137E-08
1706271264
-3.499700E-01,-3.474836E-08
1706271269
-3.500174E-01,-3.508472E-08
1706271274
-3.500208E-01,-3.506722E-08
1706271280
-3.499398E-01,-3.480545E-08
1706271285
-3.499432E-01,-3.505179E-08
1706271290
-3.500190E-01,-3.477544E-08
1706271295
-3.500040E-01,-3.446366E-08
1706271301
-3.499807E-01,-3.498927E-08
1706271306
-3.499607E-01,-3.489424E-08
1706271311
-3.499592E-01,-3.521728E-08
1706271317
-3.499599E-01,-3.488715E-08
1706271322
-3.500023E-01,-3.518600E-08
1706271327
-3.500049E-01,-3.523186E-08
1706271332
-3.499332E-01,-3.519476E-08
1706271338
-3.498799E-01,-3.486715E-08
1706271343
-3.499273E-01,-3.552613E-08
1706271348
-3.499005E-01,-3.467414E-08
1706271353
-3.499715E-01,-3.514724E-08
1706271359
-3.500416E-01,-3.508848E-08
1706271364
-3.500308E-01,-3.533856E-08
1706271369
-3.500099E-01,-3.565576E-08
1706271375
-3.499891E-01,-3.514975E-08
1706271380
-3.500266E-01,-3.611926E-08
1706271385
-3.499708E-01,-3.634768E-08
1706271390
-3.499592E-01,-3.518936E-08
1706271396
-3.499517E-01,-3.563661E-08
1706271401
-3.499717E-01,-3.587127E-08
1706271406
-3.499725E-01,-3.571288E-08
1706271412
-3.500066E-01,-3.667238E-08
1706271417
-3.500201E-01,-3.659819E-08
1706271422
-3.499283E-01,-3.670281E-08
1706271427
-3.499975E-01,-3.725343E-08
1706271433
-3.500491E-01,-3.641020E-08
1706271438
-3.500024E-01,-3.636184E-08
1706271443
-3.499915E-01,-3.586416E-08
1706271449
-3.499172E-01,-3.650272E-08
1706271454
-3.499548E-01,-3.612426E-08
1706271459
-3.499765E-01,-3.681034E-08
1706271464
-3.499722E-01,-3.638350E-08
1706271470
-3.499490E-01,-3.646522E-08
1706271475
-3.499272E-01,-3.685160E-08
1706271480
-3.500040E-01,-3.628640E-08
1706271485
-3.500181E-01,-3.739262E-08
1706271491
-3.500432E-01,-3.697123E-08
1706271496
-3.499815E-01,-3.737763E-08
1706271501
-3.499532E-01,-3.670447E-08
1706271506
-3.499672E-01,-3.769856E-08
1706271512
-3.499414E-01,-3.734052E-08
1706271517
-3.498990E-01,-3.750100E-08
1706271522
-3.499422E-01,-3.733552E-08
1706271527
-3.500390E-01,-3.770232E-08
1706271533
-3.500023E-01,-3.743265E-08
1706271538
-3.500015E-01,-3.618678E-08
1706271543
-3.500473E-01,-3.716212E-08
1706271549
-3.500482E-01,-3.793699E-08
1706271554
-3.499355E-01,-3.730634E-08
1706271559
-3.499681E-01,-3.725173E-08
1706271564
-3.500198E-01,-3.770357E-08
1706271569
-3.499974E-01,-3.825961E-08
1706271575
-3.500515E-01,-3.755351E-08
1706271580
-3.500749E-01,-3.846676E-08
1706271585
-3.500673E-01,-3.848551E-08
1706271591
-3.500533E-01,-3.864600E-08
1706271596
-3.499639E-01,-3.836839E-08
1706271601
-3.499497E-01,-3.944418E-08
1706271606
-3.499223E-01,-3.874145E-08
1706271612
-3.498947E-01,-3.936042E-08
1706271617
-3.500140E-01,-3.908657E-08
1706271622
-3.499731E-01,-3.827377E-08
1706271628
-3.499723E-01,-3.921161E-08
1706271633
-3.500207E-01,-3.847302E-08
1706271638
-3.500215E-01,-3.892443E-08
1706271643
-3.499330E-01,-3.860430E-08
1706271649
-3.499615E-01,-3.860639E-08
1706271654
-3.499334E-01,-3.925416E-08
1706271659
-3.499316E-01,-3.881982E-08
1706271664
-3.499131E-01,-3.913034E-08
1706271670
-3.498772E-01,-3.962968E-08
1706271675
-3.499147E-01,-4.033118E-08
1706271680
-3.499098E-01,-3.988060E-08
1706271685
-3.499355E-01,-4.081468E-08
1706271690
-3.500332E-01,-4.029659E-08
1706271696
-3.500316E-01,-4.002692E-08
1706271701
-3.500131E-01,-4.033951E-08
1706271706
-3.500173E-01,-4.013653E-08
1706271711
-3.499848E-01,-4.048582E-08
1706271717
-3.499648E-01,-4.025740E-08
1706271722
-3.500756E-01,-4.032283E-08
1706271727
-3.500172E-01,-4.003065E-08
1706271733
-3.499196E-01,-4.013026E-08
1706271738
-3.500100E-01,-4.029869E-08
1706271743
-3.499924E-01,-3.977432E-08
1706271748
-3.499265E-01,-3.976516E-08
1706271754
-3.500066E-01,-4.031744E-08
1706271759
-3.499157E-01,-4.002275E-08
1706271764
-3.499508E-01,-4.093100E-08
1706271770
-3.499383E-01,-4.128238E-08
1706271775
-3.498367E-01,-4.197515E-08
1706271780
-3.499476E-01,-4.151831E-08
1706271785
-3.499192E-01,-4.125113E-08
1706271790
-3.498658E-01,-4.101813E-08
1706271796
-3.499250E-01,-4.124821E-08
1706271801
-3.499942E-01,-4.072511E-08
1706271806
-3.500325E-01,-4.177255E-08
1706271812
-3.500225E-01,-4.203306E-08
1706271817
-3.500308E-01,-4.166126E-08
1706271822
-3.499616E-01,-4.220896E-08
1706271827
-3.499807E-01,-4.238234E-08
1706271833
-3.499424E-01,-4.231774E-08
1706271838
-3.499199E-01,-4.332519E-08
1706271843
-3.500183E-01,-4.232733E-08
1706271849
-3.500232E-01,-4.253448E-08
1706271854
-3.500149E-01,-4.326933E-08
1706271859
-3.500433E-01,-4.262244E-08
1706271864
-3.500417E-01,-4.203724E-08
1706271870
-3.500075E-01,-4.274040E-08
1706271875
-3.500258E-01,-4.273581E-08
1706271880
-3.499923E-01,-4.246403E-08
1706271885
-3.500007E-01,-4.236025E-08
1706271891
-3.500332E-01,-4.359861E-08
1706271896
-3.500216E-01,-4.328684E-08
1706271901
-3.499599E-01,-4.337396E-08
1706271907
-3.499416E-01,-4.227607E-08
1706271912
-3.500192E-01,-4.357488E-08
1706271917
-3.500450E-01,-4.253366E-08
1706271922
-3.499400E-01,-4.414674E-08
1706271928
-3.500167E-01,-4.417717E-08
1706271933
-3.499875E-01,-4.423761E-08
1706271938
-3.499549E-01,-4.430763E-08
1706271944
-3.499583E-01,-4.482656E-08
1706271949
-3.499024E-01,-4.348692E-08
1706271954
-3.499608E-01,-4.249615E-08
1706271959
-3.498498E-01,-4.260868E-08
1706271965
-3.498631E-01,-4.364988E-08
1706271970
-3.499098E-01,-4.399083E-08
1706271975
-3.499899E-01,-4.436388E-08
1706271981
-3.498898E-01,-4.459188E-08
1706271986
-3.499715E-01,-4.370990E-08
1706271991
-3.499382E-01,-4.443266E-08
1706271996
-3.498740E-01,-4.354943E-08
1706272002
-3.499308E-01,-4.321641E-08
1706272007
-3.499508E-01,-4.428179E-08
1706272012
-3.499284E-01,-4.486368E-08
1706272017
-3.499026E-01,-4.459817E-08
1706272023
-3.499642E-01,-4.482032E-08
1706272028
-3.499458E-01,-4.529549E-08
1706272033
-3.499717E-01,-4.402962E-08
1706272039
-3.500092E-01,-4.391791E-08
1706272044
-3.500025E-01,-4.541262E-08
1706272049
-3.500083E-01,-4.466276E-08
1706272054
-3.500374E-01,-4.580190E-08
1706272059
-3.500240E-01,-4.680601E-08
1706272064
-3.499824E-01,-4.581483E-08
1706272070
-3.498957E-01,-4.462566E-08
1706272075
-3.499140E-01,-4.576439E-08
1706272080
-3.499999E-01,-4.581566E-08
1706272085
-3.500032E-01,-4.537174E-08
1706272090
-3.499674E-01,-4.519378E-08
1706272095
-3.499607E-01,-4.510416E-08
1706272101
-3.500308E-01,-4.549430E-08
1706272106
-3.500083E-01,-4.583359E-08
1706272111
-3.500249E-01,-4.561559E-08
1706272116
-3.500524E-01,-4.559141E-08
1706272121
-3.499858E-01,-4.549806E-08
1706272127
-3.500641E-01,-4.576898E-08
1706272132
-3.501016E-01,-4.638962E-08
1706272137
-3.500616E-01,-4.546803E-08
1706272143
-3.500076E-01,-4.511168E-08
1706272148
-3.499641E-01,-4.587611E-08
1706272153
-3.499549E-01,-4.550680E-08
1706272158
-3.500124E-01,-4.592737E-08
1706272164
-3.499757E-01,-4.586735E-08
1706272169
-3.500275E-01,-4.631502E-08
1706272174
-3.498806E-01,-4.641087E-08
1706272180
-3.499148E-01,-4.579440E-08
1706272185
-3.499933E-01,-4.652134E-08
1706272190
-3.499391E-01,-4.585610E-08
1706272195
-3.499991E-01,-4.553264E-08
1706272201
-3.499506E-01,-4.748917E-08
1706272206
-3.499506E-01,-4.754543E-08
1706272211
-3.499781E-01,-4.695231E-08
1706272216
-3.499940E-01,-4.601365E-08
1706272222
-3.499964E-01,-4.540341E-08
1706272227
-3.499439E-01,-4.591943E-08
1706272232
-3.499497E-01,-4.608908E-08
1706272237
-3.499382E-01,-4.712905E-08
1706272243
-3.499447E-01,-4.642003E-08
1706272248
-3.499189E-01,-4.666845E-08
1706272253
-3.498446E-01,-4.693855E-08
1706272258
-3.499072E-01,-4.584358E-08
1706272264
-3.500014E-01,-4.661051E-08
1706272269
-3.499532E-01,-4.631376E-08
1706272274
-3.499340E-01,-4.642754E-08
1706272280
-3.499590E-01,-4.804021E-08
1706272285
-3.500533E-01,-4.755962E-08
1706272290
-3.500532E-01,-4.746208E-08
1706272295
-3.499473E-01,-4.708945E-08
1706272301
-3.499331E-01,-4.825361E-08
1706272306
-3.499289E-01,-4.831154E-08
1706272311
-3.498732E-01,-4.734789E-08
1706272316
-3.499523E-01,-4.841868E-08
1706272322
-3.499015E-01,-4.818693E-08
1706272327
-3.499890E-01,-4.864542E-08
1706272332
-3.499924E-01,-4.773969E-08
1706272337
-3.499532E-01,-4.914228E-08
1706272343
-3.500065E-01,-4.891968E-08
1706272348
-3.499048E-01,-4.853455E-08
1706272353
-3.499923E-01,-4.895595E-08
1706272359
-3.500332E-01,-4.838700E-08
1706272364
-3.499724E-01,-4.889927E-08
1706272369
-3.499649E-01,-4.878298E-08
1706272374
-3.500098E-01,-4.987252E-08
1706272379
-3.499464E-01,-4.938276E-08
1706272385
-3.499547E-01,-4.931815E-08
1706272390
-3.499307E-01,-5.066616E-08
1706272395
-3.499473E-01,-4.981126E-08
1706272400
-3.499564E-01,-5.000673E-08
1706272406
-3.499882E-01,-5.011678E-08
1706272411
-3.499407E-01,-5.013388E-08
1706272416
-3.499839E-01,-4.982500E-08
1706272421
-3.499898E-01,-5.008802E-08
1706272427
-3.499697E-01,-5.051149E-08
1706272432
-3.500416E-01,-4.916395E-08
1706272437
-3.501108E-01,-5.046316E-08
1706272443
-3.499774E-01,-4.905642E-08
1706272448
-3.499532E-01,-4.977501E-08
1706272453
-3.500015E-01,-5.084622E-08
1706272458
-3.500207E-01,-5.005969E-08
1706272464
-3.500082E-01,-5.018723E-08
1706272469
-3.500006E-01,-5.038646E-08
1706272474
-3.500373E-01,-5.018805E-08
1706272479
-3.499898E-01,-5.059279E-08
1706272485
-3.500423E-01,-5.015261E-08
1706272490
-3.500183E-01,-4.954951E-08
1706272495
-3.499765E-01,-5.056319E-08
1706272501
-3.499715E-01,-5.043482E-08
1706272506
-3.499332E-01,-4.976334E-08
1706272511
-3.500032E-01,-5.017847E-08
1706272516
-3.499999E-01,-5.007094E-08
1706272522
-3.499757E-01,-5.154356E-08
1706272527
-3.499340E-01,-5.157565E-08
1706272532
-3.499874E-01,-5.113174E-08
1706272538
-3.499200E-01,-5.072787E-08
1706272543
-3.499459E-01,-5.113177E-08
1706272548
-3.499933E-01,-5.085582E-08
1706272553
-3.499740E-01,-5.107464E-08
1706272559
-3.499624E-01,-5.135515E-08
1706272564
-3.499707E-01,-5.041565E-08
1706272569
-3.499365E-01,-5.077160E-08
1706272575
-3.499739E-01,-5.176945E-08
1706272580
-3.498564E-01,-5.147518E-08
1706272585
-3.498447E-01,-5.155021E-08
1706272590
-3.498706E-01,-5.130929E-08
1706272596
-3.498999E-01,-5.236010E-08
1706272601
-3.498689E-01,-5.227506E-08
1706272606
-3.499164E-01,-5.230048E-08
1706272611
-3.499732E-01,-5.169277E-08
1706272617
-3.499140E-01,-5.163609E-08
1706272622
-3.499925E-01,-5.274108E-08
1706272627
-3.499808E-01,-5.141060E-08
1706272633
-3.499941E-01,-5.134098E-08
1706272638
-3.499356E-01,-5.374349E-08
1706272643
-3.499782E-01,-5.203915E-08
1706272648
-3.499465E-01,-5.183991E-08
1706272654
-3.498898E-01,-5.100127E-08
1706272659
-3.499290E-01,-5.226339E-08
1706272664
-3.499390E-01,-5.271271E-08
1706272669
-3.499205E-01,-5.315411E-08
1706272675
-3.498832E-01,-5.319291E-08
1706272680
-3.499815E-01,-5.386230E-08
1706272685
-3.499649E-01,-5.425953E-08
1706272690
-3.497680E-01,-5.361346E-08
1706272696
-3.499064E-01,-5.408613E-08
1706272701
-3.499731E-01,-5.382269E-08
1706272706
-3.499080E-01,-5.454211E-08
1706272712
-3.499939E-01,-5.475552E-08
1706272717
-3.499621E-01,-5.513856E-08
1706272722
-3.499597E-01,-5.474968E-08
1706272727
-3.499363E-01,-5.496350E-08
1706272733
-3.499698E-01,-5.552039E-08
1706272738
-3.499557E-01,-5.470636E-08
1706272743
-3.499747E-01,-5.327999E-08
1706272749
-3.499033E-01,-5.363057E-08
1706272754
-3.498307E-01,-5.495771E-08
1706272759
-3.498641E-01,-5.369101E-08
1706272764
-3.499274E-01,-5.305118E-08
1706272769
-3.498906E-01,-5.459464E-08
1706272775
-3.498823E-01,-5.472720E-08
1706272780
-3.499582E-01,-5.472886E-08
1706272785
-3.498883E-01,-5.439835E-08
1706272791
-3.499333E-01,-5.456424E-08
1706272796
-3.499601E-01,-5.496106E-08
1706272801
-3.499399E-01,-5.479390E-08
1706272806
-3.498999E-01,-5.633196E-08
1706272812
-3.499366E-01,-5.674127E-08
1706272817
-3.499249E-01,-5.716809E-08
1706272822
-3.499424E-01,-5.682004E-08
1706272827
-3.499466E-01,-5.565962E-08
1706272833
-3.500016E-01,-5.646950E-08
1706272838
-3.500142E-01,-5.604644E-08
1706272843
-3.499783E-01,-5.675503E-08
1706272848
-3.499341E-01,-5.590389E-08
1706272854
-3.498690E-01,-5.568381E-08
1706272859
-3.499800E-01,-5.656246E-08
1706272864
-3.499157E-01,-5.607227E-08
1706272869
-3.499057E-01,-5.643490E-08
1706272875
-3.499632E-01,-5.664956E-08
1706272880
-3.499099E-01,-5.672125E-08
1706272885
-3.499050E-01,-5.640449E-08
1706272890
-3.499058E-01,-5.685715E-08
1706272896
-3.499599E-01,-5.670291E-08
1706272901
-3.499565E-01,-5.741442E-08
1706272906
-3.499765E-01,-5.697884E-08
1706272911
-3.499074E-01,-5.694051E-08
1706272917
-3.499782E-01,-5.674626E-08
1706272922
-3.499650E-01,-5.720644E-08
1706272927
-3.499291E-01,-5.729647E-08
1706272933
-3.499416E-01,-5.745193E-08
1706272938
-3.499516E-01,-5.827807E-08
1706272943
-3.499558E-01,-5.762325E-08
1706272948
-3.500034E-01,-5.699054E-08
1706272954
-3.500033E-01,-5.721435E-08
1706272959
-3.499758E-01,-5.728104E-08
1706272964
-3.499041E-01,-5.780541E-08
1706272970
-3.499649E-01,-5.809258E-08
1706272975
-3.499949E-01,-5.830390E-08
1706272980
-3.499891E-01,-5.848397E-08
1706272985
-3.500224E-01,-5.847271E-08
1706272991
-3.499799E-01,-5.774579E-08
1706272996
-3.499691E-01,-5.812009E-08
1706273001
-3.499315E-01,-5.871613E-08
1706273006
-3.498756E-01,-5.775286E-08
1706273011
-3.500182E-01,-5.821802E-08
1706273016
-3.499382E-01,-5.720308E-08
1706273022
-3.499132E-01,-5.749527E-08
1706273027
-3.499431E-01,-5.796502E-08
1706273032
-3.499373E-01,-5.752820E-08
1706273038
-3.499348E-01,-5.749986E-08
1706273043
-3.499398E-01,-5.881283E-08
1706273048
-3.499924E-01,-5.939179E-08
1706273053
-3.499358E-01,-5.893539E-08
1706273059
-3.499207E-01,-5.930969E-08
1706273064
-3.499366E-01,-5.882910E-08
1706273069
-3.499349E-01,-5.810300E-08
1706273075
-3.498707E-01,-5.941597E-08
1706273080
-3.499498E-01,-5.912378E-08
1706273085
-3.499267E-01,-5.925010E-08
1706273090
-3.499674E-01,-6.044092E-08
1706273095
-3.499732E-01,-6.019250E-08
1706273101
-3.499541E-01,-5.925883E-08
1706273106
-3.499999E-01,-5.954476E-08
1706273111
-3.499449E-01,-5.978568E-08
1706273117
-3.499558E-01,-5.977653E-08
1706273122
-3.499207E-01,-6.040174E-08
1706273127
-3.499390E-01,-6.094317E-08
1706273132
-3.498616E-01,-6.139545E-08
1706273138
-3.498133E-01,-6.078857E-08
1706273143
-3.499324E-01,-6.037466E-08
1706273148
-3.499540E-01,-6.024585E-08
1706273154
-3.499525E-01,-6.102822E-08
1706273159
-3.499082E-01,-6.157759E-08
1706273164
-3.499658E-01,-6.134209E-08
1706273169
-3.499408E-01,-6.139962E-08
1706273174
-3.499232E-01,-6.107157E-08
1706273180
-3.499149E-01,-6.109741E-08
1706273185
-3.499683E-01,-6.201108E-08
1706273190
-3.499750E-01,-6.181769E-08
1706273195
-3.499643E-01,-6.152260E-08
1706273201
-3.499867E-01,-6.107326E-08
1706273206
-3.499775E-01,-6.238914E-08
1706273211
-3.499866E-01,-6.232786E-08
1706273216
-3.499617E-01,-6.272720E-08
1706273222
-3.499808E-01,-6.257128E-08
1706273227
-3.498524E-01,-6.333156E-08
1706273232
-3.499041E-01,-6.264590E-08
1706273237
-3.498867E-01,-6.320653E-08
1706273243
-3.499393E-01,-6.326658E-08
1706273248
-3.499750E-01,-6.335825E-08
1706273253
-3.499943E-01,-6.224411E-08
1706273259
-3.498967E-01,-6.274846E-08
1706273264
-3.499268E-01,-6.268053E-08
1706273269
-3.499692E-01,-6.250836E-08
1706273274
-3.499551E-01,-6.238708E-08
1706273279
-3.499609E-01,-6.213948E-08
1706273285
-3.499817E-01,-6.202401E-08
1706273290
-3.500111E-01,-6.264510E-08
1706273295
-3.500275E-01,-6.242623E-08
1706273300
-3.499592E-01,-6.374881E-08
1706273306
-3.499484E-01,-6.361167E-08
1706273311
-3.499166E-01,-6.334322E-08
1706273316
-3.499475E-01,-6.383424E-08
1706273321
-3.498799E-01,-6.448239E-08
1706273327
-3.499725E-01,-6.539105E-08
1706273332
-3.499308E-01,-6.440570E-08
1706273337
-3.499417E-01,-6.383841E-08
1706273343
-3.498933E-01,-6.491672E-08
1706273348
-3.499541E-01,-6.410934E-08
1706273353
-3.499165E-01,-6.378671E-08
1706273358
-3.499307E-01,-6.447529E-08
1706273364
-3.498691E-01,-6.428483E-08
1706273369
-3.499073E-01,-6.547064E-08
1706273374
-3.499673E-01,-6.636346E-08
1706273380
-3.499490E-01,-6.521805E-08
1706273385
-3.499683E-01,-6.545815E-08
1706273390
-3.499282E-01,-6.585537E-08
1706273395
-3.499874E-01,-6.605252E-08
1706273401
-3.499766E-01,-6.641057E-08
1706273406
-3.500007E-01,-6.571157E-08
1706273411
-3.499866E-01,-6.567156E-08
1706273416
-3.499842E-01,-6.546232E-08
1706273421
-3.500025E-01,-6.613257E-08
1706273427
-3.499266E-01,-6.637849E-08
1706273432
-3.499207E-01,-6.631138E-08
1706273437
-3.499466E-01,-6.667651E-08
1706273443
-3.499232E-01,-6.636014E-08
1706273448
-3.498915E-01,-6.670692E-08
1706273453
-3.499257E-01,-6.690533E-08
1706273458
-3.499340E-01,-6.698911E-08
1706273464
-3.499331E-01,-6.657852E-08
1706273469
-3.498658E-01,-6.637516E-08
1706273474
-3.498733E-01,-6.615467E-08
1706273480
-3.499707E-01,-6.570824E-08
1706273485
-3.499775E-01,-6.750014E-08
1706273490
-3.499699E-01,-6.584077E-08
1706273495
-3.500241E-01,-6.673735E-08
1706273501
-3.499458E-01,-6.699622E-08
1706273506
-3.499192E-01,-6.754059E-08
1706273511
-3.499425E-01,-6.732343E-08
1706273517
-3.499551E-01,-6.795408E-08
1706273522
-3.499492E-01,-6.721463E-08
1706273527
-3.499083E-01,-6.713127E-08
1706273532
-3.499090E-01,-6.756557E-08
1706273538
-3.499224E-01,-6.750056E-08
1706273543
-3.499951E-01,-6.676031E-08
1706273548
-3.499325E-01,-6.769647E-08
1706273554
-3.498891E-01,-6.700289E-08
1706273559
-3.498816E-01,-6.823416E-08
1706273564
-3.499282E-01,-6.662439E-08
1706273569
-3.499449E-01,-6.729465E-08
1706273574
-3.499492E-01,-6.753057E-08
1706273580
-3.498508E-01,-6.802284E-08
1706273585
-3.499308E-01,-6.719712E-08
1706273590
-3.498674E-01,-6.773231E-08
1706273596
-3.498918E-01,-6.771818E-08
1706273601
-3.498818E-01,-6.746476E-08
1706273606
-3.499084E-01,-6.834255E-08
1706273611
-3.498800E-01,-6.712503E-08
1706273617
-3.499017E-01,-6.846177E-08
1706273622
-3.498527E-01,-6.847430E-08
1706273627
-3.498559E-01,-6.821210E-08
1706273632
-3.499669E-01,-6.858308E-08
1706273638
-3.499618E-01,-6.879272E-08
1706273643
-3.500319E-01,-6.879063E-08
1706273648
-3.499827E-01,-6.929208E-08
1706273654
-3.499510E-01,-6.944297E-08
1706273659
-3.499443E-01,-6.975723E-08
1706273664
-3.499760E-01,-6.986104E-08
1706273669
-3.499601E-01,-6.915035E-08
1706273675
-3.499885E-01,-6.916245E-08
1706273680
-3.499018E-01,-6.935377E-08
1706273685
-3.499667E-01,-6.884731E-08
1706273690
-3.499067E-01,-6.954006E-08
1706273696
-3.499244E-01,-6.846262E-08
1706273701
-3.499143E-01,-6.949382E-08
1706273706
-3.499460E-01,-6.903573E-08
1706273711
-3.498926E-01,-7.017656E-08
1706273717
-3.499384E-01,-7.002607E-08
1706273722
-3.499117E-01,-6.933416E-08
1706273727
-3.498266E-01,-6.852343E-08
1706273733
-3.498474E-01,-6.933998E-08
1706273738
-3.499401E-01,-6.852387E-08
1706273743
-3.499326E-01,-6.915828E-08
1706273748
-3.498927E-01,-6.890862E-08
1706273753
-3.498951E-01,-6.882733E-08
1706273759
-3.499042E-01,-6.848678E-08
1706273764
-3.498709E-01,-6.890692E-08
1706273769
-3.499434E-01,-6.975181E-08
1706273775
-3.499576E-01,-7.004483E-08
1706273780
-3.499333E-01,-6.943168E-08
1706273785
-3.499592E-01,-6.943960E-08
1706273790
-3.499400E-01,-7.054417E-08
1706273795
-3.499183E-01,-6.963383E-08
1706273801
-3.499958E-01,-6.956797E-08
1706273806
-3.498875E-01,-7.150494E-08
1706273811
-3.499008E-01,-7.133320E-08
1706273817
-3.498066E-01,-7.054292E-08
1706273822
-3.498766E-01,-7.027074E-08
1706273827
-3.498932E-01,-6.953544E-08
1706273832
-3.499349E-01,-7.035074E-08
1706273837
-3.499007E-01,-7.079758E-08
1706273843
-3.499833E-01,-7.004564E-08
1706273848
-3.499807E-01,-7.116562E-08
1706273853
-3.499491E-01,-7.131275E-08
1706273858
-3.499124E-01,-7.093971E-08
1706273864
-3.500324E-01,-7.000519E-08
1706273869
-3.499390E-01,-7.050370E-08
1706273874
-3.499166E-01,-7.188630E-08
1706273879
-3.498991E-01,-7.253529E-08
1706273884
-3.499341E-01,-7.105267E-08
1706273890
-3.499248E-01,-7.146570E-08
1706273895
-3.499257E-01,-7.254486E-08
1706273900
-3.499381E-01,-7.223973E-08
1706273905
-3.499500E-01,-7.315718E-08
1706273911
-3.499183E-01,-7.103559E-08
1706273916
-3.498550E-01,-7.241360E-08
1706273921
-3.498916E-01,-7.322429E-08
1706273926
-3.499641E-01,-7.101308E-08
1706273932
-3.499692E-01,-7.220267E-08
1706273937
-3.499925E-01,-7.161621E-08
1706273942
-3.500042E-01,-7.290792E-08
1706273947
-3.499616E-01,-7.269409E-08
1706273953
-3.499474E-01,-7.266782E-08
1706273958
-3.499766E-01,-7.367068E-08
1706273963
-3.500125E-01,-7.384951E-08
1706273968
-3.499224E-01,-7.290707E-08
1706273974
-3.499966E-01,-7.301920E-08
1706273979
-3.499749E-01,-7.314508E-08
1706273984
-3.500275E-01,-7.352439E-08
1706273989
-3.499166E-01,-7.421797E-08
1706273995
-3.498825E-01,-7.328891E-08
1706274000
-3.499992E-01,-7.428508E-08
1706274005
-3.499292E-01,-7.409920E-08
1706274011
-3.499241E-01,-7.495075E-08
1706274016
-3.499600E-01,-7.407709E-08
1706274021
-3.499541E-01,-7.460643E-08
1706274026
-3.498841E-01,-7.435720E-08
1706274031
-3.499624E-01,-7.493447E-08
1706274037
-3.498882E-01,-7.461727E-08
1706274042
-3.498815E-01,-7.454141E-08
1706274047
-3.498974E-01,-7.401789E-08
1706274052
-3.499807E-01,-7.512245E-08
1706274058
-3.498473E-01,-7.434758E-08
1706274063
-3.499324E-01,-7.509287E-08
1706274068
-3.498681E-01,-7.428881E-08
1706274073
-3.498574E-01,-7.549801E-08
1706274079
-3.499535E-01,-7.513793E-08
1706274084
-3.499968E-01,-7.611076E-08
1706274089
-3.499026E-01,-7.587611E-08
1706274095
-3.500535E-01,-7.608158E-08
1706274100
-3.499451E-01,-7.493035E-08
1706274105
-3.500193E-01,-7.640838E-08
1706274110
-3.500075E-01,-7.455769E-08
1706274115
-3.499701E-01,-7.596780E-08
1706274121
-3.500075E-01,-7.599152E-08
1706274126
-3.499682E-01,-7.560136E-08
1706274131
-3.498775E-01,-7.555264E-08
1706274136
-3.499275E-01,-7.535799E-08
1706274142
-3.499117E-01,-7.546429E-08
1706274147
-3.499202E-01,-7.469110E-08
1706274152
-3.499052E-01,-7.626461E-08
1706274157
-3.499351E-01,-7.494452E-08
1706274163
-3.499435E-01,-7.443560E-08
1706274168
-3.499068E-01,-7.521880E-08
1706274173
-3.499101E-01,-7.567644E-08
1706274179
-3.499192E-01,-7.635293E-08
1706274184
-3.499750E-01,-7.566893E-08
1706274189
-3.499792E-01,-7.534798E-08
1706274194
-3.499108E-01,-7.517625E-08
1706274200
-3.500126E-01,-7.604698E-08
1706274205
-3.499333E-01,-7.637583E-08
1706274210
-3.499250E-01,-7.581023E-08
1706274215
-3.499425E-01,-7.575854E-08
1706274221
-3.499725E-01,-7.550969E-08
1706274226
-3.499408E-01,-7.724531E-08
1706274231
-3.499542E-01,-7.656299E-08
1706274236
-3.499725E-01,-7.703608E-08
1706274242
-3.499691E-01,-7.847660E-08
1706274247
-3.499817E-01,-7.708943E-08
1706274252
-3.500159E-01,-7.722323E-08
1706274257
-3.500450E-01,-7.806852E-08
1706274263
-3.499624E-01,-7.767755E-08
1706274268
-3.499791E-01,-7.699022E-08
1706274273
-3.500033E-01,-7.838404E-08
1706274279
-3.498656E-01,-7.752373E-08
1706274284
-3.499024E-01,-7.779676E-08
1706274289
-3.499265E-01,-7.755332E-08
1706274294
-3.499499E-01,-7.784134E-08
1706274300
-3.499524E-01,-7.810060E-08
1706274305
-3.499832E-01,-7.768004E-08
1706274310
-3.499199E-01,-7.742869E-08
1706274316
-3.499832E-01,-7.905761E-08
1706274321
-3.499206E-01,-7.863912E-08
1706274326
-3.498890E-01,-7.846866E-08
1706274331
-3.499082E-01,-7.795597E-08
1706274337
-3.498573E-01,-7.876375E-08
1706274342
-3.499775E-01,-7.841031E-08
1706274347
-3.499423E-01,-7.866538E-08
1706274353
-3.498732E-01,-7.862496E-08
1706274358
-3.499356E-01,-7.834484E-08
1706274363
-3.498931E-01,-7.901841E-08
1706274368
-3.498748E-01,-8.003671E-08
1706274373
-3.499706E-01,-7.938188E-08
1706274379
-3.499081E-01,-8.031930E-08
1706274384
-3.499748E-01,-7.876083E-08
1706274389
-3.499047E-01,-8.046560E-08
1706274395
-3.499041E-01,-7.923269E-08
1706274400
-3.499300E-01,-8.017513E-08
1706274405
-3.498807E-01,-8.012342E-08
1706274410
-3.498841E-01,-7.989293E-08
1706274415
-3.498865E-01,-8.038018E-08
1706274421
-3.499033E-01,-8.111004E-08
1706274426
-3.498790E-01,-8.011676E-08
1706274431
-3.498607E-01,-8.030933E-08
1706274437
-3.499148E-01,-7.992625E-08
1706274442
-3.499390E-01,-7.958946E-08
1706274447
-3.499556E-01,-8.097621E-08
1706274452
-3.499782E-01,-7.956988E-08
1706274458
-3.499482E-01,-7.964991E-08
1706274463
-3.499365E-01,-8.053063E-08
1706274468
-3.499449E-01,-7.992292E-08
1706274473
-3.498273E-01,-8.148391E-08
1706274479
-3.498914E-01,-8.113167E-08
1706274484
-3.500016E-01,-8.096455E-08
1706274489
-3.500183E-01,-8.129258E-08
1706274495
-3.499724E-01,-8.105417E-08
1706274500
-3.499198E-01,-8.112001E-08
1706274505
-3.499624E-01,-8.169731E-08
1706274510
-3.499232E-01,-8.259556E-08
1706274516
-3.498357E-01,-8.185405E-08
1706274521
-3.498982E-01,-8.190364E-08
1706274526
-3.499858E-01,-8.200493E-08
1706274532
-3.499291E-01,-8.238465E-08
1706274537
-3.499515E-01,-8.132468E-08
1706274542
-3.499415E-01,-8.154350E-08
1706274547
-3.499849E-01,-8.258931E-08
1706274553
-3.498614E-01,-8.286273E-08
1706274558
-3.498506E-01,-8.319410E-08
1706274563
-3.499173E-01,-8.354422E-08
1706274569
-3.499123E-01,-8.328245E-08
1706274574
-3.499941E-01,-8.357923E-08
1706274579
-3.499457E-01,-8.338374E-08
1706274584
-3.500700E-01,-8.310323E-08
1706274589
-3.500082E-01,-8.278852E-08
1706274595
-3.499724E-01,-8.323745E-08
1706274600
-3.500291E-01,-8.354922E-08
1706274605
-3.500141E-01,-8.536029E-08
1706274610
-3.499591E-01,-8.239840E-08
1706274616
-3.499316E-01,-8.372346E-08
1706274621
-3.499640E-01,-8.329913E-08
1706274626
-3.499740E-01,-8.368885E-08
1706274631
-3.499383E-01,-8.516941E-08
1706274637
-3.499440E-01,-8.470463E-08
1706274642
-3.500023E-01,-8.528609E-08
1706274647
-3.499790E-01,-8.552824E-08
1706274652
-3.499907E-01,-8.582045E-08
1706274658
-3.499415E-01,-8.577209E-08
1706274663
-3.499798E-01,-8.450080E-08
1706274668
-3.499516E-01,-8.517441E-08
1706274674
-3.499483E-01,-8.522359E-08
1706274679
-3.499357E-01,-8.649903E-08
1706274684
-3.498055E-01,-8.733432E-08
1706274689
-3.498731E-01,-8.649610E-08
1706274695
-3.498539E-01,-8.583586E-08
1706274700
-3.498763E-01,-8.517394E-08
1706274705
-3.498880E-01,-8.621264E-08
1706274710
-3.498129E-01,-8.580333E-08
1706274716
-3.499414E-01,-8.627268E-08
1706274721
-3.499424E-01,-8.600178E-08
1706274726
-3.499607E-01,-8.664158E-08
1706274731
-3.500006E-01,-8.589754E-08
1706274736
-3.499824E-01,-8.601636E-08
1706274741
-3.499150E-01,-8.624772E-08
1706274747
-3.499425E-01,-8.820761E-08
1706274752
-3.498934E-01,-8.723519E-08
1706274757
-3.498382E-01,-8.617394E-08
1706274763
-3.498616E-01,-8.789706E-08
1706274768
-3.499976E-01,-8.751861E-08
1706274773
-3.499316E-01,-8.711471E-08
1706274778
-3.498951E-01,-8.738025E-08
1706274784
-3.500010E-01,-8.816179E-08
1706274789
-3.500151E-01,-8.750903E-08
1706274794
-3.499900E-01,-8.729686E-08
1706274800
-3.500109E-01,-8.841976E-08
1706274805
-3.499193E-01,-8.753113E-08
1706274810
-3.499292E-01,-8.793418E-08
1706274815
-3.500026E-01,-8.841729E-08
1706274821
-3.500060E-01,-8.830807E-08
1706274826
-3.499868E-01,-8.807882E-08
1706274831
-3.499925E-01,-8.887034E-08
1706274836
-3.499183E-01,-8.787998E-08
1706274842
-3.499083E-01,-8.763657E-08
1706274847
-3.499699E-01,-8.698963E-08
1706274852
-3.498783E-01,-8.879197E-08
1706274857
-3.498840E-01,-8.892783E-08
1706274862
-3.499249E-01,-8.951429E-08
1706274868
-3.499549E-01,-8.876818E-08
1706274873
-3.499090E-01,-8.997363E-08
1706274878
-3.499517E-01,-8.848270E-08
1706274883
-3.499009E-01,-8.918215E-08
1706274889
-3.498524E-01,-8.796042E-08
1706274894
-3.499092E-01,-8.755072E-08
1706274899
-3.498924E-01,-8.920461E-08
1706274905
-3.499341E-01,-9.019996E-08
1706274910
-3.499674E-01,-9.049089E-08
1706274915
-3.499215E-01,-9.033290E-08
1706274920
-3.499565E-01,-8.912913E-08
1706274925
-3.500132E-01,-8.775781E-08
1706274931
-3.499483E-01,-8.952514E-08
1706274936
-3.499783E-01,-8.850687E-08
1706274941
-3.498915E-01,-9.055300E-08
1706274947
-3.499048E-01,-8.989984E-08
1706274952
-3.499223E-01,-8.953594E-08
1706274957
-3.499708E-01,-9.068513E-08
1706274962
-3.498857E-01,-9.155838E-08
1706274967
-3.499565E-01,-8.971768E-08
1706274973
-3.499064E-01,-9.040584E-08
1706274978
-3.499548E-01,-8.997652E-08
1706274983
-3.498523E-01,-8.947177E-08
1706274988
-3.499557E-01,-8.972186E-08
1706274994
-3.499182E-01,-8.930507E-08
1706274999
-3.499290E-01,-9.080016E-08
1706275004
-3.498790E-01,-9.008032E-08
1706275009
-3.499782E-01,-9.081683E-08
1706275015
-3.499272E-01,-8.985978E-08
1706275020
-3.499281E-01,-9.086975E-08
1706275025
-3.498414E-01,-8.976770E-08
1706275031
-3.499039E-01,-9.100146E-08
1706275036
-3.498908E-01,-9.039589E-08
1706275041
-3.499033E-01,-9.078769E-08
1706275046
-3.500293E-01,-8.990072E-08
1706275051
-3.500443E-01,-8.966980E-08
1706275057
-3.499942E-01,-9.034962E-08
1706275062
-3.499799E-01,-9.033333E-08
1706275067
-3.498991E-01,-8.952847E-08
1706275073
-3.498674E-01,-8.885115E-08
1706275078
-3.500033E-01,-8.953180E-08
1706275083
-3.498465E-01,-8.955638E-08
1706275088
-3.498749E-01,-9.018245E-08
1706275093
-3.499099E-01,-8.897202E-08
1706275098
-3.498932E-01,-8.903996E-08
1706275104
-3.498516E-01,-9.000951E-08
1706275109
-3.499182E-01,-9.042962E-08
1706275114
-3.499908E-01,-8.909332E-08
1706275120
-3.500342E-01,-9.003701E-08
1706275125
-3.499841E-01,-8.804626E-08
1706275130
-3.499341E-01,-8.964352E-08
1706275135
-3.499174E-01,-9.017912E-08
1706275140
-3.499624E-01,-8.950305E-08
1706275146
-3.500450E-01,-9.039670E-08
1706275151
-3.499566E-01,-8.912624E-08
1706275156
-3.499524E-01,-8.971021E-08
1706275161
-3.499749E-01,-8.993777E-08
1706275166
-3.499823E-01,-9.031831E-08
1706275172
-3.499389E-01,-8.952843E-08
1706275177
-3.499448E-01,-9.039667E-08
1706275182
-3.499423E-01,-9.034000E-08
1706275187
-3.499973E-01,-9.054964E-08
1706275193
-3.499615E-01,-9.096981E-08
1706275198
-3.499907E-01,-9.088101E-08
1706275203
-3.499523E-01,-9.259329E-08
1706275209
-3.498664E-01,-9.142953E-08
1706275214
-3.499824E-01,-9.234321E-08
1706275219
-3.499865E-01,-9.102357E-08
1706275224
-3.500267E-01,-9.082604E-08
1706275230
-3.499383E-01,-9.191851E-08
1706275235
-3.499474E-01,-9.252497E-08
1706275240
-3.499182E-01,-9.098024E-08
1706275246
-3.499390E-01,-9.197559E-08
1706275251
-3.499257E-01,-9.197143E-08
1706275256
-3.499473E-01,-9.235863E-08
1706275261
-3.499783E-01,-9.337318E-08
1706275266
-3.500016E-01,-9.324855E-08
1706275271
-3.499117E-01,-9.270840E-08
1706275277
-3.499866E-01,-9.286383E-08
1706275282
-3.499791E-01,-9.182679E-08
1706275287
-3.500250E-01,-9.258540E-08
1706275293
-3.500567E-01,-9.265418E-08
1706275298
-3.499783E-01,-9.354034E-08
1706275303
-3.500200E-01,-9.367496E-08
1706275308
-3.499916E-01,-9.445773E-08
1706275313
-3.498998E-01,-9.418386E-08
1706275319
-3.499216E-01,-9.440691E-08
1706275324
-3.499707E-01,-9.407885E-08
1706275329
-3.499899E-01,-9.459486E-08
1706275335
-3.499565E-01,-9.411717E-08
1706275340
-3.498924E-01,-9.266376E-08
1706275345
-3.499098E-01,-9.289132E-08
1706275350
-3.499575E-01,-9.280508E-08
1706275355
-3.499967E-01,-9.398551E-08
1706275360
-3.499440E-01,-9.474991E-08
1706275366
-3.499474E-01,-9.352116E-08
1706275371
-3.499808E-01,-9.472910E-08
1706275376
-3.498791E-01,-9.390131E-08
1706275382
-3.499976E-01,-9.448654E-08
1706275387
-3.499891E-01,-9.567194E-08
1706275392
-3.499542E-01,-9.550981E-08
1706275397
-3.499366E-01,-9.553981E-08
1706275403
-3.499275E-01,-9.469578E-08
1706275408
-3.498807E-01,-9.581031E-08
1706275413
-3.499390E-01,-9.582531E-08
1706275418
-3.499525E-01,-9.678234E-08
1706275423
-3.500025E-01,-9.678775E-08
1706275429
-3.500316E-01,-9.661226E-08
1706275434
-3.499198E-01,-9.685358E-08
1706275439
-3.499515E-01,-9.597995E-08
1706275445
-3.499474E-01,-9.500337E-08
1706275450
-3.499040E-01,-9.568652E-08
1706275455
-3.499950E-01,-9.665689E-08
1706275460
-3.499424E-01,-9.665813E-08
1706275465
-3.499382E-01,-9.756635E-08
1706275471
-3.499192E-01,-9.690949E-08
1706275476
-3.498884E-01,-9.814788E-08
1706275481
-3.499050E-01,-9.800489E-08
1706275487
-3.498583E-01,-9.625510E-08
1706275492
-3.499283E-01,-9.737215E-08
1706275497
-3.498750E-01,-9.748596E-08
1706275502
-3.498960E-01,-9.582874E-08
1706275508
-3.499419E-01,-9.694374E-08
1706275513
-3.498409E-01,-9.748266E-08
1706275518
-3.498500E-01,-9.701161E-08
1706275524
-3.498984E-01,-9.645810E-08
1706275529
-3.499025E-01,-9.695492E-08
1706275534
-3.499266E-01,-9.765933E-08
1706275539
-3.499358E-01,-9.717665E-08
1706275545
-3.499507E-01,-9.666562E-08
1706275550
-3.500042E-01,-9.937203E-08
1706275555
-3.499207E-01,-1.002394E-07
1706275560
-3.499966E-01,-9.790148E-08
1706275566
-3.499475E-01,-9.779479E-08
1706275571
-3.498932E-01,-9.774893E-08
1706275576
-3.499341E-01,-9.756555E-08
1706275581
-3.499375E-01,-9.969757E-08
1706275587
-3.499550E-01,-9.738091E-08
1706275592
-3.500143E-01,-9.771646E-08
1706275597
-3.500592E-01,-9.859090E-08
1706275603
-3.499675E-01,-9.945415E-08
1706275608
-3.499383E-01,-9.940997E-08
1706275613
-3.499299E-01,-9.998140E-08
1706275618
-3.499316E-01,-9.991137E-08
1706275624
-3.498541E-01,-9.937245E-08
1706275629
-3.499582E-01,-1.012147E-07
1706275634
-3.499258E-01,-1.013782E-07
1706275639
-3.499708E-01,-1.009847E-07
1706275644
-3.499659E-01,-1.028245E-07
1706275650
-3.498725E-01,-1.025223E-07
1706275655
-3.499175E-01,-1.004933E-07
1706275660
-3.498607E-01,-1.008125E-07
1706275666
-3.498333E-01,-1.014570E-07
1706275671
-3.498909E-01,-1.007855E-07
1706275676
-3.499569E-01,-1.007889E-07
1706275681
-3.499476E-01,-1.012211E-07
1706275686
-3.499285E-01,-9.923912E-08
1706275692
-3.499669E-01,-1.007180E-07
1706275697
-3.499368E-01,-9.987518E-08
1706275702
-3.499860E-01,-1.015958E-07
1706275708
-3.499375E-01,-9.959211E-08
1706275713
-3.499534E-01,-9.945293E-08
1706275718
-3.499350E-01,-9.934744E-08
1706275723
-3.499742E-01,-9.942538E-08
1706275729
-3.500068E-01,-9.999977E-08
1706275734
-3.500392E-01,-9.865760E-08
1706275739
-3.499750E-01,-1.006362E-07
1706275744
-3.499951E-01,-1.012715E-07
1706275750
-3.499125E-01,-1.017612E-07
1706275755
-3.499283E-01,-1.011623E-07
1706275760
-3.499575E-01,-1.007354E-07
1706275765
-3.499158E-01,-1.004570E-07
1706275770
-3.499367E-01,-1.006112E-07
1706275776
-3.499633E-01,-1.016679E-07
1706275781
-3.499349E-01,-1.015841E-07
1706275786
-3.499018E-01,-1.024199E-07
1706275792
-3.499033E-01,-1.015082E-07
1706275797
-3.499084E-01,-1.011639E-07
1706275802
-3.498975E-01,-1.006517E-07
1706275807
-3.499041E-01,-1.022385E-07
1706275813
-3.499282E-01,-1.030800E-07
1706275818
-3.498758E-01,-1.027199E-07
1706275823
-3.499774E-01,-1.028491E-07
1706275829
-3.499199E-01,-1.018304E-07
1706275834
-3.499241E-01,-1.012706E-07
1706275839
-3.499132E-01,-1.036494E-07
1706275844
-3.498981E-01,-1.032884E-07
1706275850
-3.499874E-01,-1.027390E-07
1706275855
-3.500057E-01,-1.033493E-07
1706275860
-3.499792E-01,-1.040541E-07
1706275865
-3.499225E-01,-1.050774E-07
1706275871
-3.499016E-01,-1.044138E-07
1706275876
-3.498899E-01,-1.035239E-07
1706275881
-3.498892E-01,-1.041600E-07
1706275886
-3.498200E-01,-1.041196E-07
1706275892
-3.498841E-01,-1.029679E-07
1706275897
-3.498358E-01,-1.029429E-07
1706275902
-3.500083E-01,-1.034985E-07
1706275907
-3.499442E-01,-1.047331E-07
1706275913
-3.498799E-01,-1.051920E-07
1706275918
-3.499659E-01,-1.050545E-07
1706275923
-3.499683E-01,-1.042367E-07
1706275929
-3.498892E-01,-1.044501E-07
1706275934
-3.499677E-01,-1.038829E-07
1706275939
-3.498866E-01,-1.039345E-07
1706275944
-3.498890E-01,-1.047569E-07
1706275950
-3.498874E-01,-1.059661E-07
1706275955
-3.498431E-01,-1.053337E-07
1706275960
-3.498916E-01,-1.045380E-07
1706275965
-3.498807E-01,-1.059131E-07
1706275970
-3.498149E-01,-1.040983E-07
1706275976
-3.498583E-01,-1.057981E-07
1706275981
-3.498658E-01,-1.055784E-07
1706275986
-3.498492E-01,-1.064696E-07
1706275991
-3.499458E-01,-1.065780E-07
1706275997
-3.498992E-01,-1.069856E-07
1706276002
-3.499626E-01,-1.054930E-07
1706276007
-3.499199E-01,-1.059315E-07
1706276013
-3.499066E-01,-1.063662E-07
1706276018
-3.498849E-01,-1.047569E-07
1706276023
-3.498975E-01,-1.064729E-07
1706276028
-3.498400E-01,-1.059782E-07
1706276034
-3.498475E-01,-1.076021E-07
1706276039
-3.498732E-01,-1.067147E-07
1706276044
-3.499475E-01,-1.070098E-07
1706276050
-3.499116E-01,-1.081227E-07
1706276055
-3.500209E-01,-1.079501E-07
1706276060
-3.498923E-01,-1.072557E-07
1706276065
-3.499709E-01,-1.049962E-07
1706276071
-3.499174E-01,-1.071573E-07
1706276076
-3.499383E-01,-1.071536E-07
1706276081
-3.499092E-01,-1.070723E-07
1706276086
-3.498450E-01,-1.076350E-07
1706276091
-3.498650E-01,-1.078484E-07
1706276097
-3.498450E-01,-1.070323E-07
1706276102
-3.499401E-01,-1.083374E-07
1706276107
-3.498308E-01,-1.074687E-07
1706276112
-3.499084E-01,-1.082703E-07
1706276117
-3.499133E-01,-1.073603E-07
1706276123
-3.497958E-01,-1.076967E-07
1706276128
-3.498741E-01,-1.086429E-07
1706276133
-3.498325E-01,-1.100972E-07
1706276138
-3.499050E-01,-1.073278E-07
1706276144
-3.499892E-01,-1.094307E-07
1706276149
-3.499434E-01,-1.094448E-07
1706276154
-3.499384E-01,-1.085545E-07
1706276159
-3.498525E-01,-1.091030E-07
1706276165
-3.498816E-01,-1.093398E-07
1706276170
-3.498625E-01,-1.072170E-07
1706276175
-3.498607E-01,-1.079088E-07
1706276180
-3.499308E-01,-1.085395E-07
1706276186
-3.498783E-01,-1.094040E-07
1706276191
-3.498014E-01,-1.112213E-07
1706276196
-3.498809E-01,-1.084958E-07
1706276201
-3.498909E-01,-1.092656E-07
1706276207
-3.499393E-01,-1.086779E-07
1706276212
-3.499777E-01,-1.090785E-07
1706276217
-3.499426E-01,-1.082903E-07
1706276223
-3.499067E-01,-1.092156E-07
1706276228
-3.499076E-01,-1.083891E-07
1706276233
-3.499358E-01,-1.093060E-07
1706276238
-3.499910E-01,-1.080544E-07
1706276244
-3.499968E-01,-1.091193E-07
1706276249
-3.499784E-01,-1.088751E-07
1706276254
-3.500076E-01,-1.089130E-07
1706276259
-3.499359E-01,-1.098725E-07
1706276264
-3.499167E-01,-1.087946E-07
1706276270
-3.498611E-01,-1.100489E-07
1706276275
-3.499119E-01,-1.095429E-07
1706276280
-3.498768E-01,-1.098751E-07
1706276285
-3.499134E-01,-1.112067E-07
1706276291
-3.498993E-01,-1.101130E-07
1706276296
-3.498984E-01,-1.105119E-07
1706276301
-3.499776E-01,-1.097387E-07
1706276307
-3.499909E-01,-1.110437E-07
1706276312
-3.500109E-01,-1.099800E-07
1706276317
-3.499218E-01,-1.103148E-07
1706276322
-3.499910E-01,-1.103735E-07
1706276328
-3.499618E-01,-1.099159E-07
1706276333
-3.499660E-01,-1.111221E-07
1706276338
-3.500177E-01,-1.108266E-07
1706276344
-3.499117E-01,-1.109808E-07
1706276349
-3.498901E-01,-1.112138E-07
1706276354
-3.498251E-01,-1.116869E-07
1706276359
-3.498434E-01,-1.120254E-07
1706276365
-3.498075E-01,-1.120070E-07
1706276370
-3.499317E-01,-1.123826E-07
1706276375
-3.498808E-01,-1.125239E-07
1706276381
-3.499517E-01,-1.124426E-07
1706276386
-3.499283E-01,-1.121921E-07
1706276391
-3.499217E-01,-1.125301E-07
1706276396
-3.499567E-01,-1.106286E-07
1706276402
-3.499242E-01,-1.110346E-07
1706276407
-3.499809E-01,-1.113305E-07
1706276412
-3.499750E-01,-1.111571E-07
1706276417
-3.499525E-01,-1.119666E-07
1706276423
-3.499432E-01,-1.114447E-07
1706276428
-3.499992E-01,-1.111125E-07
1706276433
-3.498949E-01,-1.115310E-07
1706276438
-3.499674E-01,-1.120657E-07
1706276444
-3.499858E-01,-1.115802E-07
1706276449
-3.500142E-01,-1.134475E-07
1706276454
-3.499733E-01,-1.124017E-07
1706276460
-3.499333E-01,-1.123592E-07
1706276465
-3.499349E-01,-1.114655E-07
1706276470
-3.498783E-01,-1.123642E-07
1706276475
-3.499166E-01,-1.127964E-07
1706276481
-3.499600E-01,-1.131628E-07
1706276486
-3.499592E-01,-1.124943E-07
1706276491
-3.499359E-01,-1.127385E-07
1706276497
-3.498174E-01,-1.121216E-07
1706276502
-3.499283E-01,-1.119536E-07
1706276507
-3.499324E-01,-1.130469E-07
1706276512
-3.498649E-01,-1.120929E-07
1706276518
-3.499474E-01,-1.118623E-07
1706276523
-3.499033E-01,-1.113188E-07
1706276528
-3.499633E-01,-1.117177E-07
1706276534
-3.499466E-01,-1.124876E-07
1706276539
-3.499224E-01,-1.120553E-07
1706276544
-3.499859E-01,-1.141974E-07
1706276549
-3.499659E-01,-1.145471E-07
1706276555
-3.499050E-01,-1.137614E-07
1706276560
-3.500209E-01,-1.134938E-07
1706276565
-3.499717E-01,-1.119011E-07
1706276571
-3.498768E-01,-1.127515E-07
1706276576
-3.499404E-01,-1.128162E-07
1706276581
-3.498919E-01,-1.119867E-07
1706276587
-3.498477E-01,-1.139153E-07
1706276592
-3.498935E-01,-1.118470E-07
1706276597
-3.498611E-01,-1.132446E-07
1706276602
-3.498586E-01,-1.135131E-07
1706276608
-3.498436E-01,-1.120942E-07
1706276613
-3.498769E-01,-1.140003E-07
1706276618
-3.498554E-01,-1.127332E-07
1706276624
-3.498629E-01,-1.134189E-07
1706276629
-3.499363E-01,-1.133976E-07
1706276634
-3.499137E-01,-1.139887E-07
1706276639
-3.498870E-01,-1.133192E-07
1706276645
-3.499361E-01,-1.132300E-07
1706276650
-3.498394E-01,-1.138352E-07
1706276655
-3.498367E-01,-1.135455E-07
1706276661
-3.497959E-01,-1.140595E-07
1706276666
-3.498860E-01,-1.157918E-07
1706276671
-3.498843E-01,-1.139724E-07
1706276676
-3.499418E-01,-1.160956E-07
1706276682
-3.499570E-01,-1.151161E-07
1706276687
-3.499093E-01,-1.145842E-07
1706276692
-3.499219E-01,-1.155846E-07
1706276697
-3.498650E-01,-1.177516E-07
1706276703
-3.497724E-01,-1.163123E-07
1706276708
-3.498734E-01,-1.161606E-07
1706276713
-3.498684E-01,-1.154279E-07
1706276719
-3.499109E-01,-1.157425E-07
1706276724
-3.498841E-01,-1.153469E-07
1706276729
-3.498375E-01,-1.167254E-07
1706276734
-3.499084E-01,-1.149710E-07
1706276739
-3.499209E-01,-1.147597E-07
1706276745
-3.499117E-01,-1.150364E-07
1706276750
-3.499526E-01,-1.154858E-07
1706276755
-3.498351E-01,-1.167604E-07
1706276761
-3.499277E-01,-1.167909E-07
1706276766
-3.499101E-01,-1.167867E-07
1706276771
-3.497850E-01,-1.166004E-07
1706276776
-3.499834E-01,-1.165178E-07
1706276782
-3.499510E-01,-1.168980E-07
1706276787
-3.498926E-01,-1.174031E-07
1706276792
-3.498868E-01,-1.173719E-07
1706276797
-3.499702E-01,-1.159689E-07
1706276803
-3.499185E-01,-1.160814E-07
1706276808
-3.499526E-01,-1.176245E-07
1706276813
-3.499517E-01,-1.164157E-07
1706276819
-3.499775E-01,-1.177399E-07
1706276824
-3.499742E-01,-1.169196E-07
1706276829
-3.499301E-01,-1.180221E-07
1706276834
-3.499359E-01,-1.159668E-07
1706276840
-3.499191E-01,-1.168287E-07
1706276845
-3.498275E-01,-1.163961E-07
1706276850
-3.498765E-01,-1.179162E-07
1706276856
-3.498250E-01,-1.178166E-07
1706276861
-3.498833E-01,-1.171968E-07
1706276866
-3.499441E-01,-1.178345E-07
1706276871
-3.499350E-01,-1.176465E-07
1706276876
-3.498840E-01,-1.180404E-07
1706276882
-3.499466E-01,-1.192479E-07
1706276887
-3.499507E-01,-1.190003E-07
1706276892
-3.499332E-01,-1.203920E-07
1706276897
-3.498974E-01,-1.192379E-07
1706276902
-3.499442E-01,-1.188453E-07
1706276908
-3.499093E-01,-1.184348E-07
1706276913
-3.498699E-01,-1.185898E-07
1706276918
-3.499542E-01,-1.188045E-07
1706276924
-3.499241E-01,-1.193392E-07
1706276929
-3.498057E-01,-1.201220E-07
1706276934
-3.499084E-01,-1.198598E-07
1706276939
-3.498917E-01,-1.199015E-07
1706276944
-3.498233E-01,-1.203267E-07
1706276950
-3.499000E-01,-1.196652E-07
1706276955
-3.499717E-01,-1.206764E-07
1706276960
-3.498934E-01,-1.200883E-07
1706276966
-3.499299E-01,-1.213520E-07
1706276971
-3.499900E-01,-1.199882E-07
1706276976
-3.499542E-01,-1.209327E-07
1706276981
-3.499283E-01,-1.221123E-07
1706276987
-3.498158E-01,-1.233119E-07
1706276992
-3.498732E-01,-1.215000E-07
1706276997
-3.499675E-01,-1.205255E-07
1706277003
-3.498691E-01,-1.214600E-07
1706277008
-3.498232E-01,-1.202437E-07
1706277013
-3.499075E-01,-1.208160E-07
1706277018
-3.499083E-01,-1.220406E-07
1706277024
-3.499108E-01,-1.223111E-07
1706277029
-3.498924E-01,-1.199265E-07
1706277034
-3.499475E-01,-1.226045E-07
1706277040
-3.498749E-01,-1.218059E-07
1706277045
-3.498999E-01,-1.209585E-07
1706277050
-3.499191E-01,-1.212486E-07
1706277055
-3.499966E-01,-1.205988E-07
1706277061
-3.498890E-01,-1.213216E-07
1706277066
-3.499274E-01,-1.227779E-07
1706277071
-3.499091E-01,-1.228580E-07
1706277077
-3.499024E-01,-1.220977E-07
1706277082
-3.499575E-01,-1.220152E-07
1706277087
-3.498883E-01,-1.237392E-07
1706277092
-3.499233E-01,-1.216784E-07
1706277098
-3.499041E-01,-1.235024E-07
1706277103
-3.498865E-01,-1.230468E-07
1706277108
-3.497864E-01,-1.225041E-07
1706277114
-3.498883E-01,-1.234215E-07
1706277119
-3.499267E-01,-1.227392E-07
1706277124
-3.499424E-01,-1.219468E-07
1706277129
-3.498715E-01,-1.235678E-07
1706277135
-3.498223E-01,-1.233398E-07
1706277140
-3.499449E-01,-1.229951E-07
1706277145
-3.498524E-01,-1.226046E-07
1706277151
-3.498582E-01,-1.236186E-07
1706277156
-3.499424E-01,-1.228042E-07
1706277161
-3.499700E-01,-1.238767E-07
1706277167
-3.499541E-01,-1.235336E-07
1706277172
-3.499991E-01,-1.242639E-07
1706277177
-3.500167E-01,-1.236186E-07
1706277182
-3.499391E-01,-1.247657E-07
1706277188
-3.499417E-01,-1.225758E-07
1706277193
-3.499241E-01,-1.239329E-07
1706277198
-3.498775E-01,-1.251055E-07
1706277203
-3.499491E-01,-1.233069E-07
1706277209
-3.498691E-01,-1.236233E-07
1706277214
-3.498700E-01,-1.244532E-07
1706277219
-3.499592E-01,-1.234415E-07
1706277225
-3.499816E-01,-1.229780E-07
1706277230
-3.499333E-01,-1.240797E-07
1706277235
-3.499465E-01,-1.246865E-07
1706277240
-3.498915E-01,-1.250496E-07
1706277246
-3.498915E-01,-1.251663E-07
1706277251
-3.498541E-01,-1.246828E-07
1706277256
-3.499075E-01,-1.249925E-07
1706277262
-3.498432E-01,-1.271920E-07
1706277267
-3.497775E-01,-1.257507E-07
