1706127451
-1.350745E+00,-2.455754E-07
1706127453
-1.320014E+00,-2.318043E-07
1706127456
-1.289283E+00,-2.287836E-07
1706127458
-1.261889E+00,-2.237802E-07
1706127461
-1.231210E+00,-2.213496E-07
1706127464
-1.200457E+00,-2.153859E-07
1706127466
-1.169743E+00,-2.102381E-07
1706127469
-1.139007E+00,-2.068583E-07
1706127471
-1.111628E+00,-2.016589E-07
1706127474
-1.080943E+00,-1.963803E-07
1706127476
-1.050199E+00,-1.922600E-07
1706127479
-1.019128E+00,-1.885867E-07
1706127482
-9.884424E-01,-1.809949E-07
1706127484
-9.612193E-01,-1.796189E-07
1706127487
-9.305322E-01,-1.777441E-07
1706127489
-8.997897E-01,-1.726936E-07
1706127492
-8.690538E-01,-1.688634E-07
1706127495
-8.383031E-01,-1.660203E-07
1706127497
-8.110117E-01,-1.628575E-07
1706127500
-7.803836E-01,-1.587311E-07
1706127502
-7.496328E-01,-1.517398E-07
1706127505
-7.189813E-01,-1.477521E-07
1706127508
-6.915632E-01,-1.452487E-07
1706127510
-6.607805E-01,-1.425098E-07
1706127513
-6.300973E-01,-1.384354E-07
1706127515
-5.993106E-01,-1.359620E-07
1706127518
-5.684349E-01,-1.306660E-07
1706127520
-5.412095E-01,-1.278366E-07
1706127523
-5.105104E-01,-1.221650E-07
1706127526
-4.797571E-01,-1.196554E-07
1706127528
-4.489322E-01,-1.181869E-07
1706127531
-4.182647E-01,-1.144264E-07
1706127533
-3.909225E-01,-1.131764E-07
1706127536
-3.602061E-01,-1.072468E-07
1706127539
-3.295077E-01,-1.060722E-07
1706127541
-2.988287E-01,-1.019903E-07
1706127544
-2.680321E-01,-9.733988E-08
1706127546
-2.406849E-01,-9.342015E-08
1706127549
-2.099191E-01,-9.300206E-08
1706127552
-1.792117E-01,-8.857256E-08
1706127554
-1.484542E-01,-8.694655E-08
1706127557
-1.211704E-01,-8.563315E-08
1706127559
-9.047223E-02,-8.212358E-08
1706127562
-5.966642E-02,-7.898745E-08
1706127565
-2.889397E-02,-7.776158E-08
1706127567
+1.897524E-03,-7.449459E-08
1706127570
+3.258356E-02,-7.296447E-08
1706127572
+6.313450E-02,-7.157773E-08
1706127575
+9.382640E-02,-6.884510E-08
1706127577
+1.211250E-01,-6.567895E-08
1706127580
+1.518377E-01,-6.452643E-08
1706127583
+1.825646E-01,-5.989437E-08
1706127585
+2.135258E-01,-5.943336E-08
1706127588
+2.442810E-01,-5.719048E-08
1706127590
+2.716956E-01,-5.462666E-08
1706127593
+3.024317E-01,-5.228206E-08
1706127596
+3.330584E-01,-5.142757E-08
1706127598
+3.637470E-01,-4.979158E-08
1706127601
+3.944830E-01,-4.692430E-08
1706127603
+4.217983E-01,-4.459680E-08
1706127606
+4.524718E-01,-4.421500E-08
1706127609
+4.832204E-01,-4.232641E-08
1706127611
+5.140166E-01,-3.943872E-08
1706127614
+5.412977E-01,-3.938454E-08
1706127616
+5.719135E-01,-3.658769E-08
1706127619
+6.026129E-01,-3.515135E-08
1706127621
+6.335008E-01,-3.350785E-08
1706127624
+6.643087E-01,-3.092651E-08
1706127627
+6.915781E-01,-3.113742E-08
1706127629
+7.223458E-01,-2.997950E-08
1706127632
+7.531794E-01,-2.702428E-08
1706127634
+7.838954E-01,-2.556000E-08
1706127637
+8.145339E-01,-2.446795E-08
1706127640
+8.418040E-01,-2.367432E-08
1706127642
+8.725711E-01,-2.261353E-08
1706127645
+9.032764E-01,-2.052195E-08
1706127647
+9.339824E-01,-1.983421E-08
1706127650
+9.647177E-01,-1.846372E-08
1706127653
+9.920371E-01,-1.794186E-08
1706127655
+1.022804E+00,-1.650551E-08
1706127658
+1.053421E+00,-1.517087E-08
1706127660
+1.084344E+00,-1.499831E-08
1706127663
+1.111686E+00,-1.414551E-08
1706127665
+1.142518E+00,-1.390042E-08
1706127668
+1.173344E+00,-1.215563E-08
1706127671
+1.204047E+00,-1.134701E-08
1706127673
+1.234722E+00,-1.074971E-08
1706127676
+1.262037E+00,-1.034290E-08
1706127678
+1.292745E+00,-8.893212E-09
1706127681
+1.323527E+00,-8.826103E-09
1706127684
+1.354248E+00,-7.691531E-09
1706127686
+1.384994E+00,-7.107157E-09
1706127689
+1.412257E+00,-7.835333E-09
1706127691
+1.442939E+00,-7.080062E-09
1706127694
+1.473595E+00,-6.343130E-09
1706127697
+1.504549E+00,-5.862960E-09
1706127699
+1.535286E+00,-4.702971E-09
1706127702
+1.562615E+00,-5.081846E-09
1706127704
+1.593332E+00,-4.256982E-09
1706127707
+1.624093E+00,-4.151111E-09
