1704801302
+2.241848E-03,-6.268900E-08
1704801312
+2.238513E-03,-6.065746E-08
1704801322
+2.216000E-03,-5.809533E-08
1704801332
+2.170130E-03,-6.035069E-08
1704801343
+2.188478E-03,-7.231862E-08
1704801353
+2.220170E-03,-7.555936E-08
1704801363
+2.091744E-03,-8.068988E-08
1704801374
+2.229336E-03,-7.728033E-08
1704801384
+2.244354E-03,-7.402549E-08
1704801394
+2.239348E-03,-8.310155E-08
1704801404
+2.277711E-03,-7.856625E-08
1704801414
+2.286048E-03,-8.647566E-08
1704801425
+2.271038E-03,-8.281605E-08
1704801435
+2.187643E-03,-8.748057E-08
1704801445
+2.276875E-03,-9.253235E-08
1704801456
+2.286046E-03,-8.572538E-08
1704801466
+2.251016E-03,-9.611938E-08
1704801476
+2.201819E-03,-8.920950E-08
1704801487
