1708301413
+1.602073E+00,+4.510846E-09
1708301423
+1.602051E+00,-4.664589E-10
1708301433
+1.602018E+00,-1.661112E-09
1708301444
+1.601989E+00,-1.789098E-09
1708301454
+1.601924E+00,-1.967929E-09
1708301464
+1.601881E+00,-9.228887E-10
1708301474
+1.601894E+00,-1.809937E-09
1708301485
+1.601897E+00,-1.737814E-09
1708301495
+1.601882E+00,-1.751986E-09
1708301505
+1.601859E+00,-1.175493E-09
1708301516
+1.601900E+00,-1.748229E-09
1708301526
+1.601912E+00,-2.149679E-09
1708301536
+1.601990E+00,-1.912472E-09
1708301546
+1.601915E+00,-2.034197E-09
1708301557
+1.601954E+00,-1.910816E-09
1708301567
+1.601915E+00,-1.575668E-09
1708301577
+1.601986E+00,-1.797019E-09
1708301587
+1.601936E+00,-1.949574E-09
1708301598
+1.601918E+00,-1.929563E-09
1708301608
+1.602009E+00,-1.603153E-09
1708301618
+1.602043E+00,-2.230956E-09
1708301629
+1.602044E+00,-1.999181E-09
1708301639
+1.602105E+00,-2.258879E-09
1708301649
+1.602032E+00,-1.978748E-09
1708301659
+1.602024E+00,-2.002940E-09
1708301669
+1.602026E+00,-2.462723E-09
1708301680
+1.601959E+00,-1.331387E-09
1708301690
+1.601936E+00,-1.647769E-09
1708301700
+1.601943E+00,-2.144264E-09
1708301711
+1.601980E+00,-1.912058E-09
1708301721
+1.601980E+00,-1.317618E-09
1708301731
+1.602057E+00,-2.295562E-09
1708301742
+1.602014E+00,-1.867862E-09
1708301752
+1.602088E+00,-2.037139E-09
1708301762
+1.602060E+00,-2.829146E-09
1708301772
+1.602014E+00,-2.299311E-09
1708301783
+1.602045E+00,-1.358470E-09
1708301793
+1.601991E+00,-1.959994E-09
1708301803
+1.602013E+00,-1.016252E-09
1708301814
+1.602038E+00,-2.144656E-09
1708301824
+1.602013E+00,-2.183455E-09
1708301834
+1.601997E+00,-2.639893E-09
1708301845
+1.602037E+00,-1.923745E-09
1708301855
+1.601947E+00,-1.712808E-09
1708301865
+1.601933E+00,-1.770333E-09
1708301875
+1.601966E+00,-2.237621E-09
1708301886
+1.601904E+00,-1.987117E-09
1708301896
+1.601875E+00,-2.061716E-09
1708301906
+1.601823E+00,-2.051299E-09
1708301917
+1.601954E+00,-2.065877E-09
1708301927
+1.601949E+00,-2.436049E-09
1708301937
+1.601927E+00,-2.045044E-09
1708301947
+1.601894E+00,-2.061714E-09
1708301958
+1.601906E+00,-1.473952E-09
1708301968
+1.601953E+00,-1.780317E-09
1708301978
+1.602025E+00,-2.122166E-09
1708301989
+1.601984E+00,-2.113814E-09
1708301999
+1.601941E+00,-1.647765E-09
1708302009
+1.601917E+00,-2.082964E-09
1708302020
+1.601954E+00,-1.642347E-09
1708302030
+1.602021E+00,-1.806168E-09
1708302040
+1.602005E+00,-2.309324E-09
1708302050
+1.602016E+00,-2.058801E-09
1708302061
+1.601930E+00,-1.721962E-09
1708302071
+1.601918E+00,-2.332676E-09
1708302081
+1.601895E+00,-1.606494E-09
1708302092
+1.601902E+00,-1.655702E-09
1708302102
+1.601868E+00,-2.135488E-09
1708302112
+1.601870E+00,-2.576533E-09
1708302122
+1.601897E+00,-1.466461E-09
1708302133
+1.601955E+00,-2.198855E-09
1708302143
+1.601903E+00,-2.046709E-09
1708302153
+1.601907E+00,-2.082975E-09
1708302164
+1.601932E+00,-1.934991E-09
1708302174
+1.601955E+00,-1.401439E-09
1708302184
+1.601903E+00,-2.530258E-09
1708302195
+1.601860E+00,-1.395163E-09
1708302205
+1.601933E+00,-2.258889E-09
1708302215
+1.601982E+00,-1.775337E-09
1708302225
+1.601941E+00,-1.704040E-09
1708302236
+1.602003E+00,-2.050459E-09
1708302246
+1.601956E+00,-2.471481E-09
1708302256
+1.602034E+00,-2.031269E-09
1708302267
+1.601985E+00,-1.543965E-09
1708302277
+1.601957E+00,-1.915395E-09
1708302287
+1.601943E+00,-1.982913E-09
1708302297
+1.601882E+00,-2.444388E-09
1708302308
+1.601909E+00,-2.637389E-09
1708302318
+1.601925E+00,-2.003766E-09
1708302328
+1.601889E+00,-2.119646E-09
1708302339
+1.601924E+00,-2.147156E-09
1708302349
+1.601852E+00,-1.922053E-09
1708302359
+1.601913E+00,-1.774089E-09
1708302370
+1.601875E+00,-2.111325E-09
1708302380
+1.601973E+00,-2.228445E-09
1708302390
+1.601943E+00,-2.019196E-09
1708302400
+1.601920E+00,-2.345179E-09
1708302411
+1.601941E+00,-2.338515E-09
1708302421
+1.601956E+00,-2.254706E-09
1708302431
+1.601993E+00,-2.646560E-09
1708302442
+1.601962E+00,-2.448976E-09
1708302452
+1.601948E+00,-2.195109E-09
1708302462
+1.601950E+00,-2.522752E-09
1708302473
+1.601912E+00,-2.186347E-09
1708302483
+1.601989E+00,-2.289733E-09
1708302493
+1.601942E+00,-2.439797E-09
1708302503
+1.601922E+00,-1.932909E-09
1708302514
+1.601938E+00,-2.040034E-09
1708302524
+1.601986E+00,-2.272639E-09
1708302534
+1.601985E+00,-2.218868E-09
1708302545
+1.602040E+00,-2.031706E-09
1708302555
+1.601983E+00,-2.086723E-09
1708302565
+1.601941E+00,-2.245536E-09
1708302576
+1.601955E+00,-2.436876E-09
1708302586
+1.601913E+00,-1.687372E-09
1708302596
+1.601896E+00,-1.852863E-09
1708302607
+1.601949E+00,-2.734934E-09
1708302617
+1.601978E+00,-1.591503E-09
1708302627
+1.601978E+00,-1.969165E-09
1708302637
+1.602033E+00,-2.681159E-09
1708302648
+1.601995E+00,-2.152169E-09
1708302658
+1.601958E+00,-2.297226E-09
1708302668
+1.601924E+00,-1.842439E-09
1708302679
+1.601962E+00,-2.188034E-09
1708302689
+1.601912E+00,-2.252636E-09
1708302699
+1.601884E+00,-1.783238E-09
1708302710
+1.601884E+00,-1.391415E-09
1708302720
+1.601884E+00,-1.821198E-09
1708302730
+1.601921E+00,-2.081312E-09
1708302740
+1.601960E+00,-1.971245E-09
1708302751
+1.601957E+00,-1.706145E-09
1708302761
+1.601976E+00,-2.490237E-09
1708302771
+1.601925E+00,-1.731991E-09
1708302782
+1.601952E+00,-1.958332E-09
1708302792
+1.601969E+00,-2.282226E-09
1708302802
+1.601952E+00,-1.726560E-09
1708302813
+1.601956E+00,-2.187598E-09
1708302823
+1.601882E+00,-2.700334E-09
1708302833
+1.601928E+00,-3.113864E-09
1708302843
+1.601938E+00,-1.857458E-09
1708302853
+1.601928E+00,-1.971666E-09
1708302864
+1.601937E+00,-2.478574E-09
1708302874
+1.601934E+00,-1.859949E-09
1708302884
+1.601977E+00,-1.852455E-09
1708302895
+1.601953E+00,-2.053801E-09
1708302905
+1.601968E+00,-1.764494E-09
1708302915
+1.601932E+00,-1.535633E-09
1708302926
+1.601935E+00,-1.495631E-09
1708302936
+1.601966E+00,-2.125917E-09
1708302946
+1.601957E+00,-1.499371E-09
1708302957
+1.601925E+00,-1.473518E-09
1708302967
+1.601888E+00,-1.617783E-09
1708302977
+1.601950E+00,-2.173417E-09
1708302987
+1.601929E+00,-2.133816E-09
1708302998
+1.601962E+00,-2.474405E-09
1708303008
+1.602008E+00,-1.864953E-09
1708303018
+1.601953E+00,-2.015035E-09
1708303029
+1.602068E+00,-1.553157E-09
1708303039
+1.601974E+00,-2.255547E-09
1708303049
+1.601928E+00,-2.268052E-09
1708303060
+1.601911E+00,-1.611082E-09
1708303070
+1.601944E+00,-2.050447E-09
1708303080
+1.601941E+00,-2.326836E-09
1708303090
+1.601969E+00,-1.909140E-09
1708303101
+1.601994E+00,-1.889130E-09
1708303111
+1.602008E+00,-1.979594E-09
1708303121
+1.601974E+00,-1.985422E-09
1708303132
+1.601919E+00,-1.972923E-09
1708303142
+1.601914E+00,-2.056279E-09
1708303152
+1.601882E+00,-2.077960E-09
1708303163
+1.601969E+00,-2.406028E-09
1708303173
+1.602026E+00,-1.711961E-09
1708303183
+1.602015E+00,-1.720734E-09
1708303194
+1.601977E+00,-2.146738E-09
1708303204
+1.602011E+00,-2.477728E-09
1708303214
+1.602020E+00,-1.947480E-09
1708303224
+1.602058E+00,-2.252209E-09
1708303235
+1.602060E+00,-2.127574E-09
1708303245
+1.601972E+00,-2.170507E-09
1708303255
+1.601996E+00,-2.716592E-09
1708303266
+1.601992E+00,-1.586071E-09
1708303276
+1.601967E+00,-1.829958E-09
1708303286
+1.601984E+00,-1.760742E-09
1708303297
+1.601926E+00,-1.927908E-09
1708303307
+1.602038E+00,-1.952915E-09
1708303317
+1.601969E+00,-1.869946E-09
1708303327
+1.601921E+00,-1.639009E-09
1708303337
+1.601990E+00,-1.237163E-09
1708303348
+1.601980E+00,-2.308910E-09
1708303358
+1.602045E+00,-2.010845E-09
1708303368
+1.601997E+00,-2.308902E-09
1708303379
+1.601992E+00,-2.520253E-09
1708303389
+1.601984E+00,-1.877861E-09
1708303399
+1.601965E+00,-1.842859E-09
1708303410
+1.602031E+00,-2.134244E-09
1708303420
+1.601950E+00,-2.103401E-09
1708303430
+1.601947E+00,-1.786577E-09
1708303440
+1.601927E+00,-2.465642E-09
1708303451
+1.601955E+00,-2.231370E-09
1708303461
+1.601913E+00,-1.985432E-09
1708303471
+1.601995E+00,-2.270548E-09
1708303482
+1.602010E+00,-2.829572E-09
1708303492
+1.602029E+00,-2.049629E-09
1708303502
+1.602019E+00,-2.085470E-09
1708303513
+1.602059E+00,-2.001278E-09
1708303523
+1.602079E+00,-1.629021E-09
1708303533
+1.602011E+00,-1.591504E-09
1708303543
+1.602026E+00,-1.658205E-09
1708303554
+1.601982E+00,-1.994589E-09
1708303564
+1.602067E+00,-2.037533E-09
1708303574
+1.601950E+00,-1.713633E-09
1708303585
+1.601943E+00,-1.874553E-09
1708303595
+1.601988E+00,-2.436054E-09
1708303605
+1.602032E+00,-1.488532E-09
1708303616
+1.602043E+00,-2.508587E-09
1708303626
+1.602080E+00,-2.265140E-09
1708303636
+1.602044E+00,-2.164667E-09
1708303646
+1.602036E+00,-1.406009E-09
1708303656
+1.602016E+00,-2.338497E-09
1708303667
+1.602054E+00,-2.175097E-09
1708303677
+1.602111E+00,-2.739525E-09
1708303687
+1.602029E+00,-2.591533E-09
1708303698
+1.601955E+00,-2.010428E-09
1708303708
+1.601952E+00,-2.511077E-09
1708303718
+1.601967E+00,-2.357262E-09
1708303729
+1.601960E+00,-2.421871E-09
1708303739
+1.601967E+00,-1.919979E-09
1708303749
+1.601874E+00,-2.248874E-09
1708303760
+1.601907E+00,-1.354724E-09
1708303770
+1.601987E+00,-1.547737E-09
1708303780
+1.601973E+00,-1.272601E-09
1708303790
+1.602021E+00,-2.141742E-09
1708303801
+1.602009E+00,-1.213837E-09
1708303811
+1.602086E+00,-1.631139E-09
1708303821
+1.602070E+00,-1.498115E-09
1708303832
+1.601995E+00,-2.267631E-09
1708303842
+1.601990E+00,-1.539805E-09
1708303852
+1.602039E+00,-1.921663E-09
1708303863
+1.602025E+00,-2.112978E-09
1708303873
+1.602033E+00,-2.071703E-09
1708303883
+1.601950E+00,-1.792429E-09
1708303893
+1.602028E+00,-1.363509E-09
1708303904
+1.602007E+00,-2.408953E-09
1708303914
+1.602001E+00,-2.834982E-09
1708303924
+1.601993E+00,-1.756143E-09
1708303935
+1.602006E+00,-1.819513E-09
1708303945
+1.602005E+00,-2.096304E-09
1708303955
+1.602036E+00,-2.270548E-09
1708303966
+1.602052E+00,-1.309718E-09
1708303976
+1.602015E+00,-1.561479E-09
1708303986
+1.602035E+00,-2.030865E-09
1708303996
+1.602114E+00,-1.533548E-09
1708304007
+1.602045E+00,-2.219724E-09
1708304017
+1.602040E+00,-1.553168E-09
1708304027
+1.601931E+00,-1.910804E-09
1708304038
+1.601949E+00,-1.804918E-09
1708304048
+1.602027E+00,-1.829947E-09
1708304058
+1.602021E+00,-2.027941E-09
1708304069
+1.601997E+00,-2.376020E-09
1708304079
+1.601957E+00,-2.182602E-09
1708304089
+1.601987E+00,-1.665710E-09
1708304100
+1.602064E+00,-2.462323E-09
1708304110
+1.601943E+00,-2.108821E-09
1708304120
+1.601991E+00,-1.865790E-09
1708304130
+1.601978E+00,-2.764532E-09
1708304141
+1.601946E+00,-1.679892E-09
1708304151
+1.601954E+00,-1.988757E-09
1708304161
+1.602006E+00,-2.542765E-09
1708304172
+1.601952E+00,-1.954157E-09
1708304182
+1.602039E+00,-1.879121E-09
1708304192
+1.601921E+00,-2.247224E-09
1708304202
+1.601961E+00,-1.417255E-09
1708304213
+1.602015E+00,-1.351817E-09
1708304223
+1.601942E+00,-1.923309E-09
1708304233
+1.601951E+00,-1.882049E-09
1708304244
+1.601913E+00,-1.828679E-09
1708304254
+1.601975E+00,-2.079624E-09
1708304264
+1.601999E+00,-2.044203E-09
1708304275
+1.601907E+00,-1.396419E-09
1708304285
+1.601954E+00,-2.223879E-09
1708304295
+1.601949E+00,-1.972080E-09
1708304305
+1.601858E+00,-1.541062E-09
1708304316
+1.601913E+00,-2.977549E-09
1708304326
+1.601922E+00,-1.724062E-09
1708304336
+1.601909E+00,-2.271805E-09
1708304347
+1.601915E+00,-1.817839E-09
1708304357
+1.601919E+00,-2.154261E-09
1708304367
+1.601893E+00,-1.917484E-09
1708304378
+1.601878E+00,-2.183036E-09
1708304388
+1.601821E+00,-1.637350E-09
1708304398
+1.601878E+00,-1.976251E-09
1708304409
+1.601867E+00,-1.566494E-09
1708304419
+1.601891E+00,-1.606515E-09
1708304429
+1.601901E+00,-1.777418E-09
1708304439
+1.601909E+00,-1.604424E-09
1708304450
+1.601946E+00,-2.080477E-09
1708304460
+1.601888E+00,-1.568978E-09
1708304470
+1.601941E+00,-2.137577E-09
1708304481
+1.601977E+00,-1.610668E-09
1708304491
+1.601972E+00,-2.198453E-09
1708304501
+1.601942E+00,-1.619832E-09
1708304512
+1.601976E+00,-2.090052E-09
1708304522
+1.601943E+00,-1.679031E-09
1708304532
+1.601952E+00,-2.450224E-09
1708304542
+1.601890E+00,-2.635731E-09
1708304553
+1.601929E+00,-2.421041E-09
1708304563
+1.601916E+00,-2.223043E-09
1708304573
+1.601955E+00,-2.582785E-09
1708304584
+1.601897E+00,-2.137152E-09
1708304594
+1.601941E+00,-2.280981E-09
1708304604
+1.601954E+00,-1.408925E-09
1708304615
+1.601985E+00,-2.071713E-09
1708304625
+1.601933E+00,-1.734481E-09
1708304635
+1.601964E+00,-1.517713E-09
1708304646
+1.601920E+00,-2.111316E-09
1708304656
+1.602015E+00,-2.114231E-09
1708304666
+1.601934E+00,-1.643597E-09
1708304676
+1.601906E+00,-1.657774E-09
1708304687
+1.601861E+00,-2.343916E-09
1708304697
+1.601966E+00,-1.637355E-09
1708304707
+1.601962E+00,-2.216774E-09
1708304718
+1.601966E+00,-1.762830E-09
1708304728
+1.601957E+00,-1.537725E-09
1708304738
+1.601909E+00,-1.683210E-09
1708304749
+1.601927E+00,-2.171767E-09
1708304759
+1.602029E+00,-2.214285E-09
1708304769
+1.601996E+00,-2.160915E-09
1708304779
+1.602054E+00,-1.378088E-09
1708304790
+1.602080E+00,-1.370138E-09
1708304800
+1.601963E+00,-2.270144E-09
1708304810
+1.601975E+00,-2.220528E-09
1708304821
+1.601962E+00,-2.024607E-09
1708304831
+1.601940E+00,-2.101731E-09
1708304841
+1.601881E+00,-2.110059E-09
1708304852
+1.601845E+00,-1.912480E-09
1708304862
+1.601842E+00,-2.381861E-09
1708304872
+1.601908E+00,-1.832435E-09
1708304882
+1.601925E+00,-1.641103E-09
1708304893
+1.601961E+00,-2.436459E-09
1708304903
+1.602009E+00,-1.563154E-09
1708304913
+1.601974E+00,-2.230120E-09
1708304924
+1.602019E+00,-2.166346E-09
1708304934
+1.602012E+00,-2.383105E-09
1708304944
+1.601963E+00,-2.284307E-09
1708304955
+1.601914E+00,-2.017944E-09
1708304965
+1.601856E+00,-1.929994E-09
1708304975
+1.601867E+00,-2.787459E-09
1708304985
+1.601891E+00,-1.875793E-09
1708304996
+1.601898E+00,-2.368510E-09
1708305006
+1.601895E+00,-2.476072E-09
1708305016
+1.601900E+00,-1.758270E-09
1708305027
+1.601966E+00,-1.429769E-09
1708305037
+1.602007E+00,-2.017938E-09
1708305047
+1.601948E+00,-2.061285E-09
1708305058
+1.601996E+00,-2.436044E-09
1708305068
+1.601923E+00,-1.899153E-09
1708305078
+1.601922E+00,-2.118393E-09
1708305088
+1.601886E+00,-1.666536E-09
1708305099
+1.601926E+00,-1.526889E-09
1708305109
+1.601919E+00,-2.248464E-09
1708305119
+1.601873E+00,-2.097569E-09
1708305130
+1.601992E+00,-2.206785E-09
1708305140
+1.601941E+00,-1.739887E-09
1708305150
+1.601958E+00,-1.810352E-09
1708305161
+1.602015E+00,-2.519001E-09
1708305171
+1.601989E+00,-1.861608E-09
1708305181
+1.601959E+00,-2.554017E-09
1708305192
+1.601967E+00,-2.032945E-09
1708305202
+1.602052E+00,-1.680274E-09
1708305212
+1.602000E+00,-2.243043E-09
1708305222
+1.602011E+00,-1.725310E-09
1708305233
+1.601965E+00,-2.064624E-09
1708305243
+1.601917E+00,-1.794930E-09
1708305253
+1.601887E+00,-1.600675E-09
1708305264
+1.601919E+00,-1.408087E-09
1708305274
+1.601891E+00,-2.030042E-09
1708305284
+1.601984E+00,-1.393096E-09
1708305295
+1.601951E+00,-2.081717E-09
1708305305
+1.601880E+00,-1.759491E-09
1708305315
+1.601875E+00,-2.223038E-09
1708305325
+1.601896E+00,-1.727406E-09
1708305336
+1.602019E+00,-1.499788E-09
1708305346
+1.601972E+00,-1.906630E-09
1708305356
+1.601960E+00,-2.276804E-09
1708305367
+1.601890E+00,-1.764908E-09
1708305377
+1.601840E+00,-1.813678E-09
1708305387
+1.601872E+00,-1.746988E-09
1708305398
+1.601874E+00,-1.727388E-09
1708305408
+1.601932E+00,-2.397275E-09
1708305418
+1.601926E+00,-1.796594E-09
1708305428
+1.601923E+00,-2.224699E-09
1708305439
+1.601953E+00,-2.263055E-09
1708305449
+1.601871E+00,-2.820808E-09
1708305459
+1.601898E+00,-1.826594E-09
1708305470
+1.601867E+00,-2.065043E-09
1708305480
+1.601896E+00,-2.322257E-09
1708305490
+1.601901E+00,-2.169254E-09
1708305501
+1.601896E+00,-2.410618E-09
1708305511
+1.601914E+00,-1.373500E-09
1708305521
+1.601920E+00,-1.991267E-09
1708305531
+1.601901E+00,-2.215959E-09
1708305542
+1.601874E+00,-2.132593E-09
1708305552
+1.601889E+00,-1.959998E-09
1708305562
+1.601832E+00,-1.431004E-09
1708305573
+1.601888E+00,-2.352683E-09
1708305583
+1.601876E+00,-1.916240E-09
1708305593
+1.601864E+00,-1.657790E-09
1708305604
+1.601914E+00,-2.059206E-09
1708305614
+1.601960E+00,-1.891629E-09
1708305624
+1.601933E+00,-2.110900E-09
1708305634
+1.601951E+00,-2.335162E-09
1708305645
+1.601932E+00,-2.122158E-09
1708305655
+1.601998E+00,-1.765760E-09
1708305665
+1.601888E+00,-2.139663E-09
1708305676
+1.601913E+00,-1.589429E-09
1708305686
+1.601939E+00,-1.738662E-09
1708305696
+1.601920E+00,-2.055467E-09
1708305707
+1.601885E+00,-1.971260E-09
1708305717
+1.601944E+00,-2.443154E-09
1708305727
+1.601991E+00,-2.286812E-09
1708305738
+1.601962E+00,-1.483117E-09
1708305748
+1.601983E+00,-1.827851E-09
1708305758
+1.601954E+00,-1.722399E-09
1708305768
+1.602001E+00,-1.115060E-09
1708305779
+1.602019E+00,-1.916666E-09
1708305789
+1.601963E+00,-1.585239E-09
1708305799
+1.602003E+00,-2.226366E-09
1708305810
+1.601956E+00,-1.793685E-09
1708305820
+1.601942E+00,-2.239301E-09
1708305830
+1.601978E+00,-1.552743E-09
1708305841
+1.601958E+00,-1.937523E-09
1708305851
+1.601954E+00,-1.947497E-09
1708305861
+1.601953E+00,-2.074631E-09
1708305871
+1.601981E+00,-2.146323E-09
1708305882
+1.601963E+00,-2.458553E-09
1708305892
+1.601947E+00,-1.643619E-09
1708305902
+1.602026E+00,-2.314743E-09
1708305913
+1.602005E+00,-2.037541E-09
1708305923
+1.601983E+00,-2.294321E-09
1708305933
+1.602024E+00,-2.614047E-09
1708305944
+1.601990E+00,-2.447298E-09
1708305954
+1.602023E+00,-1.970420E-09
1708305964
+1.601987E+00,-1.417687E-09
1708305974
+1.602005E+00,-1.519791E-09
1708305985
+1.602066E+00,-2.286828E-09
1708305995
+1.601968E+00,-1.805767E-09
1708306005
+1.602011E+00,-2.152585E-09
1708306016
+1.602046E+00,-2.136326E-09
1708306026
+1.601951E+00,-2.324750E-09
1708306036
+1.601900E+00,-2.617378E-09
1708306047
+1.601917E+00,-2.850406E-09
1708306057
+1.601917E+00,-1.997089E-09
1708306067
+1.601942E+00,-1.756147E-09
1708306077
+1.601922E+00,-2.213444E-09
1708306087
+1.601906E+00,-1.449770E-09
1708306098
+1.601880E+00,-2.261794E-09
1708306108
+1.601875E+00,-1.600246E-09
1708306118
+1.601917E+00,-2.222625E-09
1708306129
+1.601904E+00,-2.212609E-09
1708306139
+1.601912E+00,-1.828267E-09
1708306149
+1.601904E+00,-2.596539E-09
1708306160
+1.601895E+00,-1.991679E-09
1708306170
+1.601850E+00,-2.325990E-09
1708306180
+1.601905E+00,-2.429802E-09
1708306191
+1.601982E+00,-2.341000E-09
1708306201
+1.601911E+00,-1.658615E-09
1708306211
+1.601925E+00,-2.391438E-09
1708306221
+1.601958E+00,-1.885816E-09
1708306232
+1.601979E+00,-1.871209E-09
1708306242
+1.601954E+00,-1.236753E-09
1708306252
+1.601966E+00,-1.504375E-09
1708306263
+1.601971E+00,-1.975435E-09
1708306273
+1.601980E+00,-2.685331E-09
1708306283
+1.602018E+00,-2.168419E-09
1708306294
+1.601979E+00,-1.937906E-09
1708306304
+1.602008E+00,-2.060885E-09
1708306314
+1.601930E+00,-1.635695E-09
1708306324
+1.601972E+00,-2.148008E-09
1708306335
+1.602027E+00,-2.180934E-09
1708306345
+1.601964E+00,-2.522757E-09
1708306355
+1.601996E+00,-1.874545E-09
1708306366
+1.602018E+00,-1.664035E-09
1708306376
+1.602019E+00,-2.403531E-09
1708306386
+1.601964E+00,-1.972500E-09
1708306397
+1.602024E+00,-1.850381E-09
1708306407
+1.601938E+00,-1.959571E-09
1708306417
+1.601917E+00,-2.020027E-09
1708306427
+1.602004E+00,-2.040025E-09
1708306438
+1.601984E+00,-1.902050E-09
1708306448
+1.602019E+00,-2.155923E-09
1708306458
+1.601994E+00,-2.390613E-09
1708306469
+1.601987E+00,-2.080890E-09
1708306479
+1.601951E+00,-1.684871E-09
1708306489
+1.602017E+00,-1.924970E-09
1708306500
+1.602048E+00,-1.595245E-09
1708306510
+1.601927E+00,-1.447683E-09
1708306520
+1.601986E+00,-1.815775E-09
1708306530
+1.601927E+00,-2.074626E-09
1708306540
+1.602007E+00,-1.335132E-09
1708306551
+1.601980E+00,-2.055036E-09
1708306561
+1.601989E+00,-1.741977E-09
1708306571
+1.601944E+00,-1.971251E-09
1708306582
+1.601946E+00,-1.930410E-09
1708306592
+1.601972E+00,-1.962078E-09
1708306602
+1.601948E+00,-2.399786E-09
1708306613
+1.601972E+00,-2.013776E-09
1708306623
+1.601907E+00,-2.282643E-09
1708306633
+1.601946E+00,-1.669863E-09
1708306643
+1.601896E+00,-2.630301E-09
1708306654
+1.601969E+00,-1.546067E-09
1708306664
+1.601954E+00,-2.304743E-09
1708306674
+1.601953E+00,-2.096316E-09
1708306685
+1.601908E+00,-2.745774E-09
1708306695
+1.601896E+00,-1.947909E-09
1708306705
+1.601886E+00,-2.255963E-09
1708306716
+1.601891E+00,-1.189243E-09
1708306726
+1.601929E+00,-2.415206E-09
1708306736
+1.601901E+00,-2.132591E-09
1708306747
+1.601882E+00,-1.864134E-09
1708306757
+1.601944E+00,-1.767006E-09
1708306767
+1.601935E+00,-2.055446E-09
1708306777
+1.601949E+00,-1.227200E-09
1708306788
+1.601943E+00,-2.324748E-09
1708306798
+1.601966E+00,-1.967927E-09
1708306808
+1.601983E+00,-1.954996E-09
1708306819
+1.601998E+00,-2.042960E-09
1708306829
+1.601973E+00,-1.685286E-09
1708306839
+1.601967E+00,-1.761574E-09
1708306850
+1.601996E+00,-2.059201E-09
1708306860
+1.601975E+00,-1.084193E-09
1708306870
+1.601964E+00,-2.162163E-09
1708306880
+1.602009E+00,-2.107997E-09
1708306891
+1.602027E+00,-1.914987E-09
1708306901
+1.601982E+00,-2.285985E-09
1708306911
+1.602031E+00,-1.960835E-09
1708306922
+1.602068E+00,-1.752438E-09
1708306932
+1.601964E+00,-1.790755E-09
1708306942
+1.601959E+00,-1.827028E-09
1708306953
+1.601842E+00,-2.243461E-09
1708306963
+1.601901E+00,-1.899128E-09
1708306973
+1.601925E+00,-2.465224E-09
1708306983
+1.601879E+00,-1.859948E-09
1708306994
+1.601903E+00,-1.875371E-09
1708307004
+1.601961E+00,-2.398525E-09
1708307014
+1.601914E+00,-2.709095E-09
1708307024
+1.601911E+00,-3.050918E-09
1708307034
+1.601888E+00,-2.945034E-09
1708307045
+1.601910E+00,-2.840401E-09
1708307055
+1.601882E+00,-2.480653E-09
1708307065
+1.601931E+00,-2.466478E-09
1708307076
+1.601929E+00,-2.953372E-09
1708307086
+1.601919E+00,-2.659899E-09
1708307096
+1.601871E+00,-2.150506E-09
1708307107
+1.601863E+00,-2.744106E-09
1708307117
+1.601868E+00,-2.917106E-09
1708307127
+1.601816E+00,-1.684864E-09
1708307137
+1.601925E+00,-1.829926E-09
1708307148
+1.601971E+00,-1.779912E-09
1708307158
+1.601950E+00,-2.059635E-09
1708307168
+1.601923E+00,-2.341843E-09
1708307179
+1.601995E+00,-2.069211E-09
1708307189
+1.601932E+00,-2.223445E-09
1708307199
+1.601883E+00,-2.702846E-09
1708307210
+1.601884E+00,-1.942071E-09
1708307220
+1.601941E+00,-2.200107E-09
1708307230
+1.601878E+00,-2.722018E-09
1708307240
+1.601901E+00,-2.868749E-09
1708307251
+1.601937E+00,-2.622800E-09
1708307261
+1.601901E+00,-2.714519E-09
1708307271
+1.601946E+00,-3.355236E-09
1708307282
+1.601933E+00,-3.214746E-09
1708307292
+1.601935E+00,-2.936280E-09
1708307302
+1.601899E+00,-2.966301E-09
1708307313
+1.601920E+00,-2.289726E-09
1708307323
+1.601967E+00,-2.120482E-09
1708307333
+1.601919E+00,-1.617763E-09
1708307343
+1.601954E+00,-2.188851E-09
1708307354
+1.601999E+00,-1.041271E-09
1708307364
+1.601985E+00,-1.743660E-09
1708307374
+1.601929E+00,-2.092967E-09
1708307385
+1.601957E+00,-1.960822E-09
1708307395
+1.601973E+00,-1.609008E-09
1708307405
+1.602041E+00,-2.318911E-09
1708307416
+1.601906E+00,-1.912888E-09
1708307426
+1.601986E+00,-2.019595E-09
1708307436
+1.601944E+00,-2.388520E-09
1708307446
+1.602056E+00,-1.815347E-09
1708307457
+1.602121E+00,-1.797010E-09
1708307467
+1.602115E+00,-1.995841E-09
1708307477
+1.602108E+00,-1.992507E-09
1708307487
+1.602072E+00,-1.563167E-09
1708307498
+1.602093E+00,-1.983349E-09
1708307508
+1.602064E+00,-1.013342E-09
1708307518
+1.602052E+00,-1.309693E-09
1708307529
+1.601991E+00,-1.778687E-09
1708307539
+1.602020E+00,-2.108395E-09
1708307549
+1.601931E+00,-1.492729E-09
1708307560
+1.601980E+00,-2.133824E-09
1708307570
+1.601952E+00,-1.699904E-09
1708307580
+1.601942E+00,-2.033782E-09
1708307590
+1.601985E+00,-1.707791E-09
1708307601
+1.601921E+00,-2.280567E-09
1708307611
+1.601925E+00,-1.895811E-09
1708307621
+1.602013E+00,-1.888728E-09
1708307632
+1.601928E+00,-2.550681E-09
1708307642
+1.601940E+00,-2.469411E-09
1708307652
+1.601994E+00,-1.715298E-09
1708307663
+1.601945E+00,-2.160084E-09
1708307673
+1.601929E+00,-1.984179E-09
1708307683
+1.601949E+00,-2.882921E-09
1708307693
+1.601960E+00,-2.549847E-09
1708307704
+1.601955E+00,-1.738224E-09
1708307714
+1.601941E+00,-1.466443E-09
1708307724
+1.601950E+00,-1.792013E-09
1708307735
+1.602013E+00,-1.520226E-09
1708307745
+1.601969E+00,-2.456898E-09
1708307755
+1.602026E+00,-1.483129E-09
1708307766
+1.601957E+00,-2.131325E-09
1708307776
+1.601977E+00,-2.235531E-09
1708307786
+1.601958E+00,-1.693637E-09
1708307796
+1.602082E+00,-1.511038E-09
1708307807
+1.602050E+00,-2.252623E-09
1708307817
+1.601996E+00,-1.642363E-09
1708307827
+1.601986E+00,-2.046280E-09
1708307838
+1.602022E+00,-2.059209E-09
1708307848
+1.601924E+00,-2.303901E-09
1708307858
+1.601955E+00,-2.136741E-09
1708307869
+1.601915E+00,-2.160502E-09
1708307879
+1.601904E+00,-2.326834E-09
1708307889
+1.601940E+00,-2.317665E-09
1708307900
+1.601971E+00,-2.147589E-09
1708307910
+1.601923E+00,-1.812441E-09
1708307920
+1.601941E+00,-2.562353E-09
1708307930
+1.601890E+00,-1.884536E-09
1708307941
+1.601897E+00,-1.942484E-09
1708307951
+1.601909E+00,-2.047133E-09
1708307961
+1.601892E+00,-1.980857E-09
1708307972
+1.601910E+00,-2.421452E-09
1708307982
+1.601934E+00,-1.724881E-09
1708307992
+1.601950E+00,-1.763665E-09
1708308003
+1.601939E+00,-2.060053E-09
1708308013
+1.601941E+00,-1.602355E-09
1708308023
+1.601958E+00,-1.303037E-09
1708308033
+1.601850E+00,-1.732814E-09
1708308044
+1.601951E+00,-2.426882E-09
1708308054
+1.601891E+00,-1.970429E-09
1708308064
+1.601950E+00,-2.349350E-09
1708308075
+1.601889E+00,-2.120903E-09
1708308085
+1.601943E+00,-2.068818E-09
1708308095
+1.601968E+00,-2.172605E-09
1708308106
+1.601930E+00,-1.533960E-09
1708308116
+1.602022E+00,-1.968331E-09
1708308126
+1.601956E+00,-1.838688E-09
1708308136
+1.601966E+00,-2.243457E-09
1708308146
+1.601917E+00,-2.006684E-09
1708308156
+1.601972E+00,-1.882457E-09
1708308167
+1.602033E+00,-1.981248E-09
1708308177
+1.601976E+00,-2.117988E-09
1708308187
+1.601986E+00,-1.590670E-09
1708308198
+1.601959E+00,-1.900381E-09
1708308208
+1.601960E+00,-2.323083E-09
1708308218
+1.601962E+00,-2.288065E-09
1708308228
+1.601958E+00,-2.166758E-09
1708308239
+1.601972E+00,-2.492742E-09
1708308249
+1.601954E+00,-2.251390E-09
1708308259
+1.601903E+00,-1.500205E-09
1708308269
+1.601945E+00,-1.671538E-09
1708308280
+1.601918E+00,-2.055878E-09
1708308290
+1.601964E+00,-1.633177E-09
1708308300
+1.601920E+00,-2.838735E-09
1708308311
+1.601935E+00,-2.191761E-09
1708308321
+1.601963E+00,-2.138004E-09
1708308331
+1.601946E+00,-1.777822E-09
1708308342
+1.601930E+00,-1.950400E-09
1708308352
+1.601933E+00,-1.415618E-09
1708308362
+1.602026E+00,-1.234281E-09
1708308372
+1.601976E+00,-1.365580E-09
1708308383
+1.601971E+00,-1.600672E-09
1708308393
+1.601983E+00,-2.465222E-09
1708308403
+1.601965E+00,-2.305151E-09
1708308414
+1.601987E+00,-1.857041E-09
1708308424
+1.601895E+00,-1.852863E-09
1708308434
+1.601944E+00,-2.018804E-09
1708308445
+1.601941E+00,-1.858704E-09
1708308455
+1.602040E+00,-1.435180E-09
1708308465
+1.601998E+00,-1.702378E-09
1708308476
+1.601979E+00,-1.487276E-09
1708308486
+1.601984E+00,-1.779080E-09
1708308496
+1.602016E+00,-1.958752E-09
1708308506
+1.602024E+00,-1.634017E-09
1708308517
+1.601968E+00,-1.731149E-09
1708308527
+1.602014E+00,-1.991692E-09
1708308537
+1.601964E+00,-2.232614E-09
1708308548
+1.602048E+00,-1.558973E-09
1708308558
+1.602029E+00,-1.625667E-09
1708308568
+1.602010E+00,-2.242204E-09
1708308579
+1.601974E+00,-2.122985E-09
1708308589
+1.602047E+00,-1.842853E-09
1708308599
+1.601996E+00,-2.253875E-09
1708308609
+1.601998E+00,-2.320993E-09
1708308620
+1.602037E+00,-2.614877E-09
1708308630
+1.601941E+00,-2.741187E-09
1708308640
+1.601891E+00,-2.404366E-09
1708308651
+1.601872E+00,-2.828311E-09
1708308661
+1.601894E+00,-2.472323E-09
1708308671
+1.601899E+00,-2.744105E-09
1708308682
+1.601882E+00,-2.964209E-09
1708308692
+1.601945E+00,-2.938781E-09
1708308702
+1.601935E+00,-2.899182E-09
1708308712
+1.602001E+00,-3.008397E-09
1708308723
+1.601898E+00,-2.889604E-09
1708308733
+1.601872E+00,-2.672824E-09
1708308743
+1.601948E+00,-2.956294E-09
1708308754
+1.601896E+00,-2.664484E-09
1708308764
+1.601945E+00,-2.490237E-09
1708308774
+1.601878E+00,-3.425263E-09
1708308785
+1.601930E+00,-3.021322E-09
1708308795
+1.601955E+00,-3.003820E-09
1708308805
+1.601905E+00,-2.104655E-09
1708308815
+1.601990E+00,-2.363513E-09
1708308826
+1.601921E+00,-2.857909E-09
1708308836
+1.601954E+00,-3.400250E-09
1708308846
+1.601976E+00,-2.907516E-09
1708308857
+1.602043E+00,-3.043419E-09
1708308867
+1.602001E+00,-2.041714E-09
1708308877
+1.601947E+00,-2.305588E-09
1708308888
+1.601997E+00,-2.097988E-09
1708308898
+1.601972E+00,-2.934619E-09
1708308908
+1.601992E+00,-3.373987E-09
1708308919
+1.601939E+00,-2.354337E-09
1708308929
+1.601888E+00,-2.662405E-09
1708308939
+1.601940E+00,-2.827061E-09
1708308949
+1.601914E+00,-2.526920E-09
1708308959
+1.601925E+00,-3.119701E-09
1708308970
+1.601918E+00,-2.415201E-09
1708308980
+1.601968E+00,-2.962542E-09
1708308990
+1.601930E+00,-2.878754E-09
1708309001
+1.601978E+00,-2.273882E-09
1708309011
+1.601941E+00,-2.877918E-09
1708309021
+1.601886E+00,-3.872557E-09
1708309032
+1.601936E+00,-3.354394E-09
1708309042
+1.601967E+00,-2.259292E-09
1708309052
+1.601935E+00,-2.529003E-09
1708309062
+1.601904E+00,-2.328501E-09
1708309073
+1.601984E+00,-1.884128E-09
1708309083
+1.601918E+00,-2.276391E-09
1708309093
+1.601955E+00,-1.191334E-09
1708309104
+1.601988E+00,-1.553575E-09
1708309114
+1.602036E+00,-2.356022E-09
1708309124
+1.601997E+00,-2.273471E-09
1708309135
+1.602000E+00,-2.017957E-09
1708309145
+1.601976E+00,-1.649848E-09
1708309155
+1.601966E+00,-1.899962E-09
1708309165
+1.601996E+00,-1.721575E-09
1708309176
+1.601953E+00,-2.097550E-09
1708309186
+1.601900E+00,-1.673616E-09
1708309196
+1.601944E+00,-1.349333E-09
1708309207
+1.601983E+00,-2.066295E-09
1708309217
+1.601952E+00,-1.765746E-09
1708309227
+1.601854E+00,-1.971659E-09
1708309238
+1.601903E+00,-1.438521E-09
1708309248
+1.601945E+00,-2.309748E-09
1708309258
+1.602018E+00,-2.321408E-09
1708309268
+1.601947E+00,-1.974165E-09
1708309279
+1.601994E+00,-1.692799E-09
1708309289
+1.601977E+00,-2.267222E-09
1708309299
+1.602038E+00,-1.971661E-09
1708309310
+1.602017E+00,-2.043366E-09
1708309320
+1.602039E+00,-2.085060E-09
1708309330
+1.601934E+00,-2.040855E-09
1708309341
+1.601929E+00,-2.051277E-09
1708309351
+1.601928E+00,-2.567366E-09
1708309361
+1.601911E+00,-1.245523E-09
1708309372
+1.601963E+00,-2.293891E-09
1708309382
+1.602026E+00,-2.346868E-09
1708309392
+1.602008E+00,-2.593617E-09
1708309402
+1.601969E+00,-1.975841E-09
1708309413
+1.601962E+00,-1.397668E-09
1708309423
+1.601973E+00,-2.025043E-09
1708309433
+1.601942E+00,-1.414346E-09
1708309444
+1.601994E+00,-1.942067E-09
1708309454
+1.601986E+00,-2.139245E-09
1708309464
+1.601966E+00,-2.069624E-09
1708309474
+1.601932E+00,-1.988363E-09
1708309484
+1.601953E+00,-2.246790E-09
1708309495
+1.601997E+00,-1.484352E-09
1708309505
+1.601968E+00,-1.978756E-09
1708309515
+1.601917E+00,-1.890802E-09
1708309526
+1.601926E+00,-1.981250E-09
1708309536
+1.601995E+00,-1.413104E-09
1708309546
+1.602041E+00,-1.481036E-09
1708309557
+1.602025E+00,-2.432291E-09
1708309567
+1.602018E+00,-2.566112E-09
1708309577
+1.602010E+00,-2.037529E-09
1708309587
+1.601992E+00,-2.774546E-09
1708309598
+1.601993E+00,-1.754084E-09
1708309608
+1.601988E+00,-1.621098E-09
1708309618
+1.601996E+00,-1.934981E-09
1708309629
+1.601925E+00,-2.587781E-09
1708309639
+1.601995E+00,-2.274335E-09
1708309649
+1.602029E+00,-1.918328E-09
1708309660
+1.601989E+00,-2.481898E-09
1708309670
+1.601886E+00,-2.727441E-09
1708309680
+1.601903E+00,-2.626979E-09
1708309690
+1.601929E+00,-2.576950E-09
1708309701
+1.601911E+00,-1.224662E-09
1708309711
+1.601906E+00,-1.950001E-09
1708309721
+1.601970E+00,-2.421455E-09
1708309731
+1.602022E+00,-1.883309E-09
1708309742
+1.601959E+00,-2.132176E-09
1708309752
+1.602030E+00,-2.121735E-09
1708309762
+1.602036E+00,-1.440183E-09
1708309772
+1.601999E+00,-2.412282E-09
1708309782
+1.601938E+00,-2.124237E-09
1708309793
+1.601940E+00,-1.655287E-09
1708309803
+1.601914E+00,-1.742411E-09
1708309813
+1.601930E+00,-1.789500E-09
1708309824
+1.601924E+00,-2.600709E-09
1708309834
+1.601960E+00,-2.696582E-09
1708309844
+1.601972E+00,-2.076295E-09
1708309854
+1.601919E+00,-2.397695E-09
1708309865
+1.601886E+00,-2.048809E-09
1708309875
+1.601948E+00,-2.605711E-09
1708309885
+1.601909E+00,-2.641556E-09
1708309896
+1.601897E+00,-2.137567E-09
1708309906
+1.601901E+00,-1.864948E-09
1708309916
+1.601884E+00,-2.089630E-09
1708309926
+1.601949E+00,-2.056287E-09
1708309937
+1.601895E+00,-2.037534E-09
1708309947
+1.601900E+00,-1.912891E-09
1708309957
+1.601907E+00,-2.067982E-09
1708309967
+1.601926E+00,-2.335174E-09
1708309977
+1.601922E+00,-9.837348E-10
1708309987
+1.601935E+00,-2.261376E-09
1708309998
+1.601968E+00,-1.935831E-09
1708310008
+1.601967E+00,-1.609437E-09
1708310018
+1.601949E+00,-1.872047E-09
1708310029
+1.601924E+00,-2.068798E-09
1708310039
+1.601947E+00,-1.804096E-09
1708310049
+1.601943E+00,-1.970406E-09
1708310059
+1.601992E+00,-2.484815E-09
1708310070
+1.601958E+00,-1.915389E-09
1708310080
+1.601975E+00,-1.751555E-09
1708310090
+1.601993E+00,-1.738640E-09
1708310100
+1.601993E+00,-1.902055E-09
1708310111
+1.601912E+00,-1.573606E-09
1708310121
+1.601930E+00,-2.215526E-09
1708310131
+1.601913E+00,-1.561914E-09
1708310142
+1.601915E+00,-2.190525E-09
1708310152
+1.601978E+00,-1.924990E-09
1708310162
+1.601928E+00,-1.664022E-09
1708310172
+1.602012E+00,-1.764927E-09
1708310183
+1.602027E+00,-2.892094E-09
1708310193
+1.602043E+00,-2.235530E-09
1708310203
+1.601987E+00,-2.190101E-09
1708310214
+1.602018E+00,-1.671948E-09
1708310224
+1.601962E+00,-2.557349E-09
1708310234
+1.601945E+00,-2.386435E-09
1708310245
+1.601907E+00,-1.694869E-09
1708310255
+1.601933E+00,-2.449806E-09
1708310265
+1.601980E+00,-1.575640E-09
1708310275
+1.601985E+00,-2.129246E-09
1708310285
+1.601986E+00,-1.734900E-09
1708310296
+1.601961E+00,-2.229694E-09
1708310306
+1.601956E+00,-1.704466E-09
1708310316
+1.602005E+00,-1.751563E-09
1708310327
+1.601955E+00,-2.484405E-09
1708310337
+1.601951E+00,-2.506081E-09
1708310347
+1.602018E+00,-1.656532E-09
1708310358
+1.602017E+00,-1.558575E-09
1708310368
+1.602023E+00,-2.066292E-09
1708310378
+1.602015E+00,-2.259294E-09
1708310388
+1.602026E+00,-2.017113E-09
1708310399
+1.602026E+00,-2.155504E-09
1708310409
+1.601956E+00,-1.829513E-09
1708310419
+1.601973E+00,-1.883708E-09
1708310430
+1.601954E+00,-2.045870E-09
1708310440
+1.601957E+00,-1.546911E-09
1708310450
+1.601968E+00,-1.998758E-09
1708310461
+1.601953E+00,-1.898723E-09
1708310471
+1.601875E+00,-1.559830E-09
1708310481
+1.601911E+00,-2.951711E-09
1708310492
+1.601903E+00,-2.061719E-09
1708310502
+1.601878E+00,-1.863690E-09
1708310512
+1.601918E+00,-2.299736E-09
1708310522
+1.602011E+00,-1.549818E-09
1708310533
+1.601980E+00,-2.413949E-09
1708310543
+1.601934E+00,-1.687371E-09
1708310553
+1.601910E+00,-3.087600E-09
1708310564
+1.601992E+00,-3.037998E-09
1708310574
+1.601999E+00,-2.810803E-09
1708310584
+1.601923E+00,-2.779538E-09
1708310594
+1.601942E+00,-2.378529E-09
1708310604
+1.601938E+00,-2.862495E-09
1708310615
+1.601949E+00,-2.392694E-09
1708310625
+1.601970E+00,-2.438551E-09
1708310635
+1.601890E+00,-2.889182E-09
1708310646
+1.601959E+00,-2.895849E-09
1708310656
+1.601954E+00,-2.169251E-09
1708310666
+1.601994E+00,-2.755365E-09
1708310677
+1.602005E+00,-2.611963E-09
1708310687
+1.601966E+00,-2.955038E-09
1708310697
+1.601997E+00,-2.818723E-09
1708310708
+1.601950E+00,-2.554023E-09
1708310718
+1.601959E+00,-3.165554E-09
1708310728
+1.601964E+00,-3.031323E-09
1708310738
+1.601961E+00,-2.750773E-09
1708310749
+1.601997E+00,-2.074644E-09
1708310759
+1.601997E+00,-2.195105E-09
1708310769
+1.602025E+00,-1.826198E-09
1708310780
+1.602020E+00,-1.838696E-09
1708310790
+1.602022E+00,-2.729097E-09
1708310800
+1.602058E+00,-2.120493E-09
1708310811
+1.602034E+00,-2.656569E-09
1708310821
+1.601959E+00,-2.376855E-09
1708310831
+1.601968E+00,-1.387259E-09
1708310841
+1.601977E+00,-1.828674E-09
1708310852
+1.601960E+00,-2.566115E-09
1708310862
+1.601943E+00,-1.959593E-09
1708310872
+1.601980E+00,-1.902463E-09
1708310882
+1.601970E+00,-1.985003E-09
1708310893
+1.601998E+00,-2.203027E-09
1708310903
+1.601969E+00,-1.918318E-09
1708310913
+1.601987E+00,-1.716988E-09
1708310924
+1.602026E+00,-2.000447E-09
1708310934
+1.601985E+00,-2.403529E-09
1708310944
+1.601976E+00,-1.771173E-09
1708310954
+1.602047E+00,-1.750328E-09
1708310965
+1.602034E+00,-2.145500E-09
1708310975
+1.601964E+00,-1.884137E-09
1708310985
+1.602003E+00,-1.977098E-09
1708310996
+1.602009E+00,-1.771188E-09
1708311006
+1.602001E+00,-2.209690E-09
1708311016
+1.601977E+00,-1.423092E-09
1708311027
+1.601961E+00,-2.689084E-09
1708311037
+1.602013E+00,-1.759904E-09
1708311047
+1.601958E+00,-2.002517E-09
1708311057
+1.601951E+00,-1.699042E-09
1708311068
+1.601936E+00,-2.572785E-09
1708311078
+1.602072E+00,-1.699874E-09
1708311088
+1.601983E+00,-1.541067E-09
1708311098
+1.601974E+00,-1.598179E-09
1708311109
+1.601962E+00,-1.951230E-09
1708311119
+1.601930E+00,-2.095906E-09
1708311129
+1.602003E+00,-1.358915E-09
1708311140
+1.601997E+00,-1.959999E-09
1708311150
+1.602056E+00,-2.629050E-09
1708311160
+1.602056E+00,-2.346016E-09
1708311170
+1.602031E+00,-1.240531E-09
1708311180
+1.602056E+00,-1.912490E-09
1708311190
+1.602059E+00,-2.317652E-09
1708311201
+1.602003E+00,-2.109231E-09
1708311211
+1.601910E+00,-1.947909E-09
1708311221
+1.601991E+00,-1.657386E-09
1708311232
+1.601961E+00,-1.812853E-09
1708311242
+1.601927E+00,-1.745736E-09
1708311252
+1.601875E+00,-1.762415E-09
1708311263
+1.601895E+00,-2.284727E-09
1708311273
+1.601896E+00,-1.699886E-09
1708311283
+1.601968E+00,-1.922893E-09
1708311294
+1.601947E+00,-1.861194E-09
1708311304
+1.601997E+00,-1.699057E-09
1708311314
+1.602001E+00,-1.238446E-09
1708311324
+1.602011E+00,-2.565274E-09
1708311335
+1.602016E+00,-1.926248E-09
1708311345
+1.601975E+00,-1.506451E-09
1708311355
+1.602038E+00,-1.724068E-09
1708311366
+1.601963E+00,-1.958749E-09
1708311376
+1.602001E+00,-2.516914E-09
1708311386
+1.601989E+00,-1.930826E-09
1708311397
+1.601914E+00,-2.105893E-09
1708311407
+1.601951E+00,-2.240132E-09
1708311417
+1.601961E+00,-1.764908E-09
1708311427
+1.601952E+00,-1.370176E-09
1708311438
+1.601937E+00,-1.945833E-09
1708311448
+1.601894E+00,-1.680692E-09
1708311458
+1.601940E+00,-1.655682E-09
1708311469
+1.601943E+00,-1.708212E-09
1708311479
+1.601926E+00,-1.981262E-09
1708311489
+1.601898E+00,-2.102568E-09
1708311500
+1.601952E+00,-1.726144E-09
1708311510
+1.601923E+00,-1.410595E-09
1708311520
+1.601940E+00,-2.205102E-09
1708311530
+1.601934E+00,-1.723232E-09
1708311541
+1.601889E+00,-1.659015E-09
1708311551
+1.601923E+00,-1.773263E-09
1708311561
+1.601974E+00,-1.749063E-09
1708311572
+1.601983E+00,-1.614005E-09
1708311582
+1.602023E+00,-2.105897E-09
1708311592
+1.601936E+00,-1.857872E-09
1708311603
+1.601899E+00,-2.376449E-09
1708311613
+1.601962E+00,-2.586947E-09
1708311623
+1.601941E+00,-1.866213E-09
1708311633
+1.601892E+00,-1.874138E-09
1708311644
+1.601899E+00,-1.538982E-09
1708311654
+1.601921E+00,-2.433548E-09
1708311664
+1.602002E+00,-1.678622E-09
1708311675
+1.602058E+00,-1.869523E-09
1708311685
+1.602027E+00,-2.161340E-09
1708311695
+1.601992E+00,-1.350975E-09
1708311706
+1.602021E+00,-2.611542E-09
1708311716
+1.602010E+00,-1.614414E-09
1708311726
+1.601973E+00,-1.827033E-09
1708311736
+1.601999E+00,-1.717398E-09
1708311747
+1.602026E+00,-1.861628E-09
1708311757
+1.601998E+00,-1.754478E-09
1708311767
+1.602001E+00,-2.413531E-09
1708311777
+1.602009E+00,-1.390161E-09
1708311788
+1.602028E+00,-2.351427E-09
1708311798
+1.601995E+00,-2.361841E-09
1708311808
+1.601966E+00,-2.024191E-09
1708311819
+1.601942E+00,-2.474814E-09
1708311829
+1.601930E+00,-2.050456E-09
1708311839
+1.601937E+00,-1.468966E-09
1708311849
+1.601965E+00,-2.259313E-09
1708311860
+1.602002E+00,-1.932476E-09
1708311870
+1.601970E+00,-2.030454E-09
1708311880
+1.601962E+00,-2.005019E-09
1708311890
+1.601949E+00,-1.845374E-09
1708311901
+1.601960E+00,-1.048364E-09
1708311911
+1.601974E+00,-2.571106E-09
1708311921
+1.601944E+00,-2.278052E-09
1708311932
+1.602001E+00,-2.664900E-09
1708311942
+1.601929E+00,-1.887052E-09
1708311952
+1.601961E+00,-2.327246E-09
1708311963
+1.601961E+00,-1.955006E-09
1708311973
+1.602007E+00,-2.385188E-09
1708311983
+1.602067E+00,-1.723223E-09
1708311993
+1.601970E+00,-2.236803E-09
1708312004
+1.601941E+00,-2.128403E-09
1708312014
+1.601978E+00,-1.339319E-09
1708312024
+1.601972E+00,-1.762418E-09
1708312034
+1.601993E+00,-1.701138E-09
1708312045
+1.602020E+00,-2.087138E-09
1708312055
+1.601959E+00,-2.515257E-09
1708312065
+1.601933E+00,-1.997931E-09
1708312075
+1.601941E+00,-1.968776E-09
1708312086
+1.601922E+00,-1.997928E-09
1708312096
+1.601982E+00,-1.716973E-09
1708312106
+1.601937E+00,-1.919559E-09
1708312116
+1.601954E+00,-1.852440E-09
1708312127
+1.601961E+00,-1.795345E-09
1708312137
+1.601921E+00,-2.532764E-09
1708312147
+1.601974E+00,-1.387673E-09
1708312157
+1.601986E+00,-2.084632E-09
1708312167
+1.601997E+00,-2.233035E-09
1708312178
+1.602027E+00,-1.822446E-09
1708312188
+1.601940E+00,-1.438091E-09
1708312198
+1.601997E+00,-1.503143E-09
1708312209
+1.602041E+00,-2.243453E-09
1708312219
+1.602040E+00,-2.551526E-09
1708312229
+1.601956E+00,-1.890788E-09
1708312239
+1.601932E+00,-2.217201E-09
1708312249
+1.601921E+00,-2.437293E-09
1708312260
+1.601937E+00,-1.766584E-09
1708312270
+1.601911E+00,-2.224699E-09
1708312280
+1.601994E+00,-1.882458E-09
1708312291
+1.601980E+00,-2.005437E-09
1708312301
+1.601962E+00,-2.076725E-09
1708312311
+1.601973E+00,-1.368913E-09
1708312322
+1.601949E+00,-2.877503E-09
1708312332
+1.601987E+00,-2.083803E-09
1708312342
+1.601989E+00,-1.615258E-09
1708312352
+1.602022E+00,-1.309300E-09
1708312362
+1.602001E+00,-1.852852E-09
1708312373
+1.602006E+00,-1.857026E-09
1708312383
+1.601933E+00,-2.160925E-09
1708312393
+1.601957E+00,-1.714889E-09
1708312403
+1.601959E+00,-2.725764E-09
1708312413
+1.601994E+00,-2.436052E-09
1708312423
+1.602031E+00,-2.232624E-09
1708312434
+1.602018E+00,-2.245124E-09
1708312444
+1.602008E+00,-1.824941E-09
1708312454
+1.602040E+00,-2.236798E-09
1708312465
+1.602006E+00,-2.306408E-09
1708312475
+1.601950E+00,-2.148426E-09
1708312485
+1.601997E+00,-2.224697E-09
1708312495
+1.601988E+00,-1.885377E-09
1708312505
+1.602047E+00,-1.660267E-09
1708312516
+1.601978E+00,-2.128822E-09
1708312526
+1.601936E+00,-1.692368E-09
1708312536
+1.602019E+00,-1.504823E-09
1708312546
+1.602043E+00,-1.752004E-09
1708312557
+1.602044E+00,-2.273882E-09
1708312567
+1.602062E+00,-1.705745E-09
1708312577
+1.602035E+00,-2.497747E-09
1708312587
+1.602078E+00,-2.083386E-09
1708312597
+1.602017E+00,-2.194261E-09
1708312608
+1.602050E+00,-1.445588E-09
1708312618
+1.601999E+00,-1.187580E-09
1708312628
+1.602039E+00,-2.432709E-09
1708312639
+1.602050E+00,-1.341405E-09
1708312649
+1.602080E+00,-1.828700E-09
1708312659
+1.602024E+00,-2.023776E-09
1708312669
+1.602023E+00,-2.407705E-09
1708312679
+1.602029E+00,-1.750744E-09
1708312690
+1.602025E+00,-2.654487E-09
1708312700
+1.602004E+00,-1.704455E-09
1708312710
+1.602028E+00,-2.323491E-09
1708312720
+1.602006E+00,-2.355197E-09
1708312730
+1.602015E+00,-1.505204E-09
1708312740
+1.601978E+00,-1.446431E-09
1708312751
+1.601972E+00,-2.174265E-09
1708312761
+1.601934E+00,-1.874122E-09
1708312771
+1.601931E+00,-2.237204E-09
1708312781
+1.601994E+00,-2.138405E-09
1708312792
+1.601990E+00,-1.661547E-09
1708312802
+1.602019E+00,-2.002504E-09
1708312812
+1.601995E+00,-1.948746E-09
1708312823
+1.602052E+00,-1.638180E-09
1708312833
+1.601978E+00,-2.062960E-09
1708312843
+1.601998E+00,-1.891210E-09
1708312853
+1.602003E+00,-1.249687E-09
1708312863
+1.602008E+00,-1.445165E-09
1708312874
+1.601983E+00,-2.031278E-09
1708312884
+1.602084E+00,-1.487703E-09
1708312894
+1.602006E+00,-1.586532E-09
1708312904
+1.602020E+00,-2.503160E-09
1708312915
+1.601988E+00,-1.844114E-09
1708312925
+1.602008E+00,-2.169257E-09
1708312935
+1.601949E+00,-2.302652E-09
1708312945
+1.601955E+00,-1.866624E-09
1708312956
+1.601953E+00,-1.591505E-09
1708312966
+1.601916E+00,-1.791174E-09
1708312976
+1.601931E+00,-1.724057E-09
1708312986
+1.601966E+00,-2.094216E-09
1708312996
+1.601974E+00,-2.427716E-09
1708313006
+1.601991E+00,-1.929977E-09
1708313017
+1.601910E+00,-1.610264E-09
1708313027
+1.601940E+00,-1.506875E-09
1708313037
+1.601902E+00,-1.528552E-09
1708313047
+1.601908E+00,-2.345598E-09
1708313057
+1.601977E+00,-2.163003E-09
1708313068
+1.601981E+00,-2.182185E-09
1708313078
+1.601998E+00,-1.816177E-09
1708313088
+1.602012E+00,-1.697789E-09
1708313099
+1.601969E+00,-1.510219E-09
1708313109
+1.601991E+00,-1.862865E-09
1708313119
+1.601968E+00,-1.831614E-09
1708313129
+1.602012E+00,-1.705713E-09
1708313139
+1.602050E+00,-1.809087E-09
1708313149
+1.602021E+00,-1.915393E-09
1708313160
+1.601958E+00,-2.173844E-09
1708313170
+1.602033E+00,-1.833284E-09
1708313180
+1.602026E+00,-2.346017E-09
1708313191
+1.602013E+00,-2.061704E-09
1708313201
+1.601978E+00,-2.202602E-09
1708313211
+1.601961E+00,-2.077555E-09
1708313222
+1.601983E+00,-1.964995E-09
1708313232
+1.602027E+00,-1.796591E-09
1708313242
+1.601964E+00,-2.283887E-09
1708313252
+1.601937E+00,-2.467327E-09
1708313263
+1.601974E+00,-2.318072E-09
1708313273
+1.601948E+00,-2.051280E-09
1708313283
+1.601960E+00,-2.143417E-09
1708313294
+1.601949E+00,-2.332244E-09
1708313304
+1.601989E+00,-1.518542E-09
1708313314
+1.601952E+00,-1.797844E-09
1708313325
+1.602011E+00,-2.005851E-09
1708313335
+1.601948E+00,-9.849819E-10
1708313345
+1.601881E+00,-2.566524E-09
1708313355
+1.601951E+00,-1.686545E-09
1708313366
+1.601916E+00,-1.949996E-09
1708313376
+1.601888E+00,-1.838279E-09
1708313386
+1.601905E+00,-1.350972E-09
1708313397
+1.601921E+00,-2.244291E-09
1708313407
+1.601927E+00,-2.201351E-09
1708313417
+1.601920E+00,-2.448989E-09
1708313427
+1.601970E+00,-2.045447E-09
1708313437
+1.601945E+00,-1.877031E-09
1708313448
+1.601986E+00,-2.356421E-09
1708313458
+1.601975E+00,-1.403904E-09
1708313468
+1.601993E+00,-1.906637E-09
1708313478
+1.601967E+00,-2.027518E-09
1708313489
+1.602043E+00,-1.574426E-09
1708313499
+1.602014E+00,-2.398107E-09
1708313509
+1.601995E+00,-2.269296E-09
1708313519
+1.602010E+00,-1.445182E-09
1708313530
+1.602002E+00,-1.668203E-09
1708313540
+1.601959E+00,-1.941244E-09
1708313550
+1.602007E+00,-1.958323E-09
1708313561
+1.602025E+00,-1.460606E-09
1708313571
+1.602016E+00,-1.971261E-09
1708313581
+1.601981E+00,-2.157591E-09
1708313591
+1.601937E+00,-1.736569E-09
1708313601
+1.601971E+00,-2.179258E-09
1708313612
+1.602007E+00,-2.331418E-09
1708313622
+1.601956E+00,-1.912059E-09
1708313632
+1.602043E+00,-1.761573E-09
1708313642
+1.601918E+00,-2.073376E-09
1708313653
+1.601938E+00,-1.719055E-09
1708313663
+1.601953E+00,-1.245516E-09
1708313673
+1.601951E+00,-1.690720E-09
1708313683
+1.601939E+00,-1.675695E-09
1708313694
+1.601981E+00,-1.792828E-09
1708313704
+1.602081E+00,-2.014608E-09
1708313714
+1.602046E+00,-1.552731E-09
1708313724
+1.602045E+00,-1.923731E-09
1708313734
+1.601947E+00,-2.626975E-09
1708313745
+1.601921E+00,-1.625691E-09
1708313755
+1.601951E+00,-2.481068E-09
1708313765
+1.601981E+00,-2.185096E-09
1708313775
+1.602040E+00,-1.916214E-09
1708313785
+1.601981E+00,-1.899965E-09
1708313795
+1.601929E+00,-2.386440E-09
1708313806
+1.601945E+00,-2.410208E-09
1708313816
+1.601952E+00,-1.552722E-09
1708313826
+1.601900E+00,-2.140906E-09
1708313837
+1.601873E+00,-2.197617E-09
1708313847
+1.601900E+00,-2.554443E-09
1708313857
+1.601970E+00,-2.353091E-09
1708313867
+1.601944E+00,-1.659454E-09
1708313878
+1.601916E+00,-1.814525E-09
1708313888
+1.601953E+00,-2.437726E-09
1708313898
+1.601987E+00,-1.815335E-09
1708313909
+1.602004E+00,-2.574027E-09
1708313919
+1.602044E+00,-2.432707E-09
1708313929
+1.601977E+00,-2.625300E-09
1708313939
+1.601983E+00,-2.990474E-09
1708313950
+1.601982E+00,-3.134710E-09
1708313960
+1.601921E+00,-3.078017E-09
