1707447541
-3.433606E-01,-4.476791E-08
1707447544
-3.229517E-01,-4.137088E-08
1707447547
-3.025101E-01,-4.071223E-08
1707447549
-2.820103E-01,-4.069264E-08
1707447552
-2.614869E-01,-4.020448E-08
1707447554
-2.442586E-01,-3.822230E-08
1707447557
-2.238121E-01,-3.766913E-08
1707447560
-2.033055E-01,-3.768039E-08
1707447562
-1.828381E-01,-3.649607E-08
1707447565
-1.623457E-01,-3.692170E-08
1707447567
-1.418967E-01,-3.669992E-08
1707447570
-1.213984E-01,-3.578782E-08
1707447573
-1.042876E-01,-3.624598E-08
1707447575
-8.379761E-02,-3.496744E-08
1707447578
-6.327683E-02,-3.372100E-08
1707447580
-4.282364E-02,-3.341420E-08
1707447583
-2.220359E-02,-3.332123E-08
1707447585
-1.710122E-03,-3.254504E-08
1707447588
+9.655184E-03,-3.490617E-08
1707447591
+3.007304E-02,-3.390903E-08
1707447593
+5.047758E-02,-3.275183E-08
1707447596
+7.093381E-02,-3.131030E-08
1707447598
+9.135751E-02,-3.064874E-08
1707447601
+1.083651E-01,-3.186599E-08
1707447604
+1.289080E-01,-3.051158E-08
1707447606
+1.493867E-01,-3.004261E-08
1707447609
+1.698438E-01,-3.056870E-08
1707447611
+1.904860E-01,-3.013141E-08
1707447614
+2.110315E-01,-2.928808E-08
1707447617
+2.315653E-01,-2.886789E-08
1707447619
+2.486996E-01,-2.917303E-08
1707447622
+2.692066E-01,-2.857732E-08
1707447624
+2.896821E-01,-2.764980E-08
1707447627
+3.101817E-01,-2.682565E-08
1707447630
+3.306680E-01,-2.656137E-08
1707447632
+3.511826E-01,-2.650175E-08
1707447635
+3.716714E-01,-2.573556E-08
1707447637
+3.921125E-01,-2.533494E-08
1707447640
+4.091310E-01,-2.544792E-08
1707447642
+4.296614E-01,-2.461668E-08
1707447645
+4.501712E-01,-2.430112E-08
1707447648
+4.706834E-01,-2.386884E-08
1707447650
+4.911404E-01,-2.326896E-08
1707447653
+5.117167E-01,-2.235018E-08
1707447655
+5.321813E-01,-2.254153E-08
1707447658
+5.492055E-01,-2.199335E-08
1707447661
+5.697019E-01,-2.150812E-08
1707447663
+5.901605E-01,-2.185370E-08
1707447666
+6.106019E-01,-2.115128E-08
1707447668
+6.311975E-01,-1.967808E-08
1707447671
+6.517199E-01,-2.000533E-08
1707447674
+6.721584E-01,-1.928873E-08
1707447676
+6.892243E-01,-1.894231E-08
1707447679
+7.096955E-01,-1.805939E-08
1707447681
+7.302377E-01,-1.817527E-08
1707447684
+7.507540E-01,-1.740824E-08
1707447686
+7.712311E-01,-1.648738E-08
1707447689
+7.917576E-01,-1.578955E-08
1707447692
+8.122371E-01,-1.420087E-08
1707447694
+8.292306E-01,-1.422463E-08
1707447697
+8.497652E-01,-1.172134E-08
1707447699
+8.701798E-01,-8.721988E-09
1707447702
+8.906561E-01,-6.510508E-09
1707447705
+9.111917E-01,-4.164382E-09
1707447707
+9.316471E-01,-1.601519E-09
1707447710
+9.521703E-01,+1.165443E-09
1707447712
+9.692684E-01,+6.859694E-09
1707447715
+9.897808E-01,+1.827113E-08
1707447718
+1.010204E+00,+3.174292E-08
1707447720
+1.030652E+00,+4.992193E-08
1707447723
+1.051068E+00,+7.087615E-08
1707447725
+1.071770E+00,+9.502161E-08
1707447728
+1.092339E+00,+1.230740E-07
1707447730
+1.109439E+00,+1.484616E-07
1707447733
+1.129934E+00,+1.810340E-07
1707447736
+1.150410E+00,+2.180123E-07
1707447738
+1.171027E+00,+2.569597E-07
1707447741
+1.191476E+00,+2.999794E-07
1707447743
+1.212027E+00,+3.455830E-07
1707447746
+1.232536E+00,+3.953677E-07
1707447749
+1.249615E+00,+4.410432E-07
1707447751
+1.270128E+00,+5.007534E-07
1707447754
+1.290550E+00,+5.656153E-07
1707447756
+1.311034E+00,+6.386705E-07
1707447759
+1.331524E+00,+7.208755E-07
1707447762
+1.352014E+00,+8.107274E-07
1707447764
+1.372501E+00,+9.049707E-07
1707447767
+1.393072E+00,+9.904235E-07
1707447769
+1.410126E+00,+1.057785E-06
1707447772
+1.430606E+00,+1.126950E-06
1707447774
+1.451061E+00,+1.189061E-06
1707447777
+1.471551E+00,+1.229373E-06
1707447780
+1.492135E+00,+1.254063E-06
1707447782
+1.512667E+00,+1.277417E-06
1707447785
+1.533119E+00,+1.300327E-06
1707447787
+1.550264E+00,+1.319725E-06
1707447790
+1.570816E+00,+1.343168E-06
1707447793
+1.591278E+00,+1.367262E-06
1707447795
+1.611821E+00,+1.390586E-06
1707447798
+1.632277E+00,+1.413840E-06
