1706091432
+2.115071E-03,-1.067708E-08
1706091437
+2.089215E-03,-9.974333E-09
1706091442
+2.099223E-03,-1.088215E-08
1706091448
+2.161769E-03,-1.149820E-08
1706091453
+2.177612E-03,-1.094801E-08
1706091458
+2.142588E-03,-1.050869E-08
1706091463
+2.180946E-03,-1.079378E-08
1706091469
+2.225148E-03,-1.071543E-08
1706091474
+2.190954E-03,-1.125811E-08
1706091479
+2.190956E-03,-1.060914E-08
1706091485
+2.211804E-03,-1.099636E-08
1706091490
+2.201797E-03,-1.165200E-08
1706091495
+2.261842E-03,-1.138149E-08
1706091500
+2.135083E-03,-1.109431E-08
1706091506
+2.120074E-03,-1.111682E-08
1706091511
+2.139254E-03,-1.130813E-08
1706091516
+2.193459E-03,-1.214717E-08
1706091522
+2.131749E-03,-1.132481E-08
1706091527
+2.228483E-03,-1.087173E-08
1706091532
+2.179280E-03,-1.180414E-08
1706091537
+2.191792E-03,-1.166742E-08
1706091543
+2.096726E-03,-1.137816E-08
1706091548
+2.127581E-03,-1.093926E-08
1706091553
+2.208472E-03,-1.141817E-08
1706091558
+2.124246E-03,-1.160449E-08
1706091564
+2.246834E-03,-1.145527E-08
1706091569
+2.200967E-03,-1.126687E-08
1706091574
+2.229320E-03,-1.170952E-08
1706091579
+2.211807E-03,-1.189709E-08
1706091585
+2.079217E-03,-1.138316E-08
1706091590
+2.127584E-03,-1.175829E-08
1706091595
+2.212642E-03,-1.267986E-08
1706091600
+2.218477E-03,-1.200921E-08
1706091606
+2.153431E-03,-1.333592E-08
1706091611
+2.095055E-03,-1.232432E-08
1706091616
+2.161772E-03,-1.283575E-08
1706091621
+2.235158E-03,-1.176538E-08
1706091627
+2.214306E-03,-1.182956E-08
1706091632
+2.262675E-03,-1.278406E-08
1706091637
+2.240158E-03,-1.284450E-08
1706091642
+2.151762E-03,-1.246728E-08
1706091648
+2.138420E-03,-1.254106E-08
1706091653
+2.165941E-03,-1.222554E-08
1706091658
+2.100059E-03,-1.168993E-08
1706091664
+2.175946E-03,-1.145652E-08
1706091669
+2.200129E-03,-1.157823E-08
1706091674
+2.133416E-03,-1.126103E-08
1706091679
+2.152597E-03,-1.303832E-08
1706091685
+2.142590E-03,-1.227805E-08
1706091690
+2.202633E-03,-1.208965E-08
1706091695
+2.251001E-03,-1.204922E-08
1706091701
+2.080044E-03,-1.161199E-08
1706091706
+2.170110E-03,-1.235183E-08
1706091711
+2.138422E-03,-1.202422E-08
1706091716
+2.151762E-03,-1.211883E-08
1706091721
+2.201798E-03,-1.242185E-08
1706091726
+2.216811E-03,-1.249980E-08
1706091732
+2.221815E-03,-1.242102E-08
1706091737
+2.198468E-03,-1.213134E-08
1706091742
+2.222648E-03,-1.264485E-08
1706091748
+2.174281E-03,-1.271321E-08
1706091753
+2.128415E-03,-1.162741E-08
1706091758
+2.120909E-03,-1.234849E-08
1706091763
+2.099232E-03,-1.269904E-08
1706091769
+2.171778E-03,-1.220886E-08
1706091774
+2.140095E-03,-1.229265E-08
1706091779
+2.160942E-03,-1.212009E-08
1706091784
+2.150935E-03,-1.323881E-08
1706091790
+2.134254E-03,-1.232182E-08
1706091795
+2.087554E-03,-1.387278E-08
1706091800
+2.155937E-03,-1.292787E-08
1706091806
+2.194298E-03,-1.254023E-08
1706091811
+2.145930E-03,-1.282241E-08
1706091816
+2.060871E-03,-1.281574E-08
1706091821
+2.136760E-03,-1.229723E-08
1706091827
+2.155103E-03,-1.185333E-08
1706091832
+2.095895E-03,-1.209049E-08
1706091837
+2.144264E-03,-1.313544E-08
1706091843
+2.150932E-03,-1.230848E-08
1706091848
+2.166778E-03,-1.278323E-08
1706091853
+2.243497E-03,-1.236642E-08
1706091858
+2.271853E-03,-1.284034E-08
1706091864
+2.220981E-03,-1.260192E-08
1706091869
+2.124251E-03,-1.355267E-08
1706091874
+2.271017E-03,-1.316712E-08
1706091880
+2.179288E-03,-1.340970E-08
1706091885
+2.262680E-03,-1.256774E-08
1706091890
+2.229322E-03,-1.225347E-08
1706091895
+2.226821E-03,-1.366938E-08
1706091901
+2.194296E-03,-1.273655E-08
1706091906
+2.138425E-03,-1.287285E-08
1706091911
+2.126747E-03,-1.437378E-08
1706091916
+2.179285E-03,-1.330383E-08
1706091922
+2.189296E-03,-1.328716E-08
1706091927
+2.227656E-03,-1.300831E-08
1706091932
+2.182628E-03,-1.319296E-08
1706091938
+2.188465E-03,-1.385986E-08
1706091943
+2.101738E-03,-1.299165E-08
1706091948
+2.216824E-03,-1.388071E-08
1706091953
+2.164282E-03,-1.363979E-08
1706091959
+2.140929E-03,-1.272238E-08
1706091964
+2.144265E-03,-1.303041E-08
1706091969
+2.182628E-03,-1.258359E-08
1706091975
+2.115914E-03,-1.266361E-08
1706091980
+2.124252E-03,-1.339470E-08
1706091985
+2.135093E-03,-1.272363E-08
1706091990
+2.128424E-03,-1.343847E-08
1706091996
+2.077552E-03,-1.259192E-08
1706092001
+2.043359E-03,-1.255399E-08
1706092006
+2.170116E-03,-1.295705E-08
1706092012
+2.197637E-03,-1.312627E-08
1706092017
+2.186791E-03,-1.253356E-08
1706092022
+2.174284E-03,-1.278365E-08
1706092027
+2.214308E-03,-1.355683E-08
1706092033
+2.231827E-03,-1.315128E-08
1706092038
+2.224320E-03,-1.327549E-08
1706092043
+2.119246E-03,-1.269946E-08
1706092048
+2.058370E-03,-1.308584E-08
1706092054
+2.074214E-03,-1.290203E-08
1706092059
+2.052533E-03,-1.307334E-08
1706092064
+2.050865E-03,-1.253106E-08
1706092069
+2.042527E-03,-1.245771E-08
1706092075
+2.146767E-03,-1.315211E-08
1706092080
+2.142600E-03,-1.215552E-08
1706092085
+2.046695E-03,-1.250272E-08
1706092090
+2.169283E-03,-1.332051E-08
1706092096
+2.163446E-03,-1.290245E-08
1706092101
+2.189297E-03,-1.294204E-08
1706092106
+2.124250E-03,-1.260984E-08
1706092111
+2.143433E-03,-1.289203E-08
1706092117
+2.157605E-03,-1.237267E-08
1706092122
+2.249341E-03,-1.285951E-08
1706092127
+2.155106E-03,-1.352849E-08
1706092132
+2.153438E-03,-1.449050E-08
1706092138
+2.125083E-03,-1.450633E-08
1706092143
+2.199308E-03,-1.309335E-08
1706092148
+2.202639E-03,-1.464972E-08
1706092154
+2.144264E-03,-1.323422E-08
1706092159
+2.239330E-03,-1.408494E-08
1706092164
+2.186794E-03,-1.426917E-08
1706092169
+2.165946E-03,-1.361269E-08
1706092175
+2.192630E-03,-1.367771E-08
1706092180
+2.226820E-03,-1.352933E-08
1706092185
+2.134254E-03,-1.317962E-08
1706092191
+2.140096E-03,-1.338511E-08
1706092196
+2.131758E-03,-1.388612E-08
1706092201
+2.153438E-03,-1.388862E-08
1706092206
+2.120916E-03,-1.347556E-08
1706092212
+2.134257E-03,-1.393655E-08
1706092217
+2.169280E-03,-1.395906E-08
1706092222
+2.122581E-03,-1.418080E-08
1706092227
+2.152603E-03,-1.408160E-08
1706092233
+2.120911E-03,-1.400240E-08
1706092238
+2.098397E-03,-1.553377E-08
1706092243
+2.080050E-03,-1.431210E-08
1706092249
+2.077551E-03,-1.503694E-08
1706092254
+2.130920E-03,-1.390821E-08
1706092259
+2.032519E-03,-1.463179E-08
1706092264
+2.130924E-03,-1.521867E-08
1706092270
+2.060042E-03,-1.423166E-08
1706092275
+2.108404E-03,-1.428375E-08
1706092280
+2.160110E-03,-1.392113E-08
1706092286
+2.230993E-03,-1.385194E-08
1706092291
+2.163443E-03,-1.501317E-08
1706092296
+2.107573E-03,-1.321547E-08
1706092301
+2.054198E-03,-1.365270E-08
1706092307
+2.146764E-03,-1.414329E-08
1706092312
+2.200969E-03,-1.476309E-08
1706092317
+2.195133E-03,-1.588014E-08
1706092323
+2.064208E-03,-1.476309E-08
1706092328
+2.055871E-03,-1.407660E-08
1706092333
+2.155112E-03,-1.495025E-08
1706092338
+2.104240E-03,-1.484187E-08
1706092343
+2.078387E-03,-1.435962E-08
1706092349
+2.175122E-03,-1.461221E-08
1706092354
+2.140099E-03,-1.507529E-08
1706092359
+2.181795E-03,-1.451676E-08
1706092365
+2.160111E-03,-1.616233E-08
1706092370
+2.199312E-03,-1.500360E-08
1706092375
+2.155946E-03,-1.482854E-08
1706092380
+2.212650E-03,-1.455302E-08
1706092385
+2.180125E-03,-1.470599E-08
1706092391
+2.142603E-03,-1.491565E-08
1706092396
+2.105911E-03,-1.519950E-08
1706092401
+2.105910E-03,-1.527244E-08
1706092406
+1.984993E-03,-1.512531E-08
1706092412
+1.962474E-03,-1.560172E-08
1706092417
+2.118419E-03,-1.562965E-08
1706092422
+2.046698E-03,-1.489022E-08
1706092428
+2.050871E-03,-1.558922E-08
1706092433
+2.056711E-03,-1.593976E-08
1706092438
+2.045033E-03,-1.634865E-08
1706092443
+2.081727E-03,-1.558005E-08
1706092449
+2.097569E-03,-1.533871E-08
1706092454
+2.111750E-03,-1.508530E-08
1706092459
+2.074223E-03,-1.566466E-08
1706092465
+2.130095E-03,-1.567300E-08
1706092470
+2.096742E-03,-1.563132E-08
1706092475
+2.185970E-03,-1.581222E-08
1706092480
+2.127592E-03,-1.636866E-08
1706092486
+2.118421E-03,-1.597644E-08
1706092491
+2.146774E-03,-1.655873E-08
1706092496
+2.165954E-03,-1.628571E-08
1706092501
+2.135098E-03,-1.656414E-08
1706092507
+2.056710E-03,-1.693844E-08
1706092512
+2.163452E-03,-1.600228E-08
1706092517
+2.120089E-03,-1.634532E-08
1706092522
+2.123424E-03,-1.633115E-08
1706092528
+2.115920E-03,-1.509613E-08
1706092533
+2.212656E-03,-1.665001E-08
1706092538
+2.161784E-03,-1.624028E-08
1706092543
+2.144274E-03,-1.545209E-08
1706092549
+2.090902E-03,-1.679089E-08
1706092554
+2.170961E-03,-1.662125E-08
1706092559
+2.140104E-03,-1.710475E-08
1706092565
+2.084234E-03,-1.650913E-08
1706092570
+2.048376E-03,-1.665585E-08
1706092575
+2.039203E-03,-1.723772E-08
1706092580
+2.087572E-03,-1.701223E-08
1706092585
+2.125933E-03,-1.640993E-08
1706092591
+2.097575E-03,-1.599895E-08
1706092596
+2.079229E-03,-1.576220E-08
1706092601
+2.105083E-03,-1.699597E-08
1706092607
+2.111752E-03,-1.702848E-08
1706092612
+2.150111E-03,-1.637366E-08
1706092617
+2.141770E-03,-1.628947E-08
1706092622
+2.188475E-03,-1.650121E-08
1706092628
+2.181801E-03,-1.634741E-08
1706092633
+2.058381E-03,-1.653456E-08
1706092638
+2.151780E-03,-1.643660E-08
1706092644
+2.061714E-03,-1.717478E-08
1706092649
+2.184299E-03,-1.706849E-08
1706092654
+2.183464E-03,-1.754573E-08
1706092659
+2.229328E-03,-1.698679E-08
1706092665
+2.109246E-03,-1.576136E-08
1706092670
+2.055045E-03,-1.767912E-08
1706092675
+2.067550E-03,-1.664167E-08
1706092681
+2.088399E-03,-1.622694E-08
1706092686
+2.146774E-03,-1.687175E-08
1706092691
+2.077558E-03,-1.624028E-08
1706092696
+2.109244E-03,-1.636907E-08
1706092701
+2.021685E-03,-1.588849E-08
1706092707
+2.140099E-03,-1.634281E-08
1706092712
+2.164284E-03,-1.535080E-08
1706092717
+2.030859E-03,-1.670294E-08
1706092722
+2.032529E-03,-1.615150E-08
1706092728
+2.018349E-03,-1.632031E-08
1706092733
+2.052540E-03,-1.532204E-08
1706092738
+2.087564E-03,-1.611732E-08
1706092743
+2.125090E-03,-1.791419E-08
1706092749
+2.149274E-03,-1.612274E-08
1706092754
+2.236001E-03,-1.681506E-08
1706092759
+2.070052E-03,-1.652038E-08
1706092764
+2.151782E-03,-1.642243E-08
1706092770
+2.095076E-03,-1.638159E-08
1706092775
+2.099241E-03,-1.651913E-08
1706092780
+2.161784E-03,-1.806842E-08
1706092785
+2.119254E-03,-1.796796E-08
1706092791
+2.163450E-03,-1.754740E-08
1706092796
+2.128428E-03,-1.684341E-08
1706092801
+2.131764E-03,-1.864320E-08
1706092806
+2.121758E-03,-1.714935E-08
1706092812
+2.120919E-03,-1.744570E-08
1706092817
+2.124257E-03,-1.717102E-08
1706092822
+2.072552E-03,-1.649953E-08
1706092828
+2.143436E-03,-1.802548E-08
1706092833
+2.138430E-03,-1.849231E-08
1706092838
+2.188470E-03,-1.701972E-08
1706092843
+2.146771E-03,-1.665292E-08
1706092848
+2.186799E-03,-1.651162E-08
1706092854
+2.136764E-03,-1.778540E-08
1706092859
+2.198476E-03,-1.559547E-08
1706092864
+2.143436E-03,-1.770079E-08
1706092870
+2.142602E-03,-1.740110E-08
1706092875
+2.165115E-03,-1.691509E-08
1706092880
+2.195135E-03,-1.645910E-08
1706092885
+2.240170E-03,-1.692885E-08
1706092891
+2.124254E-03,-1.636490E-08
1706092896
+2.118415E-03,-1.702971E-08
1706092901
+2.210981E-03,-1.839769E-08
1706092907
+2.163446E-03,-1.773162E-08
1706092912
+2.126752E-03,-1.773454E-08
1706092917
+2.101736E-03,-1.762575E-08
1706092922
+2.185960E-03,-1.836267E-08
1706092928
+2.154271E-03,-1.781832E-08
1706092933
+2.206807E-03,-1.760491E-08
1706092938
+2.170952E-03,-1.682631E-08
1706092943
+2.088392E-03,-1.715225E-08
1706092949
+2.078386E-03,-1.792586E-08
1706092954
+2.149271E-03,-1.756532E-08
1706092959
+2.188469E-03,-1.774289E-08
1706092964
+2.147608E-03,-1.885161E-08
1706092970
+2.082559E-03,-1.760158E-08
1706092975
+2.070883E-03,-1.598102E-08
1706092980
+2.057539E-03,-1.772412E-08
1706092985
+2.104238E-03,-1.698470E-08
1706092991
+2.016680E-03,-1.627029E-08
1706092996
+2.072552E-03,-1.842646E-08
1706093001
+2.082556E-03,-1.782499E-08
1706093007
+2.220986E-03,-1.738483E-08
1706093012
+2.166785E-03,-1.680089E-08
1706093017
+2.167616E-03,-1.840811E-08
1706093022
+2.219320E-03,-1.800630E-08
1706093028
+2.169283E-03,-1.899248E-08
1706093033
+2.120081E-03,-1.869362E-08
1706093038
+2.123415E-03,-1.865069E-08
1706093044
+2.055871E-03,-1.850606E-08
