1704861427
+8.858189E-04,-9.575396E-09
1704861437
+8.699746E-04,-9.895921E-09
1704861447
+8.908199E-04,-9.928431E-09
1704861458
+9.033337E-04,-9.468279E-09
1704861468
+9.617044E-04,-9.600404E-09
1704861478
+9.617069E-04,-9.741704E-09
1704861489
+9.925658E-04,-9.439522E-09
1704861499
+9.000009E-04,-1.012809E-08
1704861509
+9.175134E-04,-1.017561E-08
1704861519
+9.050065E-04,-1.006974E-08
1704861530
+8.432966E-04,-9.987627E-09
1704861540
+8.374580E-04,-1.025397E-08
1704861550
+8.933318E-04,-1.007516E-08
1704861561
+9.258551E-04,-9.855082E-09
1704861571
+8.591434E-04,-1.039027E-08
1704861581
+9.375340E-04,-9.770474E-09
1704861592
+8.891667E-04,-1.039694E-08
1704861602
+9.241920E-04,-9.788814E-09
1704861612
+8.207849E-04,-9.491628E-09
1704861622
+8.032715E-04,-9.471620E-09
1704861633
+8.199508E-04,-1.004265E-08
1704861643
+8.391327E-04,-9.594999E-09
1704861653
+9.191899E-04,-9.657938E-09
1704861664
+8.491458E-04,-9.552489E-09
1704861674
+7.765958E-04,-1.003307E-08
1704861684
+7.916011E-04,-1.098297E-08
1704861694
+8.499775E-04,-1.054783E-08
1704861705
+8.199544E-04,-9.854672E-09
1704861715
+7.765924E-04,-1.040153E-08
1704861725
+8.683213E-04,-1.034609E-08
1704861736
+9.300316E-04,-1.044321E-08
1704861746
+8.316270E-04,-9.929279E-09
1704861756
+9.258647E-04,-1.121222E-08
1704861766
+8.741586E-04,-1.022438E-08
1704861777
+8.466388E-04,-1.031108E-08
1704861787
+8.608132E-04,-9.883846E-09
1704861797
+8.224490E-04,-1.052489E-08
1704861808
+7.432316E-04,-9.933446E-09
1704861818
+7.474028E-04,-1.021813E-08
1704861828
+8.016075E-04,-1.048697E-08
1704861838
+8.891672E-04,-1.011017E-08
1704861849
+8.366293E-04,-1.035901E-08
1704861859
+8.808255E-04,-1.050322E-08
1704861869
+9.033418E-04,-1.119763E-08
1704861880
+8.499747E-04,-1.049281E-08
1704861890
+8.758223E-04,-1.167279E-08
1704861900
+9.175238E-04,-1.081584E-08
1704861910
+8.850031E-04,-1.133018E-08
1704861921
+8.399648E-04,-1.061159E-08
1704861931
+8.950083E-04,-1.102924E-08
1704861941
+8.341281E-04,-1.033650E-08
1704861952
+8.299566E-04,-1.130058E-08
1704861962
+7.699158E-04,-1.090461E-08
1704861972
+8.466344E-04,-1.078874E-08
1704861982
+8.874959E-04,-1.067411E-08
1704861993
+8.116104E-04,-1.039444E-08
1704862003
+8.508043E-04,-1.019312E-08
1704862013
+8.624815E-04,-1.060118E-08
1704862024
+8.891678E-04,-1.090628E-08
1704862034
+8.216179E-04,-1.071705E-08
1704862044
+8.924996E-04,-1.066661E-08
1704862054
+8.107764E-04,-1.095004E-08
1704862065
+7.540681E-04,-1.064910E-08
1704862075
+8.508050E-04,-1.122264E-08
1704862085
+8.516406E-04,-1.086877E-08
1704862096
+8.708172E-04,-1.019478E-08
1704862106
+8.741514E-04,-1.019561E-08
1704862116
+8.407945E-04,-1.134101E-08
1704862126
+8.991699E-04,-1.116303E-08
1704862137
+8.708140E-04,-1.062951E-08
1704862147
+8.016031E-04,-1.122430E-08
1704862157
+8.382938E-04,-1.130391E-08
1704862168
+8.899962E-04,-1.148606E-08
1704862178
+8.457961E-04,-1.164402E-08
1704862188
+8.157768E-04,-1.290029E-08
1704862198
+8.099378E-04,-1.185326E-08
1704862209
+7.949257E-04,-1.120595E-08
1704862219
+7.740784E-04,-1.117553E-08
1704862229
+8.199460E-04,-1.044820E-08
1704862240
+8.683133E-04,-1.051739E-08
1704862250
+8.507991E-04,-1.126973E-08
1704862260
+8.774815E-04,-1.143478E-08
1704862270
+8.382918E-04,-1.111009E-08
1704862281
+8.591401E-04,-1.113385E-08
1704862291
+7.765841E-04,-1.136435E-08
1704862301
+7.732444E-04,-1.104465E-08
1704862311
+8.174417E-04,-1.123305E-08
1704862322
+8.507989E-04,-1.177490E-08
1704862332
+9.100068E-04,-1.150773E-08
1704862342
+8.666422E-04,-1.175906E-08
1704862353
+8.216129E-04,-1.145396E-08
1704862363
+8.499674E-04,-1.142603E-08
1704862373
+8.299501E-04,-1.152523E-08
1704862383
+8.541341E-04,-1.176656E-08
1704862394
+7.990968E-04,-1.164152E-08
1704862404
+7.532336E-04,-1.151190E-08
1704862414
+8.366234E-04,-1.138644E-08
1704862425
+8.466284E-04,-1.170071E-08
1704862435
+7.999252E-04,-1.194995E-08
1704862445
+8.799880E-04,-1.132225E-08
1704862455
+8.224461E-04,-1.208459E-08
1704862466
+7.690717E-04,-1.162193E-08
1704862476
+8.082711E-04,-1.157567E-08
1704862486
+7.448929E-04,-1.201748E-08
1704862497
+7.448884E-04,-1.169779E-08
1704862507
+8.307857E-04,-1.059116E-08
1704862517
+8.091088E-04,-1.168654E-08
1704862527
+8.091013E-04,-1.186284E-08
1704862537
+7.890902E-04,-1.152273E-08
1704862548
+8.416260E-04,-1.197413E-08
1704862558
+8.949960E-04,-1.161901E-08
1704862568
+8.182718E-04,-1.220838E-08
1704862579
+8.666382E-04,-1.186659E-08
1704862589
+8.457935E-04,-1.221171E-08
1704862599
+8.441244E-04,-1.176656E-08
1704862609
+8.291160E-04,-1.198414E-08
1704862619
+8.791513E-04,-1.078665E-08
1704862630
+7.824156E-04,-1.126931E-08
1704862640
+7.715783E-04,-1.217837E-08
1704862650
+7.815826E-04,-1.195163E-08
1704862661
+7.849167E-04,-1.210251E-08
1704862671
+7.640665E-04,-1.183116E-08
1704862681
+7.582327E-04,-1.189119E-08
1704862692
+8.166059E-04,-1.223005E-08
1704862702
+8.024292E-04,-1.317913E-08
1704862712
+7.573992E-04,-1.283901E-08
1704862722
+8.032646E-04,-1.236343E-08
1704862733
+7.507276E-04,-1.210043E-08
1704862743
+7.548967E-04,-1.203040E-08
1704862753
+7.640686E-04,-1.262269E-08
1704862763
+7.140323E-04,-1.243220E-08
1704862774
+7.490584E-04,-1.253599E-08
1704862784
+7.582342E-04,-1.306117E-08
1704862794
+7.682375E-04,-1.247888E-08
1704862805
+7.715730E-04,-1.327582E-08
1704862815
+8.049320E-04,-1.267229E-08
1704862825
+6.940201E-04,-1.230299E-08
1704862836
+7.407208E-04,-1.256975E-08
1704862846
+8.608035E-04,-1.239678E-08
1704862856
+7.782450E-04,-1.243220E-08
1704862867
+7.632297E-04,-1.258642E-08
1704862877
+6.990172E-04,-1.174154E-08
1704862887
+8.241052E-04,-1.284484E-08
1704862897
+7.432145E-04,-1.239552E-08
1704862908
+7.065230E-04,-1.284400E-08
1704862918
+7.206992E-04,-1.232633E-08
1704862928
+7.457171E-04,-1.345004E-08
1704862939
+7.899146E-04,-1.287193E-08
1704862949
+7.348723E-04,-1.397105E-08
1704862959
+7.290400E-04,-1.335960E-08
1704862969
+6.898441E-04,-1.435743E-08
1704862979
+7.498865E-04,-1.312660E-08
1704862990
+7.632243E-04,-1.345587E-08
1704863000
+6.898385E-04,-1.282607E-08
1704863010
+7.206936E-04,-1.399188E-08
1704863021
+7.148635E-04,-1.294237E-08
1704863031
+6.848417E-04,-1.313285E-08
1704863041
+7.790701E-04,-1.365594E-08
1704863051
+7.982526E-04,-1.288777E-08
1704863062
+7.707326E-04,-1.347505E-08
1704863072
+7.882446E-04,-1.348880E-08
1704863082
+8.307720E-04,-1.324538E-08
1704863093
+8.007496E-04,-1.382224E-08
1704863103
+8.599622E-04,-1.358967E-08
1704863113
+7.673974E-04,-1.374056E-08
1704863123
+7.965860E-04,-1.429241E-08
1704863134
+8.140969E-04,-1.358634E-08
1704863144
+7.949153E-04,-1.364844E-08
1704863154
+7.707317E-04,-1.406900E-08
1704863165
+6.873364E-04,-1.417320E-08
1704863175
+7.573875E-04,-1.354882E-08
1704863185
+6.631554E-04,-1.463752E-08
1704863195
+7.690656E-04,-1.480342E-08
1704863206
+7.040160E-04,-1.422238E-08
1704863216
+7.657254E-04,-1.478966E-08
1704863226
+7.432043E-04,-1.463209E-08
1704863237
+7.665546E-04,-1.473213E-08
1704863247
+6.940060E-04,-1.522605E-08
1704863257
+7.573812E-04,-1.514769E-08
1704863268
+6.956722E-04,-1.477756E-08
1704863278
+7.623843E-04,-1.564952E-08
1704863288
+6.714893E-04,-1.487134E-08
1704863298
+6.723200E-04,-1.580374E-08
1704863309
+6.631470E-04,-1.517853E-08
1704863319
+6.889997E-04,-1.523146E-08
1704863329
+7.131800E-04,-1.509475E-08
1704863339
+7.273611E-04,-1.475339E-08
1704863350
+7.123499E-04,-1.526148E-08
1704863360
+6.322970E-04,-1.501056E-08
1704863370
+7.156868E-04,-1.505599E-08
1704863380
+7.340326E-04,-1.499430E-08
1704863390
+7.382021E-04,-1.377306E-08
1704863401
+7.148542E-04,-1.455207E-08
1704863411
+6.331306E-04,-1.495012E-08
1704863421
+5.739196E-04,-1.465918E-08
1704863432
+6.389692E-04,-1.382183E-08
1704863442
+7.090145E-04,-1.450705E-08
1704863452
+7.782301E-04,-1.475672E-08
1704863462
+6.781642E-04,-1.440202E-08
1704863473
+6.489734E-04,-1.424155E-08
1704863483
+6.831630E-04,-1.526981E-08
1704863493
+7.440388E-04,-1.506266E-08
1704863504
+7.565472E-04,-1.458583E-08
1704863514
+6.272916E-04,-1.508767E-08
1704863524
+6.873260E-04,-1.567452E-08
1704863534
+7.473707E-04,-1.442869E-08
1704863545
+6.831591E-04,-1.474671E-08
1704863555
+6.914983E-04,-1.448621E-08
1704863565
+6.831597E-04,-1.463709E-08
1704863576
+7.540405E-04,-1.461625E-08
1704863586
+7.265227E-04,-1.495762E-08
1704863596
+7.557081E-04,-1.567786E-08
1704863607
+6.781556E-04,-1.527397E-08
1704863617
+6.297870E-04,-1.567035E-08
1704863627
+6.923360E-04,-1.509225E-08
1704863637
+6.573113E-04,-1.480674E-08
1704863648
+6.881648E-04,-1.489051E-08
1704863658
+7.440364E-04,-1.518645E-08
1704863668
+7.615463E-04,-1.518644E-08
1704863679
+7.815621E-04,-1.556324E-08
1704863689
+7.215227E-04,-1.478089E-08
1704863699
+7.432039E-04,-1.554282E-08
1704863709
+6.973407E-04,-1.612802E-08
1704863720
+6.648148E-04,-1.524563E-08
1704863730
+6.914994E-04,-1.524188E-08
1704863740
+7.373664E-04,-1.513351E-08
1704863751
+7.073438E-04,-1.569745E-08
1704863761
+6.356264E-04,-1.588293E-08
1704863771
+7.482012E-04,-1.562575E-08
1704863781
+7.148479E-04,-1.601381E-08
1704863792
+6.973351E-04,-1.614385E-08
1704863802
+6.623137E-04,-1.598297E-08
1704863812
+7.331970E-04,-1.584250E-08
1704863823
+7.240215E-04,-1.590002E-08
1704863833
+7.632145E-04,-1.613551E-08
1704863843
+6.514688E-04,-1.528898E-08
1704863853
+6.781551E-04,-1.534733E-08
1704863864
+7.732209E-04,-1.596254E-08
1704863874
+6.364589E-04,-1.512892E-08
1704863884
+6.956685E-04,-1.592544E-08
1704863895
+6.322917E-04,-1.503806E-08
1704863905
+7.131791E-04,-1.624430E-08
1704863915
+7.398666E-04,-1.565952E-08
1704863925
+6.389598E-04,-1.526522E-08
1704863936
+6.281208E-04,-1.524855E-08
1704863946
+6.481328E-04,-1.610383E-08
1704863956
+6.306215E-04,-1.559741E-08
1704863967
+6.314532E-04,-1.598879E-08
1704863977
+6.839912E-04,-1.613885E-08
1704863987
+6.864940E-04,-1.645521E-08
1704863997
+6.823217E-04,-1.657065E-08
1704864008
+6.506306E-04,-1.702372E-08
1704864018
+7.131784E-04,-1.658566E-08
1704864028
+7.323568E-04,-1.652689E-08
1704864039
+7.665483E-04,-1.602214E-08
1704864049
+7.515369E-04,-1.671821E-08
1704864059
+7.190134E-04,-1.689660E-08
1704864070
+7.098410E-04,-1.570703E-08
1704864080
+6.965012E-04,-1.613051E-08
1704864090
+7.356970E-04,-1.619095E-08
1704864100
+5.605743E-04,-1.582499E-08
1704864111
+5.830886E-04,-1.710417E-08
1704864121
+4.930247E-04,-1.688451E-08
1704864131
+6.089392E-04,-1.650605E-08
1704864142
+6.281164E-04,-1.673571E-08
1704864152
+6.539689E-04,-1.687201E-08
1704864162
+6.731465E-04,-1.698912E-08
1704864173
+6.989986E-04,-1.741511E-08
1704864183
+5.955926E-04,-1.664234E-08
1704864193
+5.930906E-04,-1.730465E-08
1704864203
+6.156071E-04,-1.667444E-08
1704864214
+5.955938E-04,-1.607799E-08
1704864224
+5.614021E-04,-1.754640E-08
1704864234
+6.706457E-04,-1.702581E-08
1704864245
+5.055272E-04,-1.729214E-08
1704864255
+5.789143E-04,-1.683241E-08
1704864265
+6.606407E-04,-1.732841E-08
1704864276
+5.897555E-04,-1.704456E-08
1704864286
+5.397218E-04,-1.797863E-08
1704864296
+5.930917E-04,-1.688493E-08
1704864306
+6.548028E-04,-1.761601E-08
1704864317
+5.689061E-04,-1.807032E-08
1704864327
+6.589714E-04,-1.784317E-08
1704864337
+5.714087E-04,-1.688826E-08
1704864348
+5.697425E-04,-1.737968E-08
1704864358
+6.289498E-04,-1.849255E-08
1704864368
+5.780761E-04,-1.864801E-08
1704864378
+6.147694E-04,-1.904064E-08
1704864389
+6.189431E-04,-1.793945E-08
1704864399
+5.930900E-04,-1.748512E-08
1704864409
+6.164403E-04,-1.877098E-08
1704864419
+5.980920E-04,-1.887434E-08
1704864429
+5.864170E-04,-1.925405E-08
1704864439
+5.163712E-04,-1.832583E-08
1704864450
+6.506314E-04,-1.843045E-08
1704864460
+6.189429E-04,-1.927948E-08
1704864470
+6.106061E-04,-1.844629E-08
1704864480
+6.464612E-04,-1.833708E-08
1704864491
+6.881554E-04,-1.868470E-08
1704864501
+6.322839E-04,-1.854507E-08
1704864511
+6.589692E-04,-1.813743E-08
1704864522
+6.122679E-04,-1.835250E-08
1704864532
+6.723137E-04,-1.803448E-08
1704864542
+5.847517E-04,-1.888643E-08
1704864553
+7.106750E-04,-1.859217E-08
1704864563
+6.548008E-04,-1.922280E-08
1704864573
+5.163692E-04,-1.860925E-08
1704864583
+4.988550E-04,-1.913359E-08
1704864593
+6.464630E-04,-1.965628E-08
1704864604
+5.038651E-04,-1.952207E-08
1704864614
+5.714094E-04,-1.946455E-08
1704864624
+5.955934E-04,-1.903315E-08
1704864635
+6.081012E-04,-1.951665E-08
1704864645
+5.163677E-04,-1.916194E-08
1704864655
+5.664027E-04,-1.806823E-08
1704864665
+6.064318E-04,-1.774938E-08
1704864676
+6.472922E-04,-1.986717E-08
1704864686
+5.672349E-04,-1.871887E-08
1704864696
+6.514595E-04,-1.851463E-08
1704864707
+5.772393E-04,-1.928280E-08
1704864717
+5.105290E-04,-1.908107E-08
1704864727
+5.422152E-04,-1.924737E-08
1704864737
+5.630644E-04,-1.975088E-08
1704864748
+5.338764E-04,-1.863467E-08
1704864758
+5.889195E-04,-1.852798E-08
1704864768
+6.689737E-04,-1.886350E-08
1704864779
+5.830837E-04,-1.906483E-08
1704864789
+5.755771E-04,-1.908733E-08
1704864799
+5.313770E-04,-1.891518E-08
1704864809
+6.314492E-04,-1.908150E-08
1704864820
+6.481254E-04,-1.931490E-08
1704864830
+6.289469E-04,-1.908775E-08
1704864840
+6.889914E-04,-1.893770E-08
1704864850
+6.272819E-04,-1.997680E-08
1704864861
+6.598040E-04,-1.986635E-08
1704864871
+7.081690E-04,-2.002056E-08
1704864881
+6.072646E-04,-1.930532E-08
1704864891
+5.747398E-04,-1.929031E-08
1704864901
+6.464620E-04,-1.876806E-08
1704864912
+6.222736E-04,-1.927781E-08
1704864922
+6.097684E-04,-1.949705E-08
1704864932
+6.497964E-04,-1.918945E-08
1704864942
+5.689071E-04,-1.948497E-08
1704864953
+6.364528E-04,-1.938993E-08
1704864963
+6.531263E-04,-1.978339E-08
1704864973
+5.672345E-04,-1.929406E-08
1704864983
+5.889189E-04,-1.940160E-08
1704864993
+5.980904E-04,-1.990760E-08
1704865004
+5.647342E-04,-2.052156E-08
1704865014
+5.405538E-04,-2.014602E-08
1704865024
+5.555623E-04,-1.989719E-08
1704865034
+6.631341E-04,-1.944328E-08
1704865045
+5.438878E-04,-2.027023E-08
1704865055
+5.797475E-04,-1.983383E-08
1704865065
+6.472947E-04,-1.977381E-08
1704865075
+5.797435E-04,-1.916402E-08
1704865085
+5.030221E-04,-2.020436E-08
1704865096
+5.605601E-04,-2.043152E-08
1704865106
+4.738350E-04,-1.975630E-08
1704865116
+4.905105E-04,-2.096045E-08
1704865127
+5.213685E-04,-2.025813E-08
1704865137
+5.021851E-04,-2.005014E-08
1704865147
+6.447863E-04,-2.063367E-08
1704865157
+5.705658E-04,-2.053822E-08
1704865168
+6.322839E-04,-2.023022E-08
1704865178
+5.739093E-04,-2.059451E-08
1704865188
+5.739055E-04,-2.022146E-08
1704865199
+5.555603E-04,-2.093670E-08
1704865209
+5.622311E-04,-2.088168E-08
1704865219
+5.063544E-04,-2.077872E-08
1704865229
+5.672282E-04,-2.043860E-08
1704865240
+5.055180E-04,-2.089416E-08
1704865250
+5.322078E-04,-2.151939E-08
1704865260
+5.347105E-04,-2.112176E-08
1704865270
+5.513866E-04,-2.102880E-08
1704865281
+5.230339E-04,-2.112009E-08
1704865291
+5.713982E-04,-2.106089E-08
1704865301
+5.347094E-04,-2.072037E-08
1704865312
+5.713989E-04,-2.158982E-08
1704865322
+5.572247E-04,-2.189493E-08
1704865332
+5.572229E-04,-2.110341E-08
1704865343
+6.297766E-04,-2.198413E-08
1704865353
+6.622992E-04,-2.158816E-08
1704865363
+6.556258E-04,-2.130598E-08
1704865373
+6.022599E-04,-2.253307E-08
1704865383
+6.130980E-04,-2.233508E-08
1704865393
+5.905848E-04,-2.193829E-08
1704865403
+5.764068E-04,-2.124347E-08
1704865413
+5.505566E-04,-2.179074E-08
1704865424
+6.206022E-04,-2.183449E-08
1704865434
+5.038559E-04,-2.204624E-08
1704865444
+6.689708E-04,-2.165069E-08
1704865455
+4.788369E-04,-2.242386E-08
1704865465
+5.530529E-04,-2.228381E-08
1704865475
+5.605589E-04,-2.275980E-08
1704865485
+5.522195E-04,-2.264018E-08
1704865495
+6.656338E-04,-2.251889E-08
1704865506
+5.113604E-04,-2.231507E-08
1704865516
+4.938484E-04,-2.252639E-08
1704865526
+6.281075E-04,-2.174029E-08
1704865536
+6.039202E-04,-2.275313E-08
1704865547
+5.347030E-04,-2.243926E-08
1704865557
+5.347059E-04,-2.344211E-08
1704865567
+5.572213E-04,-2.271853E-08
1704865578
+5.538870E-04,-2.219961E-08
1704865588
+5.330418E-04,-2.252639E-08
1704865598
+5.422166E-04,-2.232050E-08
1704865608
+5.313772E-04,-2.256683E-08
1704865619
+6.089263E-04,-2.244511E-08
1704865629
+4.888400E-04,-2.284274E-08
1704865639
+5.680663E-04,-2.295195E-08
1704865650
+6.130944E-04,-2.266852E-08
1704865660
+5.889143E-04,-2.214210E-08
1704865670
+5.755716E-04,-2.242803E-08
1704865681
+5.330428E-04,-2.255849E-08
1704865691
+5.230333E-04,-2.217461E-08
1704865701
+5.939162E-04,-2.294070E-08
1704865711
+5.688964E-04,-2.307949E-08
1704865721
+5.739004E-04,-2.342794E-08
1704865732
+4.946774E-04,-2.373929E-08
1704865742
+5.855790E-04,-2.310951E-08
1704865752
+5.880776E-04,-2.364718E-08
1704865762
+5.613939E-04,-2.358466E-08
1704865773
+5.046859E-04,-2.383975E-08
1704865783
+5.171923E-04,-2.371928E-08
1704865793
+6.164295E-04,-2.345045E-08
1704865803
+5.380471E-04,-2.343254E-08
1704865813
+4.721629E-04,-2.376222E-08
1704865823
+5.714019E-04,-2.411026E-08
1704865834
+5.580580E-04,-2.379890E-08
1704865844
+6.047547E-04,-2.318202E-08
1704865854
+5.622304E-04,-2.426198E-08
1704865865
+5.146947E-04,-2.421654E-08
1704865875
+6.072585E-04,-2.454707E-08
1704865885
+5.730642E-04,-2.432282E-08
1704865895
+5.814044E-04,-2.387517E-08
1704865905
+5.222002E-04,-2.462085E-08
1704865916
+6.097588E-04,-2.393978E-08
1704865926
+6.289365E-04,-2.433115E-08
1704865936
+5.246995E-04,-2.434158E-08
1704865947
+5.021820E-04,-2.508015E-08
1704865957
+5.939125E-04,-2.442244E-08
1704865967
+4.988513E-04,-2.511935E-08
1704865977
+4.988524E-04,-2.500682E-08
1704865988
+5.121928E-04,-2.408858E-08
1704865998
+5.597234E-04,-2.386809E-08
1704866008
+4.913405E-04,-2.477213E-08
1704866018
+5.230320E-04,-2.516311E-08
1704866029
+5.096914E-04,-2.418487E-08
1704866039
+5.605611E-04,-2.466086E-08
1704866049
+4.805052E-04,-2.489302E-08
1704866060
+6.189323E-04,-2.472046E-08
1704866070
+4.513179E-04,-2.516895E-08
1704866080
+4.805053E-04,-2.512393E-08
1704866090
+5.030177E-04,-2.521312E-08
1704866101
+5.055177E-04,-2.510350E-08
1704866111
+4.938486E-04,-2.497597E-08
1704866121
+4.863378E-04,-2.527856E-08
1704866132
+5.113545E-04,-2.555990E-08
1704866142
+5.847433E-04,-2.449872E-08
1704866152
+6.105934E-04,-2.499806E-08
1704866163
+6.731356E-04,-2.557741E-08
1704866173
+5.163583E-04,-2.546779E-08
1704866183
+6.255984E-04,-2.570077E-08
1704866193
+6.105906E-04,-2.616260E-08
1704866204
+5.463762E-04,-2.564700E-08
1704866214
+4.663217E-04,-2.490759E-08
1704866224
+4.321311E-04,-2.561575E-08
1704866235
+5.013490E-04,-2.530023E-08
1704866245
+4.604830E-04,-2.454747E-08
1704866255
+5.171903E-04,-2.498929E-08
1704866265
+5.463749E-04,-2.539275E-08
1704866276
+4.254596E-04,-2.468377E-08
1704866286
+5.422042E-04,-2.523478E-08
1704866296
+5.130198E-04,-2.571328E-08
1704866307
+4.688197E-04,-2.528146E-08
1704866317
+5.221879E-04,-2.534772E-08
1704866327
+4.971725E-04,-2.597252E-08
1704866337
+4.646473E-04,-2.531604E-08
1704866348
+5.096814E-04,-2.637141E-08
1704866358
+5.030104E-04,-2.547944E-08
1704866368
+5.055122E-04,-2.531480E-08
1704866379
+4.279590E-04,-2.529188E-08
1704866389
+5.071803E-04,-2.549153E-08
1704866399
+5.547151E-04,-2.529105E-08
1704866409
+6.256010E-04,-2.550238E-08
1704866420
+5.121838E-04,-2.585207E-08
1704866430
+5.830704E-04,-2.509974E-08
1704866440
+5.555521E-04,-2.547320E-08
1704866451
+5.013519E-04,-2.497263E-08
1704866461
+4.930094E-04,-2.489843E-08
1704866471
+4.262943E-04,-2.543985E-08
1704866482
+4.463066E-04,-2.515225E-08
1704866492
+4.963434E-04,-2.542777E-08
1704866502
+4.955094E-04,-2.522020E-08
1704866513
+4.821656E-04,-2.596170E-08
1704866523
+4.838334E-04,-2.530022E-08
1704866533
+5.280287E-04,-2.599837E-08
1704866543
+4.429718E-04,-2.620636E-08
1704866554
+4.112814E-04,-2.565367E-08
1704866564
+3.871005E-04,-2.562033E-08
1704866574
+4.980132E-04,-2.545153E-08
1704866585
+5.038486E-04,-2.562408E-08
1704866595
+5.205263E-04,-2.563409E-08
1704866605
+4.221224E-04,-2.569118E-08
1704866615
+5.163561E-04,-2.590126E-08
1704866626
+4.546445E-04,-2.593710E-08
1704866636
+5.063454E-04,-2.588124E-08
1704866646
+4.062783E-04,-2.534107E-08
1704866657
+5.138512E-04,-2.593960E-08
1704866667
+4.854994E-04,-2.552071E-08
1704866677
+4.262887E-04,-2.575911E-08
1704866688
+5.255262E-04,-2.649062E-08
1704866698
+4.171200E-04,-2.586875E-08
1704866708
+5.038457E-04,-2.590084E-08
1704866718
+4.821602E-04,-2.582705E-08
1704866729
+5.405368E-04,-2.615675E-08
1704866739
+4.354629E-04,-2.532814E-08
1704866749
+4.905033E-04,-2.587583E-08
1704866760
+5.238607E-04,-2.602630E-08
1704866770
+5.005096E-04,-2.656147E-08
1704866780
+5.488762E-04,-2.635057E-08
1704866790
+4.880024E-04,-2.557865E-08
1704866801
+4.863332E-04,-2.607298E-08
1704866811
+5.196887E-04,-2.615759E-08
1704866821
+5.497114E-04,-2.702288E-08
1704866832
+4.704868E-04,-2.628888E-08
1704866842
+5.255220E-04,-2.666941E-08
1704866852
+5.572159E-04,-2.659482E-08
1704866863
+4.488048E-04,-2.607964E-08
1704866873
+4.696550E-04,-2.660357E-08
1704866883
+5.380342E-04,-2.650520E-08
1704866893
+4.571486E-04,-2.683824E-08
1704866904
+4.671572E-04,-2.643061E-08
1704866914
+5.221971E-04,-2.716545E-08
1704866924
+4.463058E-04,-2.744761E-08
1704866935
+4.663204E-04,-2.757140E-08
1704866945
+5.046795E-04,-2.692493E-08
1704866955
+4.563106E-04,-2.751679E-08
1704866966
+4.729900E-04,-2.776146E-08
1704866976
+4.955033E-04,-2.763933E-08
1704866986
+4.880038E-04,-2.810825E-08
1704866996
+4.396382E-04,-2.683741E-08
1704867007
+3.729268E-04,-2.758725E-08
1704867017
+4.738343E-04,-2.815246E-08
1704867027
+5.638971E-04,-2.741471E-08
1704867038
+4.221289E-04,-2.783275E-08
1704867048
+3.971112E-04,-2.749347E-08
1704867058
+5.280341E-04,-2.805741E-08
1704867069
+4.880049E-04,-2.873847E-08
1704867079
+4.788304E-04,-2.737384E-08
1704867089
+4.654870E-04,-2.801780E-08
1704867100
+4.629852E-04,-2.758266E-08
1704867110
+5.263588E-04,-2.851254E-08
1704867120
+3.820929E-04,-2.875387E-08
1704867130
+3.387353E-04,-2.868303E-08
1704867141
+4.696538E-04,-2.759557E-08
1704867151
+3.629145E-04,-2.865093E-08
1704867161
+3.345638E-04,-2.858049E-08
1704867172
+4.346319E-04,-2.811325E-08
1704867182
+4.554747E-04,-2.749844E-08
1704867192
+4.071082E-04,-2.721085E-08
1704867203
+3.687466E-04,-2.826786E-08
1704867213
+4.996772E-04,-2.849880E-08
1704867223
+4.154505E-04,-2.783565E-08
1704867233
+5.288619E-04,-2.854089E-08
1704867244
+4.846634E-04,-2.742968E-08
1704867254
+4.529740E-04,-2.866967E-08
1704867264
+4.604778E-04,-2.758139E-08
1704867275
+4.538065E-04,-2.821493E-08
1704867285
+4.262870E-04,-2.758639E-08
1704867295
+4.029355E-04,-2.780437E-08
1704867306
+4.496336E-04,-2.859421E-08
1704867316
+4.296225E-04,-2.932322E-08
1704867326
+4.337951E-04,-2.936157E-08
1704867336
+4.646475E-04,-2.944076E-08
1704867347
+5.230175E-04,-2.936197E-08
1704867357
+4.496371E-04,-2.954371E-08
1704867367
+5.105119E-04,-2.931905E-08
1704867378
+4.854936E-04,-2.954204E-08
1704867388
+4.446346E-04,-2.897019E-08
1704867398
+4.863290E-04,-2.933114E-08
1704867409
+4.863318E-04,-2.865301E-08
1704867419
+4.829974E-04,-2.819494E-08
1704867429
+4.529722E-04,-2.976045E-08
1704867439
+4.179491E-04,-2.879054E-08
1704867450
+4.771583E-04,-2.953789E-08
1704867460
+4.404635E-04,-2.968751E-08
1704867470
+4.713219E-04,-2.995803E-08
1704867481
+4.554764E-04,-3.039567E-08
1704867491
+5.338617E-04,-2.956080E-08
1704867501
+4.913371E-04,-2.882098E-08
1704867512
+4.246215E-04,-2.932948E-08
1704867522
+3.679130E-04,-2.991217E-08
1704867532
+4.930006E-04,-2.994510E-08
1704867542
+5.221826E-04,-3.033605E-08
1704867553
+4.746540E-04,-2.960832E-08
1704867563
+5.472027E-04,-3.058280E-08
1704867573
+4.563086E-04,-3.056989E-08
1704867584
+4.538066E-04,-3.024936E-08
1704867594
+4.654792E-04,-3.025436E-08
1704867604
+4.788228E-04,-3.112340E-08
1704867615
+4.879968E-04,-3.069743E-08
1704867625
+3.762558E-04,-3.116802E-08
1704867635
+4.496404E-04,-3.136642E-08
1704867646
+4.062808E-04,-3.047613E-08
1704867656
+4.496444E-04,-3.095713E-08
1704867666
+4.254605E-04,-3.187577E-08
1704867676
+3.512395E-04,-3.140643E-08
1704867686
+4.004370E-04,-3.076037E-08
1704867697
+4.538096E-04,-3.110633E-08
1704867707
+4.479749E-04,-3.059658E-08
1704867717
+3.720869E-04,-3.162067E-08
1704867728
+4.896687E-04,-3.062701E-08
1704867738
+4.271258E-04,-3.094170E-08
1704867748
+3.729196E-04,-3.100379E-08
1704867759
+4.029368E-04,-3.024894E-08
1704867769
+3.587419E-04,-3.128305E-08
1704867779
+3.795907E-04,-3.060032E-08
1704867789
+3.745820E-04,-3.197827E-08
1704867800
+3.712486E-04,-3.200370E-08
1704867810
+4.271209E-04,-3.206706E-08
1704867820
+4.154427E-04,-3.184739E-08
1704867831
+4.771540E-04,-3.116216E-08
1704867841
+3.904266E-04,-3.143475E-08
1704867851
+3.912610E-04,-3.266350E-08
1704867862
+3.854230E-04,-3.186240E-08
1704867872
+3.745786E-04,-3.156853E-08
1704867882
+3.845846E-04,-3.197450E-08
1704867892
+3.662395E-04,-3.142474E-08
1704867903
+3.553961E-04,-3.195282E-08
1704867913
+3.820822E-04,-3.254677E-08
1704867923
+3.862506E-04,-3.142973E-08
1704867934
+3.845846E-04,-3.173984E-08
1704867944
+4.321182E-04,-3.258929E-08
1704867954
+3.862539E-04,-3.372300E-08
1704867965
+3.587322E-04,-3.280936E-08
1704867975
+4.779812E-04,-3.337163E-08
1704867985
+3.679065E-04,-3.301151E-08
1704867995
+3.587346E-04,-3.320366E-08
1704868006
+3.553976E-04,-3.356628E-08
1704868016
+3.737445E-04,-3.352293E-08
1704868026
+3.987588E-04,-3.385720E-08
1704868037
+4.913242E-04,-3.329202E-08
1704868047
+4.437946E-04,-3.265223E-08
1704868057
+3.737457E-04,-3.331120E-08
1704868068
+3.403911E-04,-3.326078E-08
1704868078
+3.945903E-04,-3.462413E-08
1704868088
+4.696486E-04,-3.422444E-08
1704868099
+4.588101E-04,-3.333957E-08
1704868109
+4.479681E-04,-3.342543E-08
1704868119
+3.537343E-04,-3.301653E-08
1704868129
+3.537354E-04,-3.449453E-08
1704868140
+3.478943E-04,-3.447409E-08
1704868150
+3.887558E-04,-3.483380E-08
1704868160
+3.887531E-04,-3.490089E-08
1704868171
+4.696448E-04,-3.507471E-08
1704868181
+4.329523E-04,-3.536314E-08
1704868191
+4.054357E-04,-3.489716E-08
1704868202
+3.537317E-04,-3.505887E-08
1704868212
+4.221092E-04,-3.407895E-08
1704868222
+3.262105E-04,-3.461205E-08
1704868232
+3.378857E-04,-3.386805E-08
1704868243
+2.761770E-04,-3.338331E-08
1704868253
+3.503922E-04,-3.340288E-08
1704868263
+3.645676E-04,-3.463371E-08
1704868274
+2.845136E-04,-3.414688E-08
1704868284
+4.045963E-04,-3.421899E-08
1704868294
+3.787439E-04,-3.466747E-08
1704868305
+3.553960E-04,-3.331786E-08
1704868315
+3.562291E-04,-3.348958E-08
1704868325
+4.037604E-04,-3.344998E-08
1704868335
+5.380185E-04,-3.361211E-08
1704868346
+4.221069E-04,-3.395890E-08
1704868356
+4.154367E-04,-3.430193E-08
1704868366
+3.620684E-04,-3.396391E-08
1704868376
+4.271118E-04,-3.394598E-08
1704868387
+3.503901E-04,-3.480251E-08
1704868397
+3.779105E-04,-3.428734E-08
1704868407
+3.295449E-04,-3.483003E-08
1704868418
+4.012613E-04,-3.445657E-08
1704868428
+4.296088E-04,-3.307609E-08
1704868438
+4.387849E-04,-3.462245E-08
1704868449
+4.554622E-04,-3.403559E-08
1704868459
+4.237751E-04,-3.458577E-08
1704868469
+3.562262E-04,-3.437945E-08
1704868479
+4.004249E-04,-3.389263E-08
1704868489
+3.929174E-04,-3.518096E-08
1704868500
+4.562987E-04,-3.505677E-08
1704868510
+4.129332E-04,-3.587995E-08
1704868520
+3.887492E-04,-3.639137E-08
1704868531
+3.387158E-04,-3.626258E-08
1704868541
+3.687347E-04,-3.547898E-08
1704868551
+5.046640E-04,-3.562404E-08
1704868561
+4.095955E-04,-3.555400E-08
1704868572
+4.029251E-04,-3.559110E-08
1704868582
+3.478873E-04,-3.556609E-08
1704868592
+4.229365E-04,-3.583367E-08
1704868603
+3.770698E-04,-3.587910E-08
1704868613
+3.153654E-04,-3.629134E-08
1704868623
+3.712358E-04,-3.644222E-08
1704868634
+4.813137E-04,-3.568989E-08
1704868644
+3.120298E-04,-3.727333E-08
1704868654
+3.937515E-04,-3.642096E-08
1704868665
+3.962552E-04,-3.616630E-08
1704868675
+3.737364E-04,-3.617129E-08
1704868685
+3.345449E-04,-3.666688E-08
1704868695
+2.978529E-04,-3.677942E-08
1704868705
+3.528887E-04,-3.723456E-08
1704868716
+3.362087E-04,-3.666144E-08
1704868726
+3.387113E-04,-3.758634E-08
1704868736
+3.153601E-04,-3.759758E-08
1704868747
+2.995186E-04,-3.698031E-08
1704868757
+3.562215E-04,-3.746921E-08
1704868767
+3.211996E-04,-3.621380E-08
1704868778
+3.879100E-04,-3.690402E-08
1704868788
+3.637293E-04,-3.709451E-08
1704868798
+4.221030E-04,-3.729124E-08
1704868808
+3.720679E-04,-3.756133E-08
1704868819
+4.004173E-04,-3.777764E-08
1704868829
+2.861733E-04,-3.722954E-08
1704868839
+2.719953E-04,-3.806106E-08
1704868850
+3.111899E-04,-3.608583E-08
1704868860
+3.804078E-04,-3.821905E-08
1704868870
+3.295391E-04,-3.861710E-08
1704868881
+3.045211E-04,-3.857583E-08
1704868891
+3.553891E-04,-3.675231E-08
1704868901
+3.837407E-04,-3.861751E-08
1704868912
+3.478822E-04,-3.836367E-08
1704868922
+3.320364E-04,-3.853997E-08
1704868932
+3.787353E-04,-3.813234E-08
1704868942
+3.378730E-04,-3.782265E-08
1704868952
+2.561505E-04,-3.878964E-08
1704868963
+3.437103E-04,-3.767218E-08
1704868973
+3.703989E-04,-3.849872E-08
1704868983
+3.495516E-04,-3.850372E-08
1704868994
+3.370438E-04,-3.918187E-08
1704869004
+2.544880E-04,-3.847664E-08
1704869014
+4.195999E-04,-3.764302E-08
1704869025
+3.812448E-04,-3.794022E-08
1704869035
+3.520610E-04,-3.758679E-08
1704869045
+3.478900E-04,-3.836996E-08
1704869055
+3.637337E-04,-3.859378E-08
1704869065
+3.762428E-04,-3.879760E-08
1704869075
+3.603951E-04,-3.887470E-08
1704869085
+3.887489E-04,-3.960911E-08
1704869095
+4.262750E-04,-3.845289E-08
1704869106
+3.845787E-04,-3.803108E-08
1704869116
+3.270396E-04,-3.729542E-08
1704869126
+3.337101E-04,-3.851207E-08
1704869137
+3.020228E-04,-3.899266E-08
1704869147
+3.312077E-04,-3.786019E-08
1704869157
+2.870097E-04,-3.844704E-08
1704869168
+3.503868E-04,-3.712494E-08
1704869178
+2.986850E-04,-3.798023E-08
1704869188
+2.978509E-04,-3.920813E-08
1704869198
+3.303757E-04,-3.928734E-08
1704869209
+3.545602E-04,-3.849166E-08
1704869219
+3.895842E-04,-3.922690E-08
1704869229
+3.220352E-04,-3.943905E-08
1704869240
+3.654006E-04,-4.010595E-08
1704869250
+2.970165E-04,-3.890845E-08
1704869260
+3.128656E-04,-4.033895E-08
1704869271
+3.462218E-04,-3.948616E-08
1704869281
+3.637383E-04,-3.946076E-08
1704869291
+4.854889E-04,-4.051403E-08
1704869302
+5.038329E-04,-4.027060E-08
1704869312
+3.945899E-04,-4.125343E-08
1704869322
+2.686676E-04,-3.984169E-08
1704869332
+3.670729E-04,-4.010555E-08
1704869342
+3.445552E-04,-3.893473E-08
1704869353
+4.012582E-04,-4.034228E-08
1704869363
+3.078599E-04,-4.043814E-08
1704869373
+4.271121E-04,-3.926651E-08
1704869384
+3.562324E-04,-4.017850E-08
1704869394
+3.862522E-04,-4.025602E-08
1704869404
+3.737467E-04,-4.025228E-08
1704869415
+4.062681E-04,-4.028604E-08
1704869425
+3.812460E-04,-4.042314E-08
1704869435
+3.245415E-04,-4.072658E-08
1704869445
+2.895189E-04,-4.040565E-08
1704869456
+3.262089E-04,-3.969916E-08
1704869466
+3.245432E-04,-4.134888E-08
1704869476
+3.187025E-04,-4.087037E-08
1704869487
+2.895158E-04,-4.089413E-08
1704869497
+3.253731E-04,-4.102709E-08
1704869507
+3.178684E-04,-4.168939E-08
1704869518
+3.662339E-04,-4.114046E-08
1704869528
+3.212033E-04,-4.182569E-08
1704869538
+3.070313E-04,-4.037356E-08
1704869548
+3.645723E-04,-4.159522E-08
1704869559
+2.786789E-04,-4.130137E-08
1704869569
+3.654014E-04,-4.154560E-08
1704869579
+4.337806E-04,-4.204493E-08
1704869590
+3.962594E-04,-4.115632E-08
1704869600
+3.962565E-04,-4.090830E-08
1704869610
+3.362157E-04,-4.122967E-08
1704869621
+3.562314E-04,-4.210580E-08
1704869631
+3.212084E-04,-4.182863E-08
1704869641
+4.513006E-04,-4.198578E-08
1704869651
+3.103664E-04,-4.223376E-08
1704869661
+3.704116E-04,-4.206456E-08
1704869672
+4.604701E-04,-4.189573E-08
1704869682
+3.503965E-04,-4.098377E-08
1704869692
+3.303825E-04,-4.112840E-08
1704869703
+2.761763E-04,-4.148434E-08
1704869713
+3.086995E-04,-4.086080E-08
1704869723
+3.912538E-04,-4.081869E-08
1704869733
+3.220410E-04,-4.052402E-08
1704869744
+2.911849E-04,-4.090331E-08
1704869754
+2.778413E-04,-4.118131E-08
1704869764
+2.736716E-04,-4.086079E-08
1704869774
+2.653319E-04,-4.067530E-08
1704869784
+3.378795E-04,-4.093746E-08
1704869794
+3.687363E-04,-4.156060E-08
1704869805
+3.011897E-04,-4.156685E-08
1704869815
+3.053619E-04,-4.167023E-08
1704869825
+3.228731E-04,-4.207536E-08
1704869835
+2.903531E-04,-4.199202E-08
1704869846
+3.145335E-04,-4.215664E-08
1704869856
+2.636652E-04,-4.234212E-08
1704869866
+3.562329E-04,-4.169359E-08
1704869877
+2.745061E-04,-4.138846E-08
1704869887
+3.161978E-04,-4.023723E-08
1704869897
+2.970172E-04,-4.027557E-08
1704869907
+3.070254E-04,-4.123924E-08
1704869917
+3.295490E-04,-4.160023E-08
1704869928
+4.354497E-04,-4.211162E-08
1704869938
+3.245418E-04,-4.212330E-08
1704869948
+3.312131E-04,-4.157770E-08
1704869959
+3.320457E-04,-4.263805E-08
1704869969
+2.244701E-04,-4.302567E-08
1704869979
+3.253758E-04,-4.264431E-08
1704869989
+3.203749E-04,-4.227003E-08
1704870000
+3.403883E-04,-4.308196E-08
1704870010
+2.219725E-04,-4.312948E-08
1704870020
+3.487339E-04,-4.155232E-08
1704870030
+2.511625E-04,-4.289108E-08
1704870041
+4.104359E-04,-4.365340E-08
1704870051
+2.361472E-04,-4.398809E-08
1704870061
+2.703318E-04,-4.299189E-08
1704870071
+2.970208E-04,-4.372049E-08
1704870082
+2.853474E-04,-4.402226E-08
1704870092
+2.661687E-04,-4.211955E-08
1704870102
+3.428889E-04,-4.254053E-08
1704870112
+3.562286E-04,-4.281644E-08
1704870123
+2.703374E-04,-4.231336E-08
1704870133
+3.662396E-04,-4.292108E-08
1704870143
+3.578976E-04,-4.467082E-08
1704870153
+2.686703E-04,-4.371425E-08
1704870163
+3.320454E-04,-4.342831E-08
1704870174
+3.603973E-04,-4.385262E-08
1704870184
+3.136974E-04,-4.364212E-08
1704870194
+3.378851E-04,-4.418274E-08
1704870205
+3.837445E-04,-4.442279E-08
1704870215
+2.253067E-04,-4.402644E-08
1704870225
+3.220364E-04,-4.280643E-08
1704870236
+3.754072E-04,-4.369840E-08
1704870246
+3.011921E-04,-4.252468E-08
1704870256
+3.762424E-04,-4.363671E-08
1704870266
+2.720049E-04,-4.321199E-08
1704870276
+3.595670E-04,-4.324993E-08
1704870286
+3.428896E-04,-4.405396E-08
1704870296
+3.195372E-04,-4.484712E-08
1704870306
+3.445526E-04,-4.471790E-08
1704870317
+3.078613E-04,-4.467539E-08
1704870327
+3.078634E-04,-4.372258E-08
1704870337
+2.820098E-04,-4.428109E-08
1704870347
+2.953522E-04,-4.442698E-08
1704870358
+3.003574E-04,-4.410020E-08
1704870368
+2.911798E-04,-4.338828E-08
1704870378
+3.228664E-04,-4.345913E-08
