1706080418
+1.153268E+00,-1.794421E-09
1706080424
+1.153302E+00,-2.575505E-09
1706080429
+1.153208E+00,-2.568832E-09
1706080434
+1.153236E+00,-2.640112E-09
1706080439
+1.153164E+00,-1.935319E-09
1706080445
+1.153260E+00,-1.676054E-09
1706080450
+1.153115E+00,-2.189539E-09
1706080455
+1.153192E+00,-2.434223E-09
1706080460
+1.153218E+00,-2.529234E-09
1706080466
+1.153150E+00,-1.795269E-09
1706080471
+1.153259E+00,-1.798163E-09
1706080476
+1.153247E+00,-2.088262E-09
1706080482
+1.153273E+00,-1.838182E-09
1706080487
+1.153175E+00,-2.288331E-09
1706080492
+1.153237E+00,-1.622316E-09
1706080497
+1.153165E+00,-2.078256E-09
1706080503
+1.153194E+00,-2.328751E-09
1706080508
+1.153240E+00,-2.350848E-09
1706080513
+1.153236E+00,-2.044918E-09
1706080519
+1.153290E+00,-2.526737E-09
1706080524
+1.153265E+00,-2.015323E-09
1706080529
+1.153190E+00,-2.377123E-09
1706080534
+1.153155E+00,-1.611868E-09
1706080540
+1.153176E+00,-2.031166E-09
1706080545
+1.153167E+00,-2.201654E-09
1706080550
+1.153260E+00,-2.032410E-09
1706080556
+1.153194E+00,-1.859855E-09
1706080561
+1.153362E+00,-1.365565E-09
1706080566
+1.153325E+00,-1.620622E-09
1706080571
+1.153242E+00,-2.204984E-09
1706080577
+1.153254E+00,-1.528084E-09
1706080582
+1.153213E+00,-2.402952E-09
1706080587
+1.153232E+00,-2.003659E-09
1706080592
+1.153280E+00,-2.697213E-09
1706080598
+1.153230E+00,-2.114515E-09
1706080603
+1.153224E+00,-2.437956E-09
1706080608
+1.153173E+00,-1.949059E-09
1706080614
+1.153183E+00,-2.596340E-09
1706080619
+1.153179E+00,-1.712326E-09
1706080624
+1.153286E+00,-2.042843E-09
1706080629
+1.153327E+00,-2.716802E-09
1706080635
+1.153261E+00,-1.500167E-09
1706080640
+1.153121E+00,-1.953239E-09
1706080645
+1.153231E+00,-2.144958E-09
1706080651
+1.153330E+00,-1.775287E-09
1706080656
+1.153208E+00,-2.103687E-09
1706080661
+1.153186E+00,-2.137856E-09
1706080666
+1.153109E+00,-2.785168E-09
1706080672
+1.153224E+00,-2.937287E-09
1706080677
+1.153171E+00,-2.074508E-09
1706080682
+1.153204E+00,-2.150779E-09
1706080688
+1.153159E+00,-2.262065E-09
1706080693
+1.153212E+00,-2.205401E-09
1706080698
+1.153150E+00,-2.309593E-09
1706080703
+1.153175E+00,-2.427957E-09
1706080709
+1.153190E+00,-2.212465E-09
1706080714
+1.153176E+00,-1.696909E-09
1706080719
+1.153223E+00,-2.215380E-09
1706080724
+1.153158E+00,-1.671481E-09
1706080730
+1.153200E+00,-2.496723E-09
1706080735
+1.153224E+00,-2.638437E-09
1706080740
+1.153285E+00,-2.424620E-09
1706080746
+1.153290E+00,-2.112465E-09
1706080751
+1.153219E+00,-2.190376E-09
1706080756
+1.153173E+00,-1.984896E-09
1706080761
+1.153216E+00,-2.556750E-09
1706080767
+1.153200E+00,-2.351267E-09
1706080772
+1.153246E+00,-1.601860E-09
1706080777
+1.153321E+00,-1.725239E-09
1706080783
+1.153207E+00,-1.871955E-09
1706080788
+1.153259E+00,-1.855712E-09
