1706127801
-3.499933E-01,-2.281568E-08
1706127803
-3.296801E-01,-1.434974E-08
1706127806
-3.091826E-01,-1.305719E-08
1706127808
-2.886636E-01,-1.252325E-08
1706127811
-2.681452E-01,-1.235986E-08
1706127813
-2.509071E-01,-1.209685E-08
1706127816
-2.304414E-01,-1.176340E-08
1706127819
-2.099623E-01,-1.095311E-08
1706127821
-1.894824E-01,-1.169837E-08
1706127824
-1.690650E-01,-1.086391E-08
1706127826
-1.485367E-01,-1.111692E-08
1706127829
-1.280885E-01,-1.119570E-08
1706127832
-1.110380E-01,-1.088933E-08
1706127834
-9.046382E-02,-1.123196E-08
1706127837
-7.006396E-02,-1.100854E-08
1706127839
-4.940223E-02,-1.027828E-08
1706127842
-2.888562E-02,-1.118236E-08
1706127845
-8.395683E-03,-1.085349E-08
1706127847
+1.224572E-02,-1.216146E-08
1706127850
+3.263605E-02,-1.182550E-08
1706127852
+5.304643E-02,-1.199306E-08
1706127855
+7.346763E-02,-1.109816E-08
1706127857
+9.383047E-02,-1.123613E-08
1706127860
+1.108192E-01,-1.218521E-08
1706127863
+1.313730E-01,-1.139535E-08
1706127865
+1.518700E-01,-1.172254E-08
1706127868
+1.722979E-01,-1.123279E-08
1706127870
+1.928734E-01,-1.081848E-08
1706127873
+2.135431E-01,-1.061674E-08
1706127876
+2.340268E-01,-1.075803E-08
1706127878
+2.511483E-01,-1.069968E-08
1706127881
+2.715536E-01,-1.074011E-08
1706127883
+2.920315E-01,-1.078888E-08
1706127886
+3.125861E-01,-9.999849E-09
1706127889
+3.330807E-01,-1.147496E-08
1706127891
+3.536094E-01,-9.987343E-09
1706127894
+3.740799E-01,-1.002611E-08
1706127896
+3.945786E-01,-1.009905E-08
1706127899
+4.115356E-01,-1.007821E-08
1706127901
+4.320870E-01,-9.659727E-09
1706127904
+4.526292E-01,-1.059673E-08
1706127907
+4.730662E-01,-9.917738E-09
1706127909
+4.934940E-01,-1.026911E-08
1706127912
+5.140561E-01,-9.934825E-09
1706127914
+5.345459E-01,-9.107033E-09
1706127917
+5.515202E-01,-9.492584E-09
1706127920
+5.719998E-01,-9.527596E-09
1706127922
+5.924395E-01,-9.571782E-09
1706127925
+6.129274E-01,-9.580117E-09
1706127927
+6.335970E-01,-9.392132E-09
1706127930
+6.541469E-01,-9.355456E-09
1706127933
+6.745062E-01,-9.452154E-09
1706127935
+6.916342E-01,-1.017491E-08
1706127938
+7.120979E-01,-9.466326E-09
1706127940
+7.327191E-01,-9.179971E-09
1706127943
+7.531088E-01,-9.116201E-09
1706127945
+7.736275E-01,-9.123703E-09
1706127948
+7.941263E-01,-9.056179E-09
1706127951
+8.145784E-01,-9.233326E-09
1706127953
+8.316202E-01,-9.369205E-09
1706127956
+8.520900E-01,-9.215403E-09
1706127958
+8.726340E-01,-8.483476E-09
1706127961
+8.931183E-01,-9.212902E-09
1706127964
+9.135472E-01,-8.676045E-09
1706127966
+9.340409E-01,-9.055346E-09
1706127969
+9.545251E-01,-8.452210E-09
1706127971
+9.716794E-01,-8.590180E-09
1706127974
+9.921125E-01,-8.270479E-09
1706127977
+1.012525E+00,-8.483472E-09
1706127979
+1.033066E+00,-8.381355E-09
1706127982
+1.053551E+00,-8.231302E-09
1706127984
+1.074262E+00,-7.748213E-09
1706127987
+1.094795E+00,-8.247557E-09
1706127990
+1.111890E+00,-8.237555E-09
1706127992
+1.132273E+00,-7.728207E-09
1706127995
+1.152729E+00,-8.697717E-09
1706127997
+1.173255E+00,-7.323896E-09
1706128000
+1.193740E+00,-7.573987E-09
1706128002
+1.214263E+00,-7.480620E-09
1706128005
+1.234673E+00,-7.524383E-09
1706128008
+1.251732E+00,-8.718977E-09
1706128010
+1.272169E+00,-7.913691E-09
1706128013
+1.292640E+00,-7.593577E-09
1706128015
+1.313196E+00,-6.900412E-09
1706128018
+1.333609E+00,-8.035400E-09
1706128021
+1.354087E+00,-7.443521E-09
1706128023
+1.374560E+00,-7.089646E-09
1706128026
+1.395042E+00,-7.130910E-09
1706128028
+1.412159E+00,-7.699446E-09
1706128031
+1.432680E+00,-7.674855E-09
1706128034
+1.453055E+00,-7.621506E-09
1706128036
+1.473555E+00,-7.103402E-09
1706128039
+1.494167E+00,-6.714094E-09
1706128041
+1.514720E+00,-6.724098E-09
1706128044
+1.535226E+00,-6.933341E-09
1706128046
+1.552193E+00,-7.402673E-09
1706128049
+1.572722E+00,-7.314725E-09
1706128052
+1.593227E+00,-6.766613E-09
1706128054
+1.613861E+00,-6.737853E-09
1706128057
+1.634336E+00,-5.569936E-09
