1706062873
+2.075177E-03,-1.544559E-08
1706062878
+2.126050E-03,-1.543101E-08
1706062883
+2.140221E-03,-1.532763E-08
1706062888
+2.121045E-03,-1.610458E-08
1706062894
+2.139394E-03,-1.640761E-08
1706062899
+2.107704E-03,-1.584741E-08
1706062904
+2.111872E-03,-1.650514E-08
1706062910
+2.098529E-03,-1.560398E-08
1706062915
+2.063504E-03,-1.554480E-08
1706062920
+2.076015E-03,-1.591993E-08
1706062925
+2.171919E-03,-1.626673E-08
1706062931
+2.112708E-03,-1.565192E-08
1706062936
+2.103535E-03,-1.554105E-08
1706062941
+2.032649E-03,-1.561399E-08
1706062947
+2.087688E-03,-1.615293E-08
1706062952
+2.046826E-03,-1.589701E-08
1706062957
+2.068509E-03,-1.635259E-08
1706062962
+2.120212E-03,-1.586741E-08
1706062968
+2.116041E-03,-1.656517E-08
1706062973
+2.095192E-03,-1.567734E-08
1706062978
+2.055164E-03,-1.668646E-08
1706062984
+2.126048E-03,-1.613501E-08
1706062989
+2.103530E-03,-1.712620E-08
1706062994
+2.079346E-03,-1.667895E-08
1706062999
+2.096859E-03,-1.667562E-08
1706063005
+2.098529E-03,-1.629757E-08
1706063010
+2.052663E-03,-1.635967E-08
1706063015
+2.045158E-03,-1.682401E-08
1706063020
+2.089357E-03,-1.635592E-08
1706063026
+1.971771E-03,-1.674564E-08
1706063031
+2.043491E-03,-1.649514E-08
1706063036
+2.090192E-03,-1.689070E-08
1706063042
+2.052667E-03,-1.640428E-08
1706063047
+2.055169E-03,-1.666354E-08
1706063052
+2.180255E-03,-1.616877E-08
1706063057
+2.075179E-03,-1.688861E-08
1706063063
+1.991787E-03,-1.616502E-08
1706063068
+2.085187E-03,-1.718998E-08
1706063073
+2.045160E-03,-1.568944E-08
1706063079
+2.035152E-03,-1.664936E-08
1706063084
+2.071011E-03,-1.622880E-08
1706063089
+2.035986E-03,-1.699116E-08
1706063094
+2.103533E-03,-1.666228E-08
1706063100
+1.992621E-03,-1.705910E-08
1706063105
+2.000125E-03,-1.626547E-08
1706063110
+2.014309E-03,-1.681485E-08
1706063116
+2.035987E-03,-1.684735E-08
1706063121
+2.064339E-03,-1.720748E-08
1706063126
+2.143563E-03,-1.710078E-08
1706063131
+2.115213E-03,-1.689571E-08
1706063137
+2.068511E-03,-1.702992E-08
1706063142
+2.091861E-03,-1.699241E-08
1706063147
+2.069344E-03,-1.677775E-08
1706063152
+2.141897E-03,-1.736171E-08
1706063158
+2.101866E-03,-1.736462E-08
1706063163
+1.940919E-03,-1.714621E-08
1706063168
+2.002629E-03,-1.724041E-08
1706063174
+1.997628E-03,-1.694864E-08
1706063179
+1.963436E-03,-1.658518E-08
1706063184
+2.017642E-03,-1.749676E-08
1706063189
+1.908398E-03,-1.749634E-08
1706063195
+1.933416E-03,-1.821327E-08
1706063200
+1.957602E-03,-1.703785E-08
1706063205
+1.960102E-03,-1.751760E-08
1706063211
+1.899225E-03,-1.784063E-08
1706063216
+1.930082E-03,-1.734838E-08
1706063221
+2.001799E-03,-1.738630E-08
1706063226
+2.072684E-03,-1.680693E-08
1706063232
+2.017646E-03,-1.720958E-08
1706063237
+1.923410E-03,-1.750093E-08
1706063242
+1.956770E-03,-1.795777E-08
1706063248
+2.010976E-03,-1.780938E-08
1706063253
+1.936755E-03,-1.772851E-08
1706063258
+1.922576E-03,-1.804571E-08
1706063263
+1.912575E-03,-1.756096E-08
1706063269
+1.923413E-03,-1.713580E-08
1706063274
+1.937591E-03,-1.819077E-08
1706063279
+1.932588E-03,-1.715414E-08
1706063284
+1.952603E-03,-1.812950E-08
1706063290
+2.095208E-03,-1.696325E-08
1706063295
+2.040164E-03,-1.775019E-08
1706063300
+2.066022E-03,-1.791651E-08
1706063306
+1.974288E-03,-1.801363E-08
1706063311
+2.023492E-03,-1.802405E-08
1706063316
+2.000975E-03,-1.799112E-08
1706063321
+1.969288E-03,-1.796362E-08
1706063327
+2.019325E-03,-1.818995E-08
1706063332
+1.938434E-03,-1.858593E-08
1706063337
+1.980128E-03,-1.810492E-08
1706063343
+2.009318E-03,-1.792527E-08
1706063348
+2.127737E-03,-1.887478E-08
1706063353
+2.085208E-03,-1.831917E-08
1706063358
+2.089376E-03,-1.826748E-08
1706063364
+2.086873E-03,-1.806574E-08
1706063369
+2.106884E-03,-1.803739E-08
1706063374
+2.063520E-03,-1.797362E-08
1706063380
+2.053515E-03,-1.801822E-08
1706063385
+2.050177E-03,-1.786858E-08
1706063390
+2.010981E-03,-1.818161E-08
1706063395
+1.995138E-03,-1.806740E-08
1706063401
+2.014317E-03,-1.839543E-08
1706063406
+1.965114E-03,-1.910652E-08
1706063411
+1.950104E-03,-1.842003E-08
1706063416
+1.972621E-03,-1.807698E-08
1706063422
+1.955108E-03,-1.928242E-08
1706063427
+2.091038E-03,-1.792068E-08
1706063432
+2.032663E-03,-1.831332E-08
1706063438
+1.984293E-03,-1.798820E-08
1706063443
+1.935927E-03,-1.838626E-08
1706063448
+2.032663E-03,-1.796319E-08
1706063453
+1.984292E-03,-1.786232E-08
1706063459
+2.081029E-03,-1.886643E-08
1706063464
+1.956768E-03,-1.898188E-08
1706063469
+1.993468E-03,-1.922281E-08
1706063475
+1.945931E-03,-1.845211E-08
1706063480
+1.854198E-03,-1.841376E-08
1706063485
+1.930923E-03,-1.862677E-08
1706063490
+1.904235E-03,-1.835958E-08
1706063495
+1.865873E-03,-1.839126E-08
1706063501
+1.868376E-03,-1.883850E-08
1706063506
+1.910908E-03,-1.844378E-08
1706063511
+2.022652E-03,-1.827371E-08
1706063517
+1.917574E-03,-1.885017E-08
1706063522
+1.922581E-03,-1.852798E-08
1706063527
+1.890054E-03,-1.882182E-08
1706063532
+1.899228E-03,-1.886351E-08
1706063538
+1.988460E-03,-1.871637E-08
1706063543
+1.908401E-03,-1.904566E-08
1706063548
+1.850024E-03,-1.922447E-08
1706063554
+1.880881E-03,-1.886392E-08
1706063559
+1.866703E-03,-1.883933E-08
1706063564
+1.933421E-03,-1.862801E-08
1706063569
+1.960939E-03,-1.901314E-08
1706063575
+1.923413E-03,-1.878098E-08
1706063580
+1.921747E-03,-1.912986E-08
1706063585
+1.935921E-03,-1.950957E-08
1706063590
+2.046835E-03,-1.883267E-08
1706063596
+2.060178E-03,-1.887977E-08
1706063601
+1.972613E-03,-1.875222E-08
1706063606
+1.952596E-03,-1.876347E-08
1706063612
+1.937586E-03,-1.917695E-08
1706063617
+1.935088E-03,-1.851630E-08
1706063622
+1.955933E-03,-1.902356E-08
1706063627
+1.999300E-03,-1.921364E-08
1706063633
+1.913405E-03,-1.914236E-08
1706063638
+2.019310E-03,-1.940911E-08
1706063643
+1.920906E-03,-1.984427E-08
1706063649
+1.902560E-03,-1.946205E-08
1706063654
+1.890052E-03,-1.865301E-08
1706063659
+1.872543E-03,-1.913569E-08
1706063664
+1.954269E-03,-1.950416E-08
1706063670
+1.953436E-03,-1.902107E-08
1706063675
+1.908402E-03,-1.953208E-08
1706063680
+1.891722E-03,-1.880557E-08
1706063686
+1.876711E-03,-1.886559E-08
1706063691
+1.925912E-03,-1.956167E-08
1706063696
+1.855026E-03,-2.017106E-08
1706063701
+1.863364E-03,-1.925739E-08
1706063707
+1.927577E-03,-1.939119E-08
1706063712
+1.945924E-03,-1.937577E-08
1706063717
+1.951763E-03,-1.914694E-08
1706063722
+1.949259E-03,-1.893436E-08
1706063728
+1.913397E-03,-1.938993E-08
1706063733
+1.917565E-03,-1.983426E-08
1706063738
+1.860861E-03,-1.960001E-08
1706063744
+1.808319E-03,-1.990970E-08
1706063749
+1.891714E-03,-2.025441E-08
1706063754
+1.914229E-03,-2.033819E-08
1706063759
+1.905888E-03,-2.095507E-08
1706063765
+1.875033E-03,-2.011310E-08
1706063770
+1.947581E-03,-2.023731E-08
1706063775
+1.950086E-03,-1.991345E-08
1706063781
+1.999286E-03,-1.971546E-08
1706063786
+2.002623E-03,-1.995971E-08
1706063791
+2.071840E-03,-2.003224E-08
1706063796
+2.060165E-03,-1.993221E-08
1706063802
+2.009294E-03,-1.997930E-08
1706063807
+2.014298E-03,-1.983508E-08
1706063812
+1.982607E-03,-1.949538E-08
1706063818
+1.940077E-03,-1.992845E-08
1706063823
+1.973435E-03,-1.902521E-08
1706063828
+1.960921E-03,-1.897227E-08
1706063833
+1.869191E-03,-1.991761E-08
1706063839
+1.898378E-03,-1.960708E-08
1706063844
+1.911720E-03,-2.011518E-08
1706063849
+1.898376E-03,-2.006808E-08
1706063854
+1.933403E-03,-2.074582E-08
1706063860
+2.011791E-03,-1.960958E-08
1706063865
+1.986772E-03,-1.988676E-08
1706063870
+1.925059E-03,-1.956414E-08
1706063876
+1.854176E-03,-1.991510E-08
1706063881
+1.894203E-03,-2.037568E-08
1706063886
+1.866682E-03,-1.964375E-08
1706063891
+1.852505E-03,-2.044695E-08
1706063897
+1.930060E-03,-1.971461E-08
1706063902
+1.897538E-03,-1.952287E-08
1706063907
+1.994271E-03,-1.966667E-08
1706063913
+1.950909E-03,-1.954079E-08
1706063918
+1.965919E-03,-1.920317E-08
1706063923
+2.003446E-03,-2.028314E-08
1706063928
+1.987600E-03,-1.996344E-08
1706063934
+1.990939E-03,-2.023354E-08
1706063939
+1.932563E-03,-2.007974E-08
1706063944
+1.968419E-03,-2.007807E-08
1706063950
+2.017621E-03,-2.037150E-08
1706063955
+1.980094E-03,-1.978421E-08
1706063960
+1.998440E-03,-1.985924E-08
1706063965
+1.949240E-03,-2.062076E-08
1706063970
+1.915046E-03,-2.012975E-08
1706063976
+1.982594E-03,-2.013183E-08
1706063981
+1.937563E-03,-1.944742E-08
1706063986
+1.970918E-03,-2.005097E-08
1706063991
+1.945900E-03,-2.023728E-08
1706063997
+1.955071E-03,-2.013432E-08
1706064002
+1.945897E-03,-2.025728E-08
1706064007
+1.982592E-03,-2.017309E-08
1706064013
+1.930887E-03,-2.131933E-08
1706064018
+2.003439E-03,-2.018726E-08
1706064023
+1.926717E-03,-1.964373E-08
1706064028
+1.961743E-03,-1.972585E-08
1706064034
+1.907537E-03,-1.987673E-08
1706064039
+1.917542E-03,-2.052655E-08
1706064044
+1.829144E-03,-1.972125E-08
1706064050
+1.997597E-03,-2.062033E-08
1706064055
+1.981754E-03,-1.972584E-08
1706064060
+1.878344E-03,-2.060531E-08
1706064065
+1.885011E-03,-2.086790E-08
1706064071
+1.860829E-03,-2.034980E-08
1706064076
+1.927548E-03,-2.051821E-08
1706064081
+1.918370E-03,-2.044150E-08
1706064087
+1.868338E-03,-2.090251E-08
1706064092
+1.900023E-03,-2.016140E-08
1706064097
+1.920874E-03,-2.042900E-08
1706064102
+1.962567E-03,-1.970290E-08
1706064108
+1.899187E-03,-2.060030E-08
1706064113
+1.916701E-03,-2.092292E-08
1706064118
+1.952559E-03,-2.027769E-08
1706064123
+1.955894E-03,-2.027602E-08
1706064129
+1.934211E-03,-2.006886E-08
1706064134
+1.977571E-03,-2.095626E-08
1706064139
+2.010097E-03,-2.027143E-08
1706064145
+2.047624E-03,-2.057779E-08
1706064150
+2.019270E-03,-2.119009E-08
1706064155
+1.897514E-03,-2.077494E-08
1706064160
+1.898353E-03,-2.110924E-08
1706064166
+1.956726E-03,-2.067866E-08
1706064171
+1.895849E-03,-2.109464E-08
1706064176
+1.874999E-03,-2.072201E-08
1706064182
+1.939211E-03,-2.114716E-08
1706064187
+2.026776E-03,-2.042732E-08
1706064192
+1.943384E-03,-2.105672E-08
1706064197
+1.887505E-03,-2.092666E-08
1706064203
+1.895847E-03,-2.060988E-08
1706064208
+1.975903E-03,-2.045483E-08
1706064213
+1.905019E-03,-2.046608E-08
1706064219
+1.883334E-03,-2.082495E-08
1706064224
+1.928365E-03,-2.077910E-08
1706064229
+1.980903E-03,-2.086455E-08
1706064234
+2.033442E-03,-2.170318E-08
1706064240
+1.997581E-03,-2.180571E-08
1706064245
+2.011757E-03,-2.099167E-08
1706064250
+1.981738E-03,-2.102002E-08
1706064255
+1.940875E-03,-2.066073E-08
1706064261
+1.891675E-03,-2.119092E-08
1706064266
+1.834130E-03,-2.041813E-08
1706064271
+1.908350E-03,-2.140099E-08
1706064277
+1.956718E-03,-2.135722E-08
1706064282
+1.925027E-03,-2.064488E-08
1706064287
+1.920025E-03,-2.095124E-08
1706064292
+1.886664E-03,-2.173860E-08
1706064297
+1.989239E-03,-2.094457E-08
1706064303
+1.970056E-03,-2.106461E-08
1706064308
+2.012589E-03,-2.165107E-08
1706064313
+2.081805E-03,-2.147976E-08
1706064319
+2.068462E-03,-2.160397E-08
1706064324
+2.020094E-03,-2.151769E-08
1706064329
+2.039275E-03,-2.168567E-08
1706064334
+2.052615E-03,-2.163606E-08
1706064340
+2.048446E-03,-2.170317E-08
1706064345
+2.099314E-03,-2.143474E-08
1706064350
+1.965050E-03,-2.118506E-08
1706064356
+1.926691E-03,-2.116589E-08
1706064361
+1.971722E-03,-2.135221E-08
1706064366
+1.978394E-03,-2.160396E-08
1706064371
+1.992572E-03,-2.143891E-08
1706064377
+1.986733E-03,-2.191657E-08
1706064382
+1.989235E-03,-2.129427E-08
1706064387
+1.997571E-03,-2.138513E-08
1706064393
+1.980057E-03,-2.177276E-08
1706064398
+1.976725E-03,-2.171984E-08
1706064403
+1.936694E-03,-2.172692E-08
1706064408
+1.943369E-03,-2.192824E-08
1706064414
+1.986731E-03,-2.107710E-08
1706064419
+1.960880E-03,-2.178569E-08
1706064424
+1.940028E-03,-2.151184E-08
1706064429
+1.957542E-03,-2.174692E-08
1706064434
+1.942530E-03,-2.112087E-08
1706064440
+1.936693E-03,-2.186238E-08
1706064445
+1.933360E-03,-2.142514E-08
1706064450
+1.936693E-03,-2.130968E-08
1706064456
+1.955036E-03,-2.159311E-08
1706064461
+1.945030E-03,-2.169815E-08
1706064466
+1.945033E-03,-2.189489E-08
1706064471
+1.933354E-03,-2.190239E-08
1706064477
+1.989230E-03,-2.114921E-08
1706064482
+1.939195E-03,-2.114754E-08
1706064487
+2.069287E-03,-2.154893E-08
1706064493
+2.077624E-03,-2.090287E-08
1706064498
+2.108481E-03,-2.196408E-08
1706064503
+2.051773E-03,-2.085827E-08
1706064508
+2.021750E-03,-2.134886E-08
1706064514
+2.010072E-03,-2.078407E-08
1706064519
+2.019245E-03,-2.085742E-08
1706064524
+2.040924E-03,-2.123464E-08
1706064530
+1.950030E-03,-2.094454E-08
1706064535
+2.074284E-03,-2.055065E-08
1706064540
+1.986718E-03,-2.129924E-08
1706064545
+2.035925E-03,-2.169272E-08
1706064551
+2.009234E-03,-2.090786E-08
1706064556
+2.000062E-03,-2.189362E-08
1706064561
+2.025076E-03,-2.085491E-08
1706064566
+1.963368E-03,-2.126840E-08
1706064572
+1.965035E-03,-2.113168E-08
1706064577
+1.914999E-03,-2.127715E-08
1706064582
+1.932512E-03,-2.081407E-08
1706064588
+2.027580E-03,-2.142178E-08
1706064593
+2.020907E-03,-2.155266E-08
1706064598
+2.037585E-03,-2.078614E-08
1706064603
+2.010898E-03,-2.113251E-08
1706064609
+2.028411E-03,-2.118753E-08
1706064614
+2.040086E-03,-2.115877E-08
1706064619
+2.025910E-03,-2.139052E-08
1706064625
+2.044254E-03,-2.179024E-08
1706064630
+1.985878E-03,-2.227832E-08
1706064635
+2.060934E-03,-2.102330E-08
1706064640
+2.062603E-03,-2.154141E-08
1706064646
+2.116811E-03,-2.132217E-08
1706064651
+2.056761E-03,-2.208659E-08
1706064656
+2.085120E-03,-2.104957E-08
1706064662
+2.073440E-03,-2.144511E-08
1706064667
+2.118470E-03,-2.144178E-08
1706064672
+2.012560E-03,-2.156807E-08
1706064677
+2.065100E-03,-2.165394E-08
1706064683
+2.066763E-03,-2.215744E-08
1706064688
+1.997548E-03,-2.091658E-08
1706064693
+2.083447E-03,-2.165686E-08
1706064698
+1.897480E-03,-2.122878E-08
1706064704
+1.953351E-03,-2.204907E-08
1706064709
+1.945013E-03,-2.146720E-08
1706064714
+1.961687E-03,-2.206782E-08
1706064720
+2.110962E-03,-2.201822E-08
1706064725
+2.079275E-03,-2.206741E-08
1706064730
+2.081773E-03,-2.169602E-08
1706064735
+2.000045E-03,-2.241544E-08
1706064741
+2.100954E-03,-2.212201E-08
1706064746
+2.022562E-03,-2.188108E-08
1706064751
+2.021733E-03,-2.250298E-08
1706064757
+2.153493E-03,-2.207283E-08
1706064762
+2.166834E-03,-2.238127E-08
1706064767
+2.157661E-03,-2.189693E-08
1706064772
+2.072601E-03,-2.217744E-08
1706064778
+2.063425E-03,-2.213826E-08
1706064783
+2.053418E-03,-2.162266E-08
1706064788
+1.955014E-03,-2.287185E-08
1706064794
+2.000045E-03,-2.154263E-08
1706064799
+2.040075E-03,-2.156431E-08
1706064804
+1.946677E-03,-2.190360E-08
1706064809
+1.970022E-03,-2.198945E-08
1706064815
+2.038405E-03,-2.182148E-08
1706064820
+2.041740E-03,-2.255840E-08
1706064825
+2.013387E-03,-2.232165E-08
1706064830
+2.038406E-03,-2.225621E-08
1706064836
+2.032570E-03,-2.239377E-08
1706064841
+1.985869E-03,-2.208949E-08
1706064846
+2.025061E-03,-2.259091E-08
1706064852
+1.968354E-03,-2.196277E-08
1706064857
+1.964185E-03,-2.245253E-08
1706064862
+2.040073E-03,-2.237459E-08
1706064867
+2.032564E-03,-2.191275E-08
1706064873
+1.962512E-03,-2.196151E-08
1706064878
+2.001710E-03,-2.240251E-08
1706064883
+2.067590E-03,-2.253672E-08
1706064889
+1.983361E-03,-2.261758E-08
1706064894
+1.934990E-03,-2.281431E-08
1706064899
+1.919983E-03,-2.255922E-08
1706064904
+2.102607E-03,-2.232038E-08
1706064910
+2.105945E-03,-2.175435E-08
1706064915
+2.052571E-03,-2.198234E-08
1706064920
+2.106780E-03,-2.253088E-08
1706064926
+2.085096E-03,-2.264967E-08
1706064931
+2.016715E-03,-2.234623E-08
1706064936
+1.985859E-03,-2.192316E-08
1706064941
+1.963342E-03,-2.222868E-08
1706064947
+2.039233E-03,-2.207655E-08
1706064952
+2.027554E-03,-2.268468E-08
1706064957
+2.080926E-03,-2.252879E-08
1706064963
+2.071752E-03,-2.184104E-08
1706064968
+2.146800E-03,-2.215364E-08
1706064973
+2.049232E-03,-2.230453E-08
1706064978
+2.132623E-03,-2.285347E-08
1706064984
+2.092598E-03,-2.151968E-08
1706064989
+2.165144E-03,-2.198525E-08
1706064994
+2.025882E-03,-2.165180E-08
1706064999
+2.040058E-03,-2.242124E-08
1706065005
+2.097595E-03,-2.213488E-08
1706065010
+2.074246E-03,-2.155093E-08
1706065015
+2.015870E-03,-2.132334E-08
1706065021
+2.004193E-03,-2.274676E-08
1706065026
+2.037553E-03,-2.222450E-08
1706065031
+2.040055E-03,-2.158552E-08
1706065036
+2.050895E-03,-2.204568E-08
1706065042
+2.131785E-03,-2.224825E-08
1706065047
+2.110933E-03,-2.200858E-08
1706065052
+2.065070E-03,-2.215613E-08
1706065058
+2.025877E-03,-2.318733E-08
1706065063
+2.002526E-03,-2.218948E-08
1706065068
+2.060900E-03,-2.234912E-08
1706065073
+2.123443E-03,-2.252543E-08
1706065079
+2.135120E-03,-2.181102E-08
1706065084
+2.132614E-03,-2.252459E-08
1706065089
+2.033378E-03,-2.300142E-08
1706065095
+2.007527E-03,-2.236579E-08
1706065100
+2.059230E-03,-2.196356E-08
1706065105
+2.090083E-03,-2.235244E-08
1706065110
+2.083412E-03,-2.234911E-08
1706065116
+2.109263E-03,-2.117286E-08
1706065121
+2.129275E-03,-2.231159E-08
1706065126
+2.178479E-03,-2.151465E-08
1706065131
+2.104259E-03,-2.218697E-08
1706065137
+2.105094E-03,-2.280427E-08
1706065142
+2.081745E-03,-2.298392E-08
1706065147
+2.153459E-03,-2.177974E-08
1706065153
+2.055055E-03,-2.251791E-08
1706065158
+2.117597E-03,-2.192603E-08
1706065163
+2.085915E-03,-2.236287E-08
1706065168
+2.005859E-03,-2.196856E-08
1706065174
+2.074237E-03,-2.260169E-08
1706065179
+2.080908E-03,-2.216321E-08
1706065184
+2.151791E-03,-2.210360E-08
1706065190
+2.125940E-03,-2.260086E-08
1706065195
+2.085078E-03,-2.237870E-08
1706065200
+2.108424E-03,-2.243163E-08
1706065205
+2.124267E-03,-2.246580E-08
1706065211
+2.174300E-03,-2.288553E-08
1706065216
+2.105923E-03,-2.290096E-08
1706065221
+2.105089E-03,-2.252041E-08
1706065227
+2.019197E-03,-2.345657E-08
1706065232
+2.015023E-03,-2.288636E-08
1706065237
+2.118434E-03,-2.244205E-08
1706065242
+2.076736E-03,-2.265129E-08
1706065248
+2.062555E-03,-2.246621E-08
1706065253
+2.095080E-03,-2.267213E-08
1706065258
+2.100085E-03,-2.205233E-08
1706065263
+2.070897E-03,-2.272131E-08
1706065269
+2.153454E-03,-2.192103E-08
1706065274
+2.186811E-03,-2.231450E-08
1706065279
+2.121762E-03,-2.273089E-08
1706065285
+2.126763E-03,-2.221487E-08
1706065290
+2.152618E-03,-2.207024E-08
1706065295
+2.155954E-03,-2.253874E-08
1706065300
+2.057550E-03,-2.281759E-08
1706065306
+2.190979E-03,-2.293013E-08
1706065311
+2.096744E-03,-2.264878E-08
1706065316
+2.121762E-03,-2.215610E-08
1706065322
+2.114253E-03,-2.265794E-08
1706065327
+2.184300E-03,-2.234866E-08
1706065332
+2.205150E-03,-2.281674E-08
1706065337
+2.220160E-03,-2.278215E-08
1706065343
+2.131763E-03,-2.259416E-08
1706065348
+2.200985E-03,-2.272964E-08
1706065353
+2.101748E-03,-2.267128E-08
1706065359
+2.201819E-03,-2.304433E-08
1706065364
+2.173462E-03,-2.273797E-08
1706065369
+2.140938E-03,-2.246829E-08
1706065374
+2.174296E-03,-2.243786E-08
1706065380
+2.098407E-03,-2.224738E-08
1706065385
+2.168462E-03,-2.246163E-08
1706065390
+2.128431E-03,-2.329566E-08
1706065395
+2.207658E-03,-2.268588E-08
1706065401
+2.175968E-03,-2.215819E-08
1706065406
+2.127597E-03,-2.263210E-08
1706065411
+2.116756E-03,-2.297513E-08
1706065417
+2.157621E-03,-2.241620E-08
1706065422
+2.145942E-03,-2.322939E-08
1706065427
+2.170125E-03,-2.328191E-08
1706065432
+2.038363E-03,-2.304473E-08
1706065438
+2.119252E-03,-2.295970E-08
1706065443
+2.171789E-03,-2.317644E-08
1706065448
+2.156780E-03,-2.222820E-08
1706065454
+2.106742E-03,-2.311683E-08
1706065459
+2.090895E-03,-2.353072E-08
1706065464
+2.025849E-03,-2.286007E-08
1706065469
+2.162609E-03,-2.262457E-08
1706065475
+2.293535E-03,-2.282506E-08
1706065480
+2.200981E-03,-2.320396E-08
1706065485
+2.155940E-03,-2.260790E-08
1706065491
+2.250175E-03,-2.310391E-08
1706065496
+2.241834E-03,-2.305764E-08
1706065501
+2.266015E-03,-2.314808E-08
1706065506
+2.196800E-03,-2.360658E-08
1706065512
+2.215147E-03,-2.305764E-08
1706065517
+2.224316E-03,-2.317726E-08
1706065522
+2.193462E-03,-2.277795E-08
1706065527
+2.156769E-03,-2.336982E-08
1706065533
+2.167607E-03,-2.321018E-08
1706065538
+2.246831E-03,-2.315266E-08
1706065543
+2.243497E-03,-2.380497E-08
1706065549
+2.223481E-03,-2.371952E-08
1706065554
+2.157603E-03,-2.342526E-08
1706065559
+2.169281E-03,-2.236656E-08
1706065564
+2.179290E-03,-2.268168E-08
1706065569
+2.193467E-03,-2.342902E-08
1706065575
+2.201805E-03,-2.373371E-08
1706065580
+2.184291E-03,-2.337525E-08
1706065585
+2.170112E-03,-2.252036E-08
1706065591
+2.202632E-03,-2.291758E-08
1706065596
+2.185958E-03,-2.316559E-08
1706065601
+2.182618E-03,-2.291007E-08
1706065606
+2.105064E-03,-2.389375E-08
1706065612
+2.160938E-03,-2.287256E-08
1706065617
+2.185955E-03,-2.263748E-08
1706065622
+2.133415E-03,-2.327228E-08
1706065628
+2.195123E-03,-2.324310E-08
1706065633
+2.175943E-03,-2.366199E-08
1706065638
+2.184281E-03,-2.378203E-08
1706065643
+2.162598E-03,-2.351819E-08
1706065649
+2.155094E-03,-2.244865E-08
1706065654
+2.125907E-03,-2.343733E-08
1706065659
+2.161764E-03,-2.326352E-08
1706065665
+2.172605E-03,-2.375160E-08
1706065670
+2.120066E-03,-2.279918E-08
1706065675
+2.190947E-03,-2.245239E-08
1706065680
+2.185947E-03,-2.339273E-08
1706065686
+2.110892E-03,-2.282628E-08
1706065691
+2.212629E-03,-2.321516E-08
1706065696
+2.271839E-03,-2.350735E-08
1706065701
+2.181780E-03,-2.321892E-08
1706065707
+2.260166E-03,-2.304219E-08
1706065712
+2.175105E-03,-2.269165E-08
1706065717
+2.185943E-03,-2.335896E-08
1706065723
+2.194279E-03,-2.294089E-08
1706065728
+2.253487E-03,-2.367989E-08
1706065733
+2.146745E-03,-2.309677E-08
1706065738
+2.237641E-03,-2.330142E-08
1706065744
+2.153417E-03,-2.313054E-08
1706065749
+2.159251E-03,-2.322723E-08
1706065754
+2.160917E-03,-2.278957E-08
1706065760
+2.246812E-03,-2.300715E-08
1706065765
+2.194277E-03,-2.272373E-08
1706065770
+2.194280E-03,-2.341564E-08
1706065775
+2.209296E-03,-2.315014E-08
1706065781
+2.148416E-03,-2.335562E-08
1706065786
+2.187617E-03,-2.396543E-08
1706065791
+2.202626E-03,-2.331187E-08
1706065797
+2.160931E-03,-2.317557E-08
1706065802
+2.190948E-03,-2.325184E-08
1706065807
+2.216799E-03,-2.261829E-08
1706065812
+2.276847E-03,-2.288714E-08
1706065818
+2.188446E-03,-2.385371E-08
1706065823
+2.165928E-03,-2.389414E-08
1706065828
+2.194280E-03,-2.360404E-08
1706065833
+2.189272E-03,-2.360361E-08
1706065839
+2.178437E-03,-2.354902E-08
1706065844
+2.205120E-03,-2.333019E-08
1706065849
+2.187605E-03,-2.391247E-08
1706065855
+2.162595E-03,-2.346274E-08
1706065860
+2.171759E-03,-2.303508E-08
1706065865
+2.219297E-03,-2.384370E-08
1706065870
+2.224298E-03,-2.328142E-08
1706065876
+2.158418E-03,-2.310344E-08
1706065881
+2.231803E-03,-2.339229E-08
1706065886
+2.180935E-03,-2.344898E-08
1706065892
+2.166754E-03,-2.317637E-08
1706065897
+2.193440E-03,-2.379784E-08
1706065902
+2.212617E-03,-2.432218E-08
1706065907
+2.290172E-03,-2.328141E-08
1706065913
+2.368560E-03,-2.364653E-08
1706065918
+2.205946E-03,-2.390579E-08
1706065923
+2.200109E-03,-2.398957E-08
1706065929
+2.134233E-03,-2.286502E-08
1706065934
+2.134232E-03,-2.309551E-08
1706065939
+2.241803E-03,-2.308092E-08
1706065944
+2.190103E-03,-2.342687E-08
1706065950
+2.150907E-03,-2.328849E-08
1706065955
+2.282664E-03,-2.361485E-08
1706065960
+2.275158E-03,-2.314593E-08
1706065965
+2.225957E-03,-2.295003E-08
1706065971
+2.155073E-03,-2.330182E-08
1706065976
+2.228459E-03,-2.363819E-08
1706065981
+2.247635E-03,-2.311467E-08
1706065987
+2.292667E-03,-2.354315E-08
1706065992
+2.244301E-03,-2.317177E-08
1706065997
+2.241808E-03,-2.369197E-08
1706066002
+2.232626E-03,-2.380407E-08
1706066008
+2.230960E-03,-2.429591E-08
1706066013
+2.314352E-03,-2.285000E-08
1706066018
+2.252647E-03,-2.323598E-08
1706066024
+2.209280E-03,-2.351398E-08
1706066029
+2.252644E-03,-2.285584E-08
1706066034
+2.236803E-03,-2.352649E-08
1706066039
+2.289341E-03,-2.334352E-08
1706066045
+2.270155E-03,-2.328223E-08
1706066050
+2.248472E-03,-2.369029E-08
1706066055
+2.274323E-03,-2.294795E-08
1706066061
+2.203441E-03,-2.303965E-08
1706066066
+2.220949E-03,-2.364693E-08
1706066071
+2.212611E-03,-2.301422E-08
1706066076
+2.229291E-03,-2.414586E-08
1706066082
+2.214280E-03,-2.323054E-08
1706066087
+2.231794E-03,-2.378699E-08
1706066092
+2.238470E-03,-2.333393E-08
1706066097
+2.245977E-03,-2.361111E-08
1706066103
+2.230130E-03,-2.409669E-08
1706066108
+2.255153E-03,-2.394873E-08
1706066113
+2.255147E-03,-2.465771E-08
1706066119
+2.239304E-03,-2.441138E-08
1706066124
+2.196774E-03,-2.425091E-08
1706066129
+2.197605E-03,-2.341145E-08
1706066134
+2.220117E-03,-2.407041E-08
1706066140
+2.274318E-03,-2.428548E-08
1706066145
+2.205100E-03,-2.351188E-08
1706066150
+2.306846E-03,-2.415587E-08
1706066156
+2.281829E-03,-2.385368E-08
1706066161
+2.239296E-03,-2.424547E-08
1706066166
+2.225956E-03,-2.441637E-08
1706066171
+2.274323E-03,-2.402582E-08
1706066177
+2.227620E-03,-2.388493E-08
1706066182
+2.293498E-03,-2.409291E-08
1706066187
+2.291829E-03,-2.361025E-08
1706066193
+2.202598E-03,-2.369360E-08
1706066198
+2.280150E-03,-2.470395E-08
1706066203
+2.302667E-03,-2.440093E-08
1706066208
+2.274318E-03,-2.443678E-08
1706066214
+2.260139E-03,-2.448430E-08
1706066219
+2.278486E-03,-2.459225E-08
1706066224
+2.323518E-03,-2.361233E-08
1706066229
+2.316015E-03,-2.301338E-08
1706066235
+2.306835E-03,-2.418210E-08
1706066240
+2.287656E-03,-2.373153E-08
1706066245
+2.232620E-03,-2.420378E-08
1706066251
+2.228452E-03,-2.377531E-08
1706066256
+2.156735E-03,-2.374321E-08
1706066261
+2.214276E-03,-2.497322E-08
1706066266
+2.191758E-03,-2.352271E-08
1706066272
+2.265975E-03,-2.356981E-08
1706066277
+2.315175E-03,-2.304879E-08
1706066282
+2.300998E-03,-2.352687E-08
1706066287
+2.274310E-03,-2.418626E-08
1706066293
+2.235116E-03,-2.375070E-08
1706066298
+2.328515E-03,-2.319634E-08
1706066303
+2.266804E-03,-2.348393E-08
1706066308
+2.242619E-03,-2.374861E-08
1706066314
+2.311836E-03,-2.353604E-08
1706066319
+2.336859E-03,-2.384032E-08
1706066324
+2.256804E-03,-2.398454E-08
1706066330
+2.256804E-03,-2.385575E-08
1706066335
+2.313511E-03,-2.473355E-08
1706066340
+2.242626E-03,-2.349770E-08
1706066345
+2.311011E-03,-2.362984E-08
1706066351
+2.309339E-03,-2.374737E-08
1706066356
+2.316840E-03,-2.409123E-08
1706066361
+2.338526E-03,-2.385032E-08
1706066367
+2.400234E-03,-2.332514E-08
1706066372
+2.366041E-03,-2.370360E-08
1706066377
+2.359367E-03,-2.367442E-08
1706066382
+2.383552E-03,-2.330763E-08
1706066388
+2.307663E-03,-2.396910E-08
1706066393
+2.291816E-03,-2.441383E-08
1706066398
+2.414406E-03,-2.465184E-08
1706066403
+2.392726E-03,-2.470853E-08
1706066408
+2.357703E-03,-2.391826E-08
1706066414
+2.398565E-03,-2.309214E-08
1706066419
+2.469442E-03,-2.431505E-08
1706066424
+2.337686E-03,-2.430297E-08
1706066430
+2.285983E-03,-2.455430E-08
1706066435
+2.366041E-03,-2.422586E-08
1706066440
+2.286817E-03,-2.464475E-08
1706066445
+2.417741E-03,-2.440341E-08
1706066451
+2.396060E-03,-2.414708E-08
1706066456
+2.378549E-03,-2.422753E-08
1706066461
+2.313500E-03,-2.365732E-08
1706066467
+2.268468E-03,-2.377319E-08
1706066472
+2.330178E-03,-2.433130E-08
1706066477
+2.393558E-03,-2.409331E-08
1706066482
+2.269304E-03,-2.421793E-08
1706066488
+2.303494E-03,-2.398160E-08
1706066493
+2.247624E-03,-2.417501E-08
1706066498
+2.334350E-03,-2.402954E-08
1706066504
+2.255965E-03,-2.359398E-08
1706066509
+2.230942E-03,-2.451970E-08
1706066514
+2.288482E-03,-2.407621E-08
1706066519
+2.278475E-03,-2.385072E-08
1706066525
+2.282648E-03,-2.432339E-08
1706066530
+2.277645E-03,-2.463308E-08
1706066535
+2.305160E-03,-2.447802E-08
1706066540
+2.260133E-03,-2.487483E-08
1706066546
+2.339356E-03,-2.461766E-08
1706066551
+2.311004E-03,-2.464517E-08
1706066556
+2.358540E-03,-2.539377E-08
1706066561
+2.334355E-03,-2.469478E-08
1706066567
+2.368545E-03,-2.372736E-08
1706066572
+2.425250E-03,-2.463350E-08
1706066577
+2.393561E-03,-2.414458E-08
1706066582
+2.395229E-03,-2.505323E-08
1706066588
+2.469446E-03,-2.463225E-08
1706066593
+2.382719E-03,-2.409957E-08
1706066598
+2.293490E-03,-2.439258E-08
1706066604
+2.258469E-03,-2.389575E-08
1706066609
+2.346862E-03,-2.439175E-08
1706066614
+2.298494E-03,-2.409540E-08
1706066619
+2.316840E-03,-2.463767E-08
1706066625
+2.347698E-03,-2.385157E-08
1706066630
+2.359367E-03,-2.407747E-08
1706066635
+2.274304E-03,-2.433880E-08
1706066641
+2.256792E-03,-2.377778E-08
1706066646
+2.289313E-03,-2.401077E-08
1706066651
+2.318500E-03,-2.443758E-08
1706066656
+2.335178E-03,-2.446301E-08
1706066662
+2.337677E-03,-2.440506E-08
1706066667
+2.383545E-03,-2.424252E-08
1706066672
+2.420238E-03,-2.385530E-08
1706066678
+2.348524E-03,-2.429462E-08
1706066683
+2.327676E-03,-2.422710E-08
1706066688
+2.320172E-03,-2.428796E-08
1706066693
+2.337682E-03,-2.433297E-08
1706066699
+2.290152E-03,-2.451512E-08
1706066704
+2.240115E-03,-2.465141E-08
1706066709
+2.295984E-03,-2.442258E-08
1706066714
+2.274302E-03,-2.442674E-08
1706066720
+2.265962E-03,-2.440840E-08
1706066725
+2.411063E-03,-2.459972E-08
1706066730
+2.376872E-03,-2.472559E-08
1706066736
+2.338512E-03,-2.438881E-08
1706066741
+2.236775E-03,-2.463181E-08
1706066746
+2.284306E-03,-2.463598E-08
1706066751
+2.336844E-03,-2.418374E-08
1706066757
+2.367700E-03,-2.462848E-08
1706066762
+2.328499E-03,-2.432753E-08
1706066767
+2.284303E-03,-2.470433E-08
1706066773
+2.230932E-03,-2.482603E-08
1706066778
+2.288471E-03,-2.392572E-08
1706066783
+2.280964E-03,-2.406660E-08
1706066788
+2.386874E-03,-2.449884E-08
1706066794
+2.318490E-03,-2.402533E-08
1706066799
+2.329332E-03,-2.464471E-08
1706066804
+2.378533E-03,-2.371773E-08
1706066810
+2.399385E-03,-2.435671E-08
1706066815
+2.308487E-03,-2.504028E-08
1706066820
+2.313490E-03,-2.461513E-08
1706066825
+2.298480E-03,-2.413997E-08
1706066831
+2.320163E-03,-2.400409E-08
1706066836
+2.371029E-03,-2.457011E-08
1706066841
+2.375198E-03,-2.421749E-08
1706066846
+2.346009E-03,-2.417205E-08
1706066852
+2.372690E-03,-2.397239E-08
1706066857
+2.275957E-03,-2.492855E-08
1706066862
+2.265950E-03,-2.456426E-08
1706066868
+2.277625E-03,-2.459552E-08
1706066873
+2.422729E-03,-2.477142E-08
1706066878
+2.362688E-03,-2.504735E-08
1706066883
+2.352680E-03,-2.544290E-08
1706066889
+2.351010E-03,-2.387403E-08
1706066894
+2.329327E-03,-2.508027E-08
1706066899
+2.371858E-03,-2.488062E-08
1706066905
+2.341002E-03,-2.544706E-08
1706066910
+2.438569E-03,-2.522115E-08
1706066915
+2.287630E-03,-2.490354E-08
1706066920
+2.320987E-03,-2.450507E-08
1706066926
+2.226755E-03,-2.484310E-08
1706066931
+2.299304E-03,-2.416787E-08
1706066936
+2.313481E-03,-2.459843E-08
1706066941
+2.253441E-03,-2.453967E-08
1706066947
+2.290135E-03,-2.454551E-08
1706066952
+2.317658E-03,-2.416872E-08
1706066957
+2.357685E-03,-2.389446E-08
1706066962
+2.333501E-03,-2.421582E-08
1706066968
+2.255946E-03,-2.418414E-08
1706066973
+2.300145E-03,-2.488521E-08
1706066978
+2.450243E-03,-2.416162E-08
1706066983
+2.357678E-03,-2.398156E-08
1706066989
+2.336831E-03,-2.420538E-08
1706066994
+2.336000E-03,-2.407493E-08
1706066999
+2.388535E-03,-2.366312E-08
1706067005
+2.259280E-03,-2.502484E-08
1706067010
+2.379362E-03,-2.395405E-08
1706067015
+2.275962E-03,-2.439963E-08
1706067020
+2.341836E-03,-2.443005E-08
1706067026
+2.396045E-03,-2.450717E-08
1706067031
+2.427732E-03,-2.406743E-08
1706067036
+2.366022E-03,-2.351724E-08
1706067041
+2.365187E-03,-2.355434E-08
1706067047
+2.305143E-03,-2.416954E-08
1706067052
+2.352671E-03,-2.459551E-08
1706067057
+2.331827E-03,-2.512778E-08
1706067062
+2.366018E-03,-2.495981E-08
1706067068
+2.323491E-03,-2.441213E-08
1706067073
+2.281795E-03,-2.429250E-08
1706067078
+2.353512E-03,-2.391237E-08
1706067083
+2.361018E-03,-2.420164E-08
1706067089
+2.282628E-03,-2.457343E-08
1706067094
+2.361848E-03,-2.446089E-08
1706067099
+2.406047E-03,-2.397156E-08
1706067104
+2.381027E-03,-2.453799E-08
1706067109
+2.351007E-03,-2.460177E-08
1706067114
+2.373521E-03,-2.460135E-08
1706067120
+2.336824E-03,-2.545538E-08
1706067125
+2.346835E-03,-2.471347E-08
1706067130
+2.425226E-03,-2.543622E-08
1706067136
+2.346838E-03,-2.497857E-08
1706067141
+2.305145E-03,-2.504526E-08
1706067146
+2.326823E-03,-2.505942E-08
1706067151
+2.310981E-03,-2.518364E-08
1706067157
+2.309315E-03,-2.485853E-08
1706067162
+2.391869E-03,-2.485519E-08
1706067167
+2.391870E-03,-2.517113E-08
1706067173
+2.383533E-03,-2.458094E-08
1706067178
+2.409379E-03,-2.392195E-08
1706067183
+2.306809E-03,-2.467179E-08
1706067188
+2.283458E-03,-2.435626E-08
1706067193
+2.334331E-03,-2.514821E-08
1706067199
+2.340166E-03,-2.418121E-08
1706067204
+2.342663E-03,-2.461885E-08
1706067209
+2.365180E-03,-2.454466E-08
1706067215
+2.307634E-03,-2.465760E-08
1706067220
+2.340989E-03,-2.452839E-08
1706067225
+2.456074E-03,-2.394278E-08
1706067230
+2.425219E-03,-2.377606E-08
1706067236
+2.381855E-03,-2.449172E-08
1706067241
+2.437727E-03,-2.389193E-08
1706067246
+2.483587E-03,-2.415742E-08
1706067251
+2.398530E-03,-2.426246E-08
1706067257
+2.431887E-03,-2.368852E-08
1706067262
+2.338489E-03,-2.367560E-08
1706067267
+2.393526E-03,-2.417785E-08
1706067273
+2.381020E-03,-2.406990E-08
1706067278
+2.404363E-03,-2.382564E-08
1706067283
+2.351826E-03,-2.383772E-08
1706067288
+2.378509E-03,-2.362348E-08
1706067294
+2.375172E-03,-2.353512E-08
1706067299
+2.429380E-03,-2.414492E-08
1706067304
+2.332646E-03,-2.384773E-08
1706067309
+2.406866E-03,-2.405614E-08
1706067315
+2.406033E-03,-2.356014E-08
1706067320
+2.387691E-03,-2.389568E-08
1706067325
+2.426055E-03,-2.452632E-08
1706067330
+2.401034E-03,-2.445587E-08
1706067336
+2.431891E-03,-2.453007E-08
1706067341
+2.408541E-03,-2.413285E-08
1706067346
+2.439398E-03,-2.363393E-08
1706067352
+2.412709E-03,-2.387400E-08
1706067357
+2.411877E-03,-2.349721E-08
1706067362
+2.364344E-03,-2.410784E-08
1706067367
+2.433554E-03,-2.372645E-08
1706067372
+2.329313E-03,-2.418243E-08
1706067378
+2.381015E-03,-2.414284E-08
1706067383
+2.402704E-03,-2.411701E-08
1706067388
+2.368512E-03,-2.473680E-08
1706067394
+2.381021E-03,-2.441502E-08
1706067399
+2.414374E-03,-2.529156E-08
1706067404
+2.441896E-03,-2.438668E-08
1706067409
+2.327648E-03,-2.477681E-08
1706067415
+2.371004E-03,-2.439708E-08
1706067420
+2.368510E-03,-2.404573E-08
1706067425
+2.350160E-03,-2.422244E-08
1706067430
+2.375177E-03,-2.394110E-08
1706067436
+2.376008E-03,-2.508273E-08
1706067441
+2.334312E-03,-2.463174E-08
1706067446
+2.330976E-03,-2.445126E-08
1706067451
+2.412696E-03,-2.457213E-08
1706067457
+2.426043E-03,-2.345259E-08
1706067462
+2.357665E-03,-2.419160E-08
1706067467
+2.333482E-03,-2.404739E-08
1706067472
+2.352664E-03,-2.447587E-08
1706067478
+2.360173E-03,-2.467803E-08
1706067483
+2.373508E-03,-2.419535E-08
1706067488
+2.368507E-03,-2.417410E-08
1706067494
+2.358496E-03,-2.519902E-08
1706067499
+2.444395E-03,-2.501355E-08
1706067504
+2.373509E-03,-2.447461E-08
1706067509
+2.360172E-03,-2.482974E-08
1706067515
+2.415207E-03,-2.449963E-08
1706067520
+2.398529E-03,-2.516610E-08
1706067525
+2.370174E-03,-2.439959E-08
1706067531
+2.411038E-03,-2.500980E-08
1706067536
+2.368508E-03,-2.471803E-08
1706067541
+2.349324E-03,-2.383772E-08
1706067546
+2.405197E-03,-2.361765E-08
1706067551
+2.397690E-03,-2.421744E-08
1706067557
+2.350154E-03,-2.445834E-08
1706067562
+2.364332E-03,-2.481347E-08
1706067567
+2.321804E-03,-2.396402E-08
1706067573
+2.362666E-03,-2.446627E-08
1706067578
+2.390184E-03,-2.438999E-08
1706067583
+2.410197E-03,-2.484806E-08
1706067588
+2.431877E-03,-2.418492E-08
1706067594
+2.438546E-03,-2.352677E-08
1706067599
+2.473576E-03,-2.479263E-08
1706067604
+2.411866E-03,-2.498561E-08
1706067609
+2.437718E-03,-2.418284E-08
1706067615
+2.336814E-03,-2.444543E-08
1706067620
+2.417701E-03,-2.382771E-08
1706067625
+2.388515E-03,-2.445126E-08
1706067631
+2.412697E-03,-2.430871E-08
1706067636
+2.439386E-03,-2.415325E-08
1706067641
+2.424374E-03,-2.393567E-08
1706067646
+2.404361E-03,-2.377395E-08
1706067652
+2.353489E-03,-2.369225E-08
1706067657
+2.393519E-03,-2.438416E-08
1706067662
+2.421041E-03,-2.412366E-08
1706067667
+2.375176E-03,-2.446044E-08
1706067673
+2.392686E-03,-2.444209E-08
1706067678
+2.391849E-03,-2.415658E-08
1706067683
+2.438546E-03,-2.447584E-08
1706067688
+2.416029E-03,-2.430870E-08
1706067694
+2.396013E-03,-2.428452E-08
1706067699
+2.558622E-03,-2.456169E-08
1706067704
+2.442715E-03,-2.440498E-08
1706067709
+2.402686E-03,-2.449001E-08
1706067714
+2.466901E-03,-2.440582E-08
1706067720
+2.422707E-03,-2.410531E-08
1706067725
+2.443550E-03,-2.405153E-08
1706067730
+2.359325E-03,-2.388189E-08
1706067735
+2.409356E-03,-2.434663E-08
1706067741
+2.479404E-03,-2.483679E-08
1706067746
+2.449390E-03,-2.458130E-08
1706067751
+2.350992E-03,-2.437583E-08
1706067757
+2.377677E-03,-2.367976E-08
1706067762
+2.460234E-03,-2.382814E-08
1706067767
+2.419372E-03,-2.481305E-08
1706067772
+2.445228E-03,-2.467343E-08
1706067778
+2.380182E-03,-2.457257E-08
1706067783
+2.421045E-03,-2.431373E-08
1706067788
+2.470245E-03,-2.492310E-08
1706067793
+2.377673E-03,-2.463382E-08
1706067799
+2.471074E-03,-2.407447E-08
1706067804
+2.483578E-03,-2.456296E-08
1706067809
+2.471067E-03,-2.475635E-08
1706067815
+2.396845E-03,-2.438413E-08
1706067820
+2.366831E-03,-2.501436E-08
1706067825
+2.348482E-03,-2.496892E-08
1706067830
+2.382673E-03,-2.477969E-08
1706067836
+2.351817E-03,-2.404945E-08
1706067841
+2.370163E-03,-2.473718E-08
1706067846
+2.381002E-03,-2.428494E-08
1706067852
+2.375164E-03,-2.444374E-08
1706067857
+2.369327E-03,-2.372892E-08
1706067862
+2.410188E-03,-2.436079E-08
1706067867
+2.418524E-03,-2.394356E-08
1706067873
+2.446043E-03,-2.435870E-08
1706067878
+2.406848E-03,-2.417572E-08
1706067883
+2.472728E-03,-2.408403E-08
1706067889
+2.402682E-03,-2.393440E-08
1706067894
+2.400182E-03,-2.404485E-08
1706067899
+2.391010E-03,-2.407695E-08
1706067904
+2.367662E-03,-2.424201E-08
1706067910
+2.430204E-03,-2.480345E-08
1706067915
+2.450219E-03,-2.402736E-08
1706067920
+2.423536E-03,-2.391566E-08
1706067925
+2.422701E-03,-2.477678E-08
1706067931
+2.421037E-03,-2.338798E-08
1706067936
+2.396022E-03,-2.381271E-08
1706067941
+2.452726E-03,-2.399861E-08
1706067947
+2.403522E-03,-2.500936E-08
1706067952
+2.406855E-03,-2.403986E-08
1706067957
+2.431872E-03,-2.406445E-08
1706067962
+2.421861E-03,-2.383686E-08
1706067968
+2.435207E-03,-2.404902E-08
1706067973
+2.384338E-03,-2.370016E-08
1706067978
+2.438540E-03,-2.445874E-08
1706067984
+2.354315E-03,-2.418573E-08
1706067989
+2.411017E-03,-2.467505E-08
1706067994
+2.419354E-03,-2.400024E-08
1706067999
+2.414357E-03,-2.367223E-08
1706068005
+2.493580E-03,-2.390814E-08
1706068010
+2.521100E-03,-2.405194E-08
1706068015
+2.446045E-03,-2.271607E-08
1706068020
+2.517762E-03,-2.408111E-08
1706068026
+2.439374E-03,-2.396483E-08
1706068031
+2.465224E-03,-2.402734E-08
1706068036
+2.437703E-03,-2.393272E-08
1706068041
+2.398507E-03,-2.400107E-08
1706068047
+2.385163E-03,-2.377308E-08
1706068052
+2.413522E-03,-2.422158E-08
1706068057
+2.393512E-03,-2.384271E-08
1706068062
+2.428536E-03,-2.475593E-08
1706068068
+2.500249E-03,-2.447166E-08
1706068073
+2.458551E-03,-2.402609E-08
1706068078
+2.436040E-03,-2.456670E-08
1706068083
+2.347646E-03,-2.387105E-08
1706068089
+2.374331E-03,-2.338630E-08
1706068094
+2.431872E-03,-2.413364E-08
1706068099
+2.393513E-03,-2.383646E-08
1706068104
+2.453552E-03,-2.332795E-08
1706068110
+2.396017E-03,-2.473218E-08
1706068115
+2.407689E-03,-2.441248E-08
1706068120
+2.391011E-03,-2.494350E-08
1706068126
+2.386004E-03,-2.523484E-08
1706068131
+2.367659E-03,-2.475968E-08
1706068136
+2.431040E-03,-2.446209E-08
1706068141
+2.389340E-03,-2.498976E-08
1706068147
+2.346811E-03,-2.451543E-08
1706068152
+2.406014E-03,-2.430618E-08
1706068157
+2.396843E-03,-2.492514E-08
1706068163
+2.461056E-03,-2.416781E-08
1706068168
+2.428534E-03,-2.436705E-08
1706068173
+2.434369E-03,-2.446374E-08
1706068178
+2.411021E-03,-2.440997E-08
1706068184
+2.458550E-03,-2.416864E-08
1706068189
+2.424357E-03,-2.483052E-08
1706068194
+2.471890E-03,-2.392063E-08
1706068200
+2.462714E-03,-2.486594E-08
1706068205
+2.406839E-03,-2.481842E-08
1706068210
+2.496905E-03,-2.460044E-08
1706068215
+2.421025E-03,-2.421157E-08
1706068221
+2.519428E-03,-2.479135E-08
1706068226
+2.421024E-03,-2.443081E-08
1706068231
+2.429362E-03,-2.419864E-08
1706068236
+2.399344E-03,-2.496683E-08
1706068242
+2.532769E-03,-2.444040E-08
1706068247
+2.392674E-03,-2.355718E-08
1706068252
+2.446040E-03,-2.406068E-08
1706068257
+2.414348E-03,-2.471506E-08
1706068263
+2.496073E-03,-2.501517E-08
1706068268
+2.461880E-03,-2.491971E-08
1706068273
+2.486893E-03,-2.427073E-08
1706068278
+2.396838E-03,-2.448540E-08
1706068284
+2.490236E-03,-2.443580E-08
1706068289
+2.400177E-03,-2.397149E-08
1706068294
+2.396840E-03,-2.404401E-08
1706068300
+2.401844E-03,-2.392397E-08
1706068305
+2.374327E-03,-2.407653E-08
1706068310
+2.340971E-03,-2.398149E-08
1706068315
+2.378498E-03,-2.398149E-08
1706068321
+2.347642E-03,-2.414613E-08
1706068326
+2.370988E-03,-2.451250E-08
1706068331
+2.461888E-03,-2.397899E-08
1706068337
+2.428535E-03,-2.372350E-08
1706068342
+2.446042E-03,-2.336420E-08
1706068347
+2.463554E-03,-2.394189E-08
1706068352
+2.424357E-03,-2.349465E-08
1706068358
+2.522759E-03,-2.354009E-08
1706068363
+2.588635E-03,-2.326624E-08
1706068368
+2.536928E-03,-2.323205E-08
1706068373
+2.452705E-03,-2.453374E-08
1706068379
+2.471056E-03,-2.433452E-08
1706068384
+2.446041E-03,-2.395398E-08
1706068389
+2.438539E-03,-2.415322E-08
1706068394
+2.451879E-03,-2.467797E-08
1706068400
+2.401846E-03,-2.498892E-08
1706068405
+2.565292E-03,-2.415780E-08
1706068410
+2.522764E-03,-2.384437E-08
1706068415
+2.517761E-03,-2.445958E-08
1706068421
+2.553617E-03,-2.497308E-08
1706068426
+2.487738E-03,-2.408903E-08
1706068431
+2.466889E-03,-2.484553E-08
1706068437
+2.471889E-03,-2.394897E-08
1706068442
+2.428521E-03,-2.400439E-08
1706068447
+2.443539E-03,-2.443622E-08
1706068452
+2.388499E-03,-2.443247E-08
1706068458
+2.379330E-03,-2.476342E-08
1706068463
+2.407682E-03,-2.424283E-08
1706068468
+2.466056E-03,-2.387854E-08
1706068473
+2.471060E-03,-2.345965E-08
1706068479
+2.468557E-03,-2.458628E-08
1706068484
+2.466056E-03,-2.426575E-08
1706068489
+2.471897E-03,-2.377768E-08
1706068494
+2.436036E-03,-2.475884E-08
1706068499
+2.441042E-03,-2.393190E-08
1706068505
+2.473560E-03,-2.364637E-08
1706068510
+2.532767E-03,-2.369181E-08
1706068515
+2.420186E-03,-2.417029E-08
1706068521
+2.528596E-03,-2.352091E-08
1706068526
+2.449378E-03,-2.488304E-08
1706068531
+2.453546E-03,-2.407944E-08
1706068536
+2.501910E-03,-2.420322E-08
1706068542
+2.424363E-03,-2.437705E-08
1706068547
+2.409348E-03,-2.442497E-08
1706068552
+2.416852E-03,-2.422281E-08
1706068558
+2.432694E-03,-2.387686E-08
1706068563
+2.434364E-03,-2.413695E-08
1706068568
+2.456879E-03,-2.428117E-08
1706068573
+2.411846E-03,-2.418655E-08
1706068579
+2.516084E-03,-2.363969E-08
1706068584
+2.476048E-03,-2.464710E-08
1706068589
+2.521912E-03,-2.374096E-08
1706068595
+2.393490E-03,-2.406148E-08
1706068600
+2.426846E-03,-2.361800E-08
1706068605
+2.412674E-03,-2.420321E-08
1706068610
+2.431855E-03,-2.479424E-08
1706068616
+2.416847E-03,-2.445246E-08
1706068621
+2.463550E-03,-2.407193E-08
1706068626
+2.516922E-03,-2.437745E-08
1706068631
+2.517753E-03,-2.470881E-08
1706068637
+2.431861E-03,-2.500057E-08
1706068642
+2.454377E-03,-2.460502E-08
1706068647
+2.524430E-03,-2.457502E-08
1706068653
+2.451043E-03,-2.378600E-08
1706068658
+2.421027E-03,-2.438872E-08
1706068663
+2.405178E-03,-2.485053E-08
1706068668
+2.461051E-03,-2.475925E-08
1706068674
+2.487737E-03,-2.457461E-08
1706068679
+2.548610E-03,-2.442163E-08
1706068684
+2.563621E-03,-2.409819E-08
1706068690
+2.491073E-03,-2.399775E-08
1706068695
+2.492739E-03,-2.437204E-08
1706068700
+2.450209E-03,-2.412153E-08
1706068705
+2.509417E-03,-2.407235E-08
1706068711
+2.446872E-03,-2.488804E-08
1706068716
+2.433527E-03,-2.385560E-08
1706068721
+2.422687E-03,-2.486136E-08
1706068727
+2.483563E-03,-2.435494E-08
1706068732
+2.441034E-03,-2.434827E-08
1706068737
+2.568616E-03,-2.472797E-08
1706068742
+2.487731E-03,-2.442913E-08
1706068748
+2.509405E-03,-2.514227E-08
1706068753
+2.493560E-03,-2.478965E-08
1706068758
+2.461869E-03,-2.487050E-08
1706068763
+2.451030E-03,-2.436283E-08
1706068768
+2.558607E-03,-2.422488E-08
1706068773
+2.421010E-03,-2.451580E-08
1706068779
+2.345127E-03,-2.439660E-08
1706068784
+2.367644E-03,-2.416236E-08
1706068789
+2.572787E-03,-2.420613E-08
1706068794
+2.507741E-03,-2.429366E-08
1706068800
+2.412675E-03,-2.512393E-08
1706068805
+2.398504E-03,-2.442038E-08
1706068810
+2.457707E-03,-2.451081E-08
1706068815
+2.551104E-03,-2.460001E-08
1706068821
+2.382653E-03,-2.494137E-08
1706068826
+2.471042E-03,-2.498721E-08
1706068831
+2.422676E-03,-2.501180E-08
1706068837
+2.416002E-03,-2.485507E-08
1706068842
+2.440195E-03,-2.526899E-08
1706068847
+2.463541E-03,-2.467169E-08
1706068852
+2.374309E-03,-2.514559E-08
1706068857
+2.514414E-03,-2.482676E-08
1706068863
+2.455208E-03,-2.525232E-08
1706068868
+2.412679E-03,-2.472089E-08
1706068873
+2.408511E-03,-2.426407E-08
1706068878
+2.438527E-03,-2.440370E-08
1706068884
+2.471888E-03,-2.511478E-08
1706068889
+2.517751E-03,-2.437744E-08
1706068894
+2.461043E-03,-2.401732E-08
1706068899
+2.488561E-03,-2.445538E-08
1706068905
+2.458535E-03,-2.486300E-08
1706068910
+2.450193E-03,-2.517018E-08
1706068915
+2.428517E-03,-2.512560E-08
1706068921
+2.483555E-03,-2.452081E-08
1706068926
+2.468541E-03,-2.477547E-08
1706068931
+2.477718E-03,-2.497221E-08
1706068936
+2.489393E-03,-2.469254E-08
1706068942
+2.545266E-03,-2.427490E-08
1706068947
+2.476886E-03,-2.507017E-08
1706068952
+2.506905E-03,-2.501431E-08
1706068958
+2.504408E-03,-2.461544E-08
1706068963
+2.506074E-03,-2.552282E-08
1706068968
+2.482723E-03,-2.539611E-08
1706068973
+2.568619E-03,-2.428574E-08
1706068979
+2.502740E-03,-2.482843E-08
1706068984
+2.526090E-03,-2.468505E-08
1706068989
+2.480222E-03,-2.453790E-08
1706068994
+2.448536E-03,-2.482217E-08
1706069000
+2.436027E-03,-2.490137E-08
1706069005
+2.448537E-03,-2.421114E-08
1706069010
+2.416851E-03,-2.537320E-08
1706069016
+2.446873E-03,-2.441330E-08
1706069021
+2.471887E-03,-2.447623E-08
1706069026
+2.470217E-03,-2.515020E-08
1706069031
+2.408507E-03,-2.505933E-08
1706069037
+2.416011E-03,-2.449664E-08
1706069042
+2.446031E-03,-2.389644E-08
1706069047
+2.571949E-03,-2.442578E-08
1706069053
+2.487725E-03,-2.425989E-08
1706069058
+2.519415E-03,-2.439244E-08
1706069063
+2.520256E-03,-2.412611E-08
1706069068
+2.522753E-03,-2.448039E-08
1706069074
+2.508576E-03,-2.466962E-08
1706069079
+2.503570E-03,-2.517312E-08
1706069084
+2.473545E-03,-2.481215E-08
1706069090
+2.527750E-03,-2.428197E-08
1706069095
+2.535261E-03,-2.468296E-08
1706069100
+2.555274E-03,-2.443620E-08
1706069105
+2.444364E-03,-2.435076E-08
1706069111
+2.452706E-03,-2.525149E-08
1706069116
+2.481060E-03,-2.397647E-08
1706069121
+2.490228E-03,-2.498555E-08
1706069126
+2.535257E-03,-2.396937E-08
1706069132
+2.426014E-03,-2.437493E-08
1706069137
+2.381810E-03,-2.372094E-08
1706069142
+2.407668E-03,-2.445704E-08
1706069148
+2.409332E-03,-2.440242E-08
1706069153
+2.445193E-03,-2.456415E-08
1706069158
+2.415171E-03,-2.476088E-08
1706069163
+2.380148E-03,-2.473379E-08
1706069168
+2.474380E-03,-2.489051E-08
1706069173
+2.489393E-03,-2.500681E-08
1706069179
+2.486059E-03,-2.460042E-08
1706069184
+2.412680E-03,-2.500474E-08
1706069189
+2.590301E-03,-2.447247E-08
1706069195
+2.570289E-03,-2.452500E-08
1706069200
+2.557782E-03,-2.485844E-08
1706069205
+2.497740E-03,-2.498598E-08
1706069210
+2.501910E-03,-2.478509E-08
1706069216
+2.476886E-03,-2.472047E-08
1706069221
+2.534430E-03,-2.430367E-08
1706069226
+2.509412E-03,-2.433034E-08
1706069232
+2.498573E-03,-2.460627E-08
1706069237
+2.504406E-03,-2.433159E-08
1706069242
+2.507746E-03,-2.421531E-08
1706069247
+2.468558E-03,-2.467423E-08
1706069252
+2.514420E-03,-2.432577E-08
1706069258
+2.540267E-03,-2.448456E-08
1706069263
+2.455207E-03,-2.376640E-08
1706069268
+2.496066E-03,-2.490636E-08
1706069274
+2.513578E-03,-2.505558E-08
1706069279
+2.512742E-03,-2.469545E-08
1706069284
+2.495231E-03,-2.476881E-08
1706069289
+2.490230E-03,-2.436160E-08
1706069295
+2.570286E-03,-2.496805E-08
1706069300
+2.556113E-03,-2.501808E-08
1706069305
+2.447707E-03,-2.520940E-08
1706069311
+2.491900E-03,-2.520314E-08
1706069316
+2.407677E-03,-2.501683E-08
1706069321
+2.543610E-03,-2.483386E-08
1706069326
+2.538603E-03,-2.436370E-08
1706069332
+2.510247E-03,-2.521898E-08
1706069337
+2.400176E-03,-2.505351E-08
1706069342
+2.355974E-03,-2.509435E-08
1706069347
+2.477721E-03,-2.466753E-08
1706069352
+2.444368E-03,-2.510269E-08
1706069358
+2.468551E-03,-2.496848E-08
1706069363
+2.487733E-03,-2.515021E-08
1706069368
+2.583632E-03,-2.491638E-08
1706069374
+2.437701E-03,-2.504393E-08
1706069379
+2.464373E-03,-2.523229E-08
1706069384
+2.576960E-03,-2.562870E-08
1706069389
+2.476880E-03,-2.457999E-08
1706069395
+2.448532E-03,-2.514060E-08
1706069400
+2.499402E-03,-2.538736E-08
1706069405
+2.446031E-03,-2.500389E-08
1706069411
+2.431020E-03,-2.536193E-08
1706069416
+2.423509E-03,-2.439451E-08
1706069421
+2.469373E-03,-2.468627E-08
1706069426
+2.431009E-03,-2.534732E-08
1706069431
+2.413497E-03,-2.448703E-08
1706069437
+2.498559E-03,-2.550029E-08
1706069442
+2.434351E-03,-2.495136E-08
1706069447
+2.499396E-03,-2.548405E-08
1706069452
+2.493559E-03,-2.532066E-08
1706069458
+2.480217E-03,-2.435408E-08
1706069463
+2.464373E-03,-2.490635E-08
1706069468
+2.498565E-03,-2.451164E-08
1706069473
+2.404331E-03,-2.475797E-08
1706069479
+2.543600E-03,-2.504766E-08
1706069484
+2.486061E-03,-2.508226E-08
1706069489
+2.497735E-03,-2.524065E-08
1706069494
+2.544435E-03,-2.452916E-08
1706069500
+2.521084E-03,-2.425239E-08
1706069505
+2.499403E-03,-2.428699E-08
1706069510
+2.460211E-03,-2.499348E-08
1706069515
+2.519416E-03,-2.549198E-08
1706069520
+2.515248E-03,-2.488678E-08
1706069526
+2.520246E-03,-2.557700E-08
1706069531
+2.625316E-03,-2.491052E-08
1706069536
+2.510238E-03,-2.467044E-08
1706069541
+2.533582E-03,-2.497303E-08
1706069547
+2.505228E-03,-2.531856E-08
1706069552
+2.458534E-03,-2.450955E-08
1706069557
+2.551102E-03,-2.531108E-08
1706069562
+2.484392E-03,-2.549114E-08
1706069567
+2.441028E-03,-2.448956E-08
1706069572
+2.450196E-03,-2.458916E-08
1706069578
+2.459365E-03,-2.475087E-08
1706069583
+2.385980E-03,-2.508140E-08
1706069588
+2.351790E-03,-2.470377E-08
1706069594
+2.357622E-03,-2.515975E-08
1706069599
+2.429341E-03,-2.487132E-08
1706069604
+2.416002E-03,-2.437658E-08
1706069609
+2.462701E-03,-2.518435E-08
1706069614
+2.379308E-03,-2.424612E-08
1706069620
+2.460195E-03,-2.546860E-08
1706069625
+2.580280E-03,-2.533356E-08
1706069630
+2.460192E-03,-2.556571E-08
1706069636
+2.500227E-03,-2.518393E-08
1706069641
+2.534416E-03,-2.550279E-08
1706069646
+2.573608E-03,-2.608215E-08
1706069651
+2.493554E-03,-2.530772E-08
1706069657
+2.461029E-03,-2.533023E-08
1706069662
+2.466867E-03,-2.569660E-08
1706069667
+2.476871E-03,-2.557655E-08
1706069672
+2.400149E-03,-2.521226E-08
1706069678
+2.410155E-03,-2.529728E-08
1706069683
+2.417665E-03,-2.473586E-08
1706069688
+2.531912E-03,-2.447702E-08
1706069694
+2.413499E-03,-2.515684E-08
1706069699
+2.406825E-03,-2.570452E-08
1706069704
+2.448526E-03,-2.619803E-08
1706069709
+2.431845E-03,-2.584665E-08
1706069715
+2.451027E-03,-2.626180E-08
1706069720
+2.478549E-03,-2.570120E-08
1706069725
+2.500227E-03,-2.514184E-08
1706069730
+2.479383E-03,-2.472754E-08
1706069735
+2.562769E-03,-2.499637E-08
1706069741
+2.551926E-03,-2.540192E-08
1706069746
+2.545252E-03,-2.506555E-08
1706069751
+2.410990E-03,-2.585289E-08
1706069756
+2.433509E-03,-2.538232E-08
1706069762
+2.468535E-03,-2.540359E-08
1706069767
+2.431008E-03,-2.503096E-08
1706069772
+2.390147E-03,-2.478338E-08
1706069778
+2.442684E-03,-2.549570E-08
1706069783
+2.491887E-03,-2.541359E-08
1706069788
+2.521077E-03,-2.544903E-08
1706069793
+2.491888E-03,-2.566993E-08
1706069799
+2.506903E-03,-2.601965E-08
1706069804
+2.521911E-03,-2.535316E-08
1706069809
+2.486885E-03,-2.602672E-08
1706069815
+2.481886E-03,-2.582708E-08
1706069820
+2.535261E-03,-2.613303E-08
1706069825
+2.598632E-03,-2.621512E-08
1706069830
+2.582786E-03,-2.604965E-08
1706069835
+2.496057E-03,-2.558157E-08
1706069841
+2.435176E-03,-2.615717E-08
1706069846
+2.481040E-03,-2.559656E-08
1706069851
+2.530239E-03,-2.578495E-08
1706069857
+2.544418E-03,-2.528479E-08
1706069862
+2.472704E-03,-2.603421E-08
1706069867
+2.469373E-03,-2.508474E-08
1706069872
+2.573615E-03,-2.541152E-08
1706069878
+2.593627E-03,-2.494719E-08
1706069883
+2.534417E-03,-2.415526E-08
1706069888
+2.480212E-03,-2.498137E-08
1706069893
+2.464367E-03,-2.527313E-08
1706069899
+2.621979E-03,-2.448829E-08
1706069904
+2.556933E-03,-2.473879E-08
1706069909
+2.561933E-03,-2.494510E-08
1706069915
+2.496060E-03,-2.488759E-08
1706069920
+2.504396E-03,-2.513392E-08
1706069925
+2.498561E-03,-2.443077E-08
1706069930
+2.431014E-03,-2.552114E-08
1706069936
+2.431842E-03,-2.528687E-08
1706069941
+2.587782E-03,-2.521143E-08
1706069946
+2.466862E-03,-2.543025E-08
1706069952
+2.466861E-03,-2.507221E-08
1706069957
+2.511892E-03,-2.528228E-08
1706069962
+2.527742E-03,-2.523019E-08
1706069967
+2.542754E-03,-2.548570E-08
1706069972
+2.541088E-03,-2.478630E-08
1706069978
+2.456031E-03,-2.473545E-08
1706069983
+2.481884E-03,-2.452205E-08
1706069988
+2.470208E-03,-2.475880E-08
1706069994
+2.441857E-03,-2.554031E-08
1706069999
+2.501894E-03,-2.536691E-08
1706070004
+2.506904E-03,-2.489802E-08
1706070009
+2.521915E-03,-2.490552E-08
1706070015
+2.385149E-03,-2.519978E-08
1706070020
+2.440191E-03,-2.550781E-08
1706070025
+2.457703E-03,-2.517978E-08
1706070031
+2.468541E-03,-2.511308E-08
1706070036
+2.522747E-03,-2.526189E-08
1706070041
+2.496064E-03,-2.528190E-08
1706070046
+2.482721E-03,-2.526690E-08
1706070052
+2.526916E-03,-2.599297E-08
1706070057
+2.486060E-03,-2.523022E-08
1706070062
+2.470212E-03,-2.537235E-08
1706070067
+2.500235E-03,-2.559326E-08
1706070073
+2.482722E-03,-2.606508E-08
1706070078
+2.536092E-03,-2.559200E-08
1706070083
+2.476879E-03,-2.507849E-08
1706070088
+2.400161E-03,-2.543653E-08
1706070094
+2.440184E-03,-2.611716E-08
1706070099
+2.479374E-03,-2.552320E-08
1706070104
+2.603626E-03,-2.571868E-08
1706070109
+2.571109E-03,-2.551530E-08
1706070115
+2.498558E-03,-2.602630E-08
1706070120
+2.482715E-03,-2.542193E-08
1706070125
+2.476879E-03,-2.552780E-08
1706070131
+2.559436E-03,-2.557407E-08
1706070136
+2.476878E-03,-2.521103E-08
1706070141
+2.490222E-03,-2.499138E-08
1706070146
+2.480215E-03,-2.567911E-08
1706070151
+2.450190E-03,-2.546402E-08
1706070157
+2.501055E-03,-2.518351E-08
1706070162
+2.483540E-03,-2.606338E-08
1706070167
+2.490214E-03,-2.557989E-08
1706070173
+2.467702E-03,-2.545027E-08
1706070178
+2.471039E-03,-2.502596E-08
1706070183
+2.476041E-03,-2.534899E-08
1706070188
+2.498555E-03,-2.491800E-08
1706070193
+2.469371E-03,-2.535316E-08
1706070198
+2.531077E-03,-2.574203E-08
1706070204
+2.503559E-03,-2.528855E-08
1706070209
+2.615303E-03,-2.467251E-08
1706070214
+2.578614E-03,-2.456956E-08
1706070220
+2.610304E-03,-2.508307E-08
1706070225
+2.485212E-03,-2.568826E-08
1706070230
+2.488542E-03,-2.557404E-08
1706070235
+2.573603E-03,-2.475919E-08
1706070241
+2.579438E-03,-2.554236E-08
1706070246
+2.476869E-03,-2.611256E-08
1706070251
+2.471035E-03,-2.541067E-08
1706070257
+2.473536E-03,-2.515475E-08
1706070262
+2.436011E-03,-2.497427E-08
1706070267
+2.518569E-03,-2.519976E-08
1706070272
+2.540252E-03,-2.550695E-08
1706070278
+2.600293E-03,-2.578580E-08
1706070283
+2.457698E-03,-2.517185E-08
1706070288
+2.517741E-03,-2.523896E-08
1706070293
+2.396819E-03,-2.509307E-08
1706070298
+2.479380E-03,-2.561575E-08
1706070303
+2.484384E-03,-2.568077E-08
1706070309
+2.476876E-03,-2.515976E-08
1706070314
+2.502725E-03,-2.579788E-08
1706070319
+2.458527E-03,-2.535356E-08
1706070324
+2.504387E-03,-2.529854E-08
1706070330
+2.456020E-03,-2.520309E-08
1706070335
+2.430998E-03,-2.571283E-08
1706070340
+2.485205E-03,-2.572576E-08
1706070345
+2.529408E-03,-2.521935E-08
1706070351
+2.445183E-03,-2.460873E-08
1706070356
+2.457694E-03,-2.553696E-08
1706070361
+2.546086E-03,-2.515391E-08
1706070366
+2.487714E-03,-2.504304E-08
1706070371
+2.495224E-03,-2.472545E-08
1706070377
+2.555262E-03,-2.615050E-08
1706070382
+2.431005E-03,-2.437365E-08
1706070387
+2.552762E-03,-2.507265E-08
1706070392
+2.536083E-03,-2.446577E-08
1706070397
+2.551924E-03,-2.506805E-08
1706070403
+2.528568E-03,-2.495175E-08
1706070408
+2.608626E-03,-2.540441E-08
1706070413
+2.495218E-03,-2.526770E-08
1706070419
+2.551922E-03,-2.520142E-08
1706070424
+2.548591E-03,-2.495844E-08
1706070429
+2.500224E-03,-2.570869E-08
1706070434
+2.416832E-03,-2.571327E-08
1706070440
+2.541089E-03,-2.545153E-08
1706070445
+2.576945E-03,-2.537066E-08
1706070450
+2.543586E-03,-2.501012E-08
1706070456
+2.513567E-03,-2.476420E-08
1706070461
+2.555269E-03,-2.510975E-08
1706070466
+2.513572E-03,-2.536733E-08
1706070471
+2.501062E-03,-2.509307E-08
1706070477
+2.493555E-03,-2.572745E-08
1706070482
+2.405162E-03,-2.520436E-08
1706070487
+2.476043E-03,-2.507682E-08
1706070493
+2.378476E-03,-2.566118E-08
1706070498
+2.446021E-03,-2.458581E-08
1706070503
+2.481884E-03,-2.477380E-08
1706070508
+2.540253E-03,-2.488758E-08
1706070513
+2.461866E-03,-2.511933E-08
1706070519
+2.461868E-03,-2.532649E-08
1706070524
+2.528579E-03,-2.485424E-08
1706070529
+2.546092E-03,-2.503805E-08
1706070535
+2.482711E-03,-2.506597E-08
1706070540
+2.440185E-03,-2.514642E-08
1706070545
+2.411834E-03,-2.498512E-08
1706070550
+2.505234E-03,-2.468586E-08
1706070555
+2.519412E-03,-2.506474E-08
1706070560
+2.496890E-03,-2.533815E-08
1706070565
+2.505231E-03,-2.532857E-08
1706070571
+2.469374E-03,-2.533941E-08
1706070576
+2.451023E-03,-2.515558E-08
1706070581
+2.456023E-03,-2.542525E-08
1706070587
+2.377633E-03,-2.505137E-08
1706070592
+2.435174E-03,-2.477586E-08
1706070597
+2.525238E-03,-2.572410E-08
1706070602
+2.550251E-03,-2.619758E-08
1706070608
+2.471858E-03,-2.462621E-08
1706070613
+2.410986E-03,-2.437864E-08
1706070618
+2.528573E-03,-2.511098E-08
1706070623
+2.481041E-03,-2.456872E-08
1706070629
+2.517734E-03,-2.502137E-08
1706070634
+2.420995E-03,-2.516641E-08
1706070639
+2.533576E-03,-2.549194E-08
1706070644
+2.465195E-03,-2.533105E-08
1706070650
+2.507723E-03,-2.576578E-08
1706070655
+2.475206E-03,-2.586832E-08
1706070660
+2.594454E-03,-2.528979E-08
1706070666
+2.579443E-03,-2.611799E-08
1706070671
+2.521902E-03,-2.476503E-08
1706070676
+2.520233E-03,-2.512598E-08
1706070681
+2.535248E-03,-2.518601E-08
1706070687
+2.522741E-03,-2.613759E-08
1706070692
+2.556095E-03,-2.608798E-08
1706070697
+2.532746E-03,-2.543734E-08
1706070702
+2.475211E-03,-2.563742E-08
1706070707
+2.601963E-03,-2.508348E-08
1706070713
+2.462697E-03,-2.535398E-08
1706070718
+2.470206E-03,-2.677030E-08
1706070723
+2.417665E-03,-2.596877E-08
1706070729
+2.523571E-03,-2.517809E-08
1706070734
+2.515229E-03,-2.493883E-08
1706070739
+2.478539E-03,-2.521143E-08
1706070744
+2.433512E-03,-2.550154E-08
1706070749
+2.472703E-03,-2.593418E-08
1706070755
+2.566103E-03,-2.571744E-08
1706070760
+2.532751E-03,-2.550030E-08
1706070765
+2.481878E-03,-2.485840E-08
1706070771
+2.508566E-03,-2.511016E-08
1706070776
+2.402653E-03,-2.508264E-08
1706070781
+2.467697E-03,-2.589457E-08
1706070786
+2.635313E-03,-2.544026E-08
1706070792
+2.539412E-03,-2.538940E-08
1706070797
+2.596953E-03,-2.548652E-08
1706070802
+2.449348E-03,-2.461497E-08
1706070808
+2.420994E-03,-2.513889E-08
1706070813
+2.442672E-03,-2.609921E-08
1706070818
+2.504384E-03,-2.583787E-08
1706070823
+2.476864E-03,-2.505678E-08
1706070828
+2.473530E-03,-2.510513E-08
1706070834
+2.445182E-03,-2.564366E-08
1706070839
+2.495216E-03,-2.488257E-08
1706070844
+2.470205E-03,-2.532648E-08
1706070850
+2.574445E-03,-2.592710E-08
1706070855
+2.441847E-03,-2.537149E-08
1706070860
+2.514393E-03,-2.481962E-08
1706070865
+2.551918E-03,-2.539856E-08
1706070871
+2.415153E-03,-2.515097E-08
1706070876
+2.561928E-03,-2.515599E-08
1706070881
+2.551922E-03,-2.460414E-08
1706070887
+2.543586E-03,-2.524103E-08
1706070892
+2.550258E-03,-2.460082E-08
1706070897
+2.612805E-03,-2.529314E-08
1706070902
+2.521067E-03,-2.438032E-08
1706070907
+2.568603E-03,-2.521435E-08
1706070913
+2.537747E-03,-2.537815E-08
1706070918
+2.521901E-03,-2.534189E-08
1706070923
+2.499383E-03,-2.506179E-08
1706070928
+2.542748E-03,-2.487048E-08
1706070934
+2.581106E-03,-2.498051E-08
1706070939
+2.454351E-03,-2.525352E-08
1706070944
+2.488545E-03,-2.502345E-08
1706070949
+2.505223E-03,-2.500303E-08
1706070955
+2.526905E-03,-2.631472E-08
1706070960
+2.473537E-03,-2.511765E-08
1706070965
+2.478541E-03,-2.551987E-08
1706070970
+2.541086E-03,-2.542443E-08
1706070975
+2.487714E-03,-2.553238E-08
1706070980
+2.558599E-03,-2.502596E-08
1706070986
+2.557766E-03,-2.542902E-08
1706070991
+2.541919E-03,-2.534440E-08
1706070996
+2.471036E-03,-2.546360E-08
1706071002
+2.551928E-03,-2.508015E-08
