1704800444
+2.168470E-03,-5.041350E-08
1704800454
+2.158459E-03,-5.580412E-08
1704800465
+2.151789E-03,-2.911813E-08
1704800475
+2.132609E-03,-3.168069E-08
1704800485
+2.094253E-03,-3.491434E-08
1704800495
+2.063396E-03,-3.696838E-08
1704800505
+2.194318E-03,-4.178339E-08
1704800516
+2.169298E-03,-4.182756E-08
1704800526
+2.191812E-03,-5.026841E-08
1704800536
+2.170966E-03,-4.316886E-08
1704800547
+2.075061E-03,-4.451723E-08
1704800557
+2.220165E-03,-4.800262E-08
1704800567
+2.190983E-03,-4.879043E-08
1704800578
+2.219334E-03,-4.829024E-08
1704800588
+2.246859E-03,-4.985039E-08
1704800598
+2.226837E-03,-5.668357E-08
1704800608
+2.180144E-03,-5.770855E-08
1704800619
+2.211826E-03,-6.190581E-08
1704800629
+2.232675E-03,-6.462885E-08
1704800639
+2.199323E-03,-7.076853E-08
1704800650
+2.226838E-03,-7.726534E-08
1704800660
+2.141780E-03,-8.599882E-08
1704800670
+2.240178E-03,-7.606241E-08
1704800681
+2.200149E-03,-8.044810E-08
1704800691
+2.231838E-03,-7.817272E-08
1704800701
+2.103412E-03,-8.880015E-08
1704800711
+2.213487E-03,-8.504841E-08
