1708253443
-1.831666E-03,-8.691396E-09
1708253453
-1.869197E-03,-8.058572E-09
1708253463
-1.907566E-03,-8.251169E-09
1708253474
-1.909232E-03,-9.997486E-09
1708253484
-1.888380E-03,-9.513904E-09
1708253494
-1.799140E-03,-8.995716E-09
1708253504
-1.779123E-03,-9.234172E-09
1708253515
-1.797475E-03,-9.461369E-09
1708253525
-1.681544E-03,-1.038892E-08
1708253535
-1.726588E-03,-9.931599E-09
1708253546
-1.651527E-03,-1.051064E-08
1708253556
-1.704074E-03,-1.126060E-08
1708253566
-1.738273E-03,-1.087373E-08
1708253576
-1.758291E-03,-1.099255E-08
1708253587
-1.719925E-03,-9.894067E-09
1708253597
-1.698241E-03,-1.035638E-08
1708253607
-1.695742E-03,-1.090541E-08
1708253618
-1.720763E-03,-1.005706E-08
1708253628
-1.722432E-03,-1.090416E-08
1708253638
-1.741612E-03,-1.103381E-08
1708253648
-1.745781E-03,-1.190176E-08
1708253659
-1.766632E-03,-1.209894E-08
1708253669
-1.823348E-03,-1.266924E-08
1708253679
-1.858377E-03,-1.592007E-08
1708253690
-1.900913E-03,-1.396240E-08
1708253700
-1.890071E-03,-1.249165E-08
1708253710
-1.831684E-03,-1.387153E-08
1708253720
-1.728266E-03,-1.356678E-08
1708253731
-1.678226E-03,-1.258627E-08
1708253741
-1.563966E-03,-1.229027E-08
1708253751
-1.563138E-03,-1.403449E-08
1708253762
-1.548131E-03,-1.179209E-08
1708253772
-1.508937E-03,-1.339414E-08
1708253782
-1.518116E-03,-1.320028E-08
1708253793
-1.438050E-03,-1.509415E-08
1708253803
-1.409692E-03,-1.426581E-08
1708253813
-1.344637E-03,-1.312398E-08
1708253823
-1.349642E-03,-1.525965E-08
1708253834
-1.250393E-03,-1.477773E-08
1708253844
-1.173662E-03,-1.537470E-08
1708253854
-1.151978E-03,-1.383308E-08
1708253865
-1.103608E-03,-1.462806E-08
1708253875
-1.046896E-03,-1.394396E-08
1708253885
-1.018544E-03,-1.524835E-08
1708253896
-9.885204E-04,-1.583322E-08
1708253906
-9.434862E-04,-1.383638E-08
1708253916
-9.042924E-04,-1.529835E-08
1708253926
-8.609270E-04,-1.511075E-08
1708253937
-8.225644E-04,-1.778041E-08
1708253947
-8.259047E-04,-1.511532E-08
1708253957
-8.184040E-04,-1.492896E-08
1708253968
-8.092328E-04,-1.686117E-08
1708253978
-8.025670E-04,-1.440702E-08
1708253988
-7.041550E-04,-1.525951E-08
1708253998
-7.408578E-04,-1.683154E-08
1708254009
-7.341909E-04,-1.649135E-08
1708254019
-7.308560E-04,-1.669312E-08
1708254029
-7.642230E-04,-1.907887E-08
1708254040
-7.075152E-04,-1.790244E-08
1708254050
-7.267024E-04,-1.365242E-08
1708254060
-6.741604E-04,-1.469751E-08
1708254071
-5.807539E-04,-1.613738E-08
1708254081
-5.682469E-04,-1.443403E-08
1708254091
-5.415614E-04,-1.327971E-08
1708254101
-5.257172E-04,-1.478794E-08
1708254112
-5.549110E-04,-1.398713E-08
1708254122
-5.582540E-04,-1.435605E-08
1708254132
-5.140537E-04,-1.307792E-08
1708254143
-5.082174E-04,-1.555246E-08
1708254153
-5.274058E-04,-1.590929E-08
1708254163
-5.332470E-04,-1.667674E-08
1708254174
-5.299125E-04,-1.512931E-08
1708254184
-5.507682E-04,-1.542237E-08
1708254194
-5.757926E-04,-1.598555E-08
1708254204
-4.406805E-04,-1.525603E-08
1708254214
-4.590325E-04,-1.547529E-08
1708254225
-4.490273E-04,-1.697184E-08
1708254235
-4.665447E-04,-1.785185E-08
1708254245
-4.532058E-04,-1.768217E-08
1708254256
-4.331899E-04,-1.540607E-08
1708254266
-4.815657E-04,-1.857718E-08
1708254276
-5.232698E-04,-1.417422E-08
1708254287
-4.465408E-04,-1.541773E-08
1708254297
-4.990863E-04,-1.647824E-08
1708254307
-4.840770E-04,-1.792059E-08
1708254317
-5.291189E-04,-1.858840E-08
1708254328
-4.757421E-04,-1.745369E-08
1708254338
-4.440520E-04,-1.793850E-08
1708254348
-4.990998E-04,-1.920160E-08
1708254359
-4.965994E-04,-1.768920E-08
1708254369
-4.932665E-04,-1.826822E-08
1708254379
-4.957706E-04,-1.750369E-08
1708254390
-5.116208E-04,-1.924535E-08
1708254400
-4.649139E-04,-1.883140E-08
1708254410
-4.432300E-04,-1.828655E-08
1708254420
-5.107886E-04,-1.875594E-08
1708254431
-4.290550E-04,-2.052762E-08
1708254441
-4.107065E-04,-2.083985E-08
1708254451
-3.731752E-04,-2.070062E-08
1708254462
-3.198006E-04,-1.842244E-08
1708254472
-3.923611E-04,-1.888599E-08
1708254482
-3.047905E-04,-1.900604E-08
1708254492
-3.489949E-04,-1.884847E-08
1708254503
-3.873634E-04,-2.033875E-08
1708254513
-3.456607E-04,-1.935579E-08
1708254523
-3.665139E-04,-2.025955E-08
1708254534
-2.931200E-04,-1.869547E-08
1708254544
-3.098037E-04,-2.124876E-08
1708254554
-3.398286E-04,-1.940746E-08
1708254565
-3.314921E-04,-2.139090E-08
1708254575
-3.356604E-04,-2.132838E-08
1708254585
-2.831175E-04,-2.286619E-08
1708254595
-2.130579E-04,-2.176108E-08
1708254606
-2.997991E-04,-1.960839E-08
1708254616
-3.231530E-04,-2.250143E-08
1708254626
-2.113920E-04,-2.109701E-08
1708254637
-2.330785E-04,-1.950750E-08
1708254647
-2.439202E-04,-2.136714E-08
1708254657
-2.430891E-04,-2.258312E-08
1708254668
-2.264084E-04,-1.962588E-08
1708254678
-2.280767E-04,-2.082771E-08
1708254688
-1.880466E-04,-2.184818E-08
1708254699
-2.222398E-04,-2.201827E-08
1708254709
-2.430949E-04,-2.108781E-08
1708254719
-2.414229E-04,-2.074600E-08
1708254729
-2.172401E-04,-2.133918E-08
1708254740
-2.756225E-04,-2.247639E-08
1708254750
-2.531014E-04,-2.143507E-08
1708254760
-1.905540E-04,-2.189777E-08
1708254771
-2.606118E-04,-2.336097E-08
1708254781
-2.405965E-04,-2.422679E-08
1708254791
-2.614466E-04,-2.177480E-08
1708254801
-2.597792E-04,-2.204368E-08
1708254812
-2.472688E-04,-2.256100E-08
1708254822
-2.497732E-04,-2.247304E-08
1708254832
-2.706223E-04,-2.328509E-08
1708254843
-2.689553E-04,-2.178980E-08
1708254853
-2.814681E-04,-2.064050E-08
1708254863
-3.231677E-04,-2.265688E-08
1708254874
-2.797975E-04,-1.981511E-08
1708254884
-3.256713E-04,-2.069594E-08
1708254894
-2.806351E-04,-2.295743E-08
1708254904
-2.889741E-04,-2.067010E-08
1708254915
-2.347607E-04,-1.963086E-08
1708254925
-2.823008E-04,-2.242176E-08
1708254935
-3.406833E-04,-2.173560E-08
1708254946
-2.764638E-04,-2.259518E-08
1708254956
-2.330970E-04,-2.294367E-08
1708254966
-2.556154E-04,-2.282986E-08
1708254977
-2.014027E-04,-2.512345E-08
1708254987
-2.272585E-04,-2.250805E-08
1708254997
-2.556143E-04,-2.239633E-08
1708255007
-2.072442E-04,-2.318544E-08
1708255018
-2.522789E-04,-2.151424E-08
1708255028
-2.714619E-04,-2.234672E-08
1708255038
-1.913958E-04,-2.294617E-08
1708255049
-2.889762E-04,-2.219540E-08
1708255059
-3.081586E-04,-2.149715E-08
1708255069
-2.722974E-04,-1.770994E-08
1708255080
-1.655419E-04,-1.932904E-08
1708255090
-2.664608E-04,-2.099899E-08
1708255100
-2.647886E-04,-2.094272E-08
1708255111
-2.289276E-04,-2.168599E-08
1708255121
-2.589530E-04,-2.187066E-08
1708255131
-2.155823E-04,-2.047792E-08
1708255141
-3.181677E-04,-2.151757E-08
1708255152
-2.506145E-04,-1.981926E-08
1708255162
-2.039081E-04,-2.132998E-08
1708255172
-1.897310E-04,-2.071677E-08
1708255183
-1.830584E-04,-2.204323E-08
1708255193
-1.964039E-04,-2.242383E-08
1708255203
-2.331013E-04,-2.169014E-08
1708255214
-2.597875E-04,-2.541692E-08
1708255224
-3.064942E-04,-2.344765E-08
1708255234
-2.381025E-04,-2.306080E-08
1708255244
-2.514481E-04,-2.405002E-08
1708255255
-2.172550E-04,-2.343347E-08
1708255265
-1.555324E-04,-2.282861E-08
1708255275
-1.947329E-04,-2.284820E-08
1708255286
-2.547838E-04,-2.752791E-08
1708255296
-2.681271E-04,-2.718984E-08
1708255306
-2.798024E-04,-2.375322E-08
1708255317
-3.039913E-04,-2.568246E-08
1708255327
-2.472757E-04,-2.594092E-08
1708255337
-2.556177E-04,-2.490084E-08
1708255347
-2.322642E-04,-2.686427E-08
1708255358
-2.581198E-04,-2.532395E-08
1708255368
-2.239255E-04,-2.530519E-08
1708255378
-2.764688E-04,-2.616643E-08
1708255389
-2.280950E-04,-2.650660E-08
1708255399
-2.564506E-04,-2.640864E-08
1708255409
-2.631253E-04,-2.697431E-08
1708255419
-2.773021E-04,-2.657496E-08
1708255430
-1.997369E-04,-2.592382E-08
1708255440
-1.797224E-04,-2.747997E-08
1708255450
-2.255934E-04,-2.931084E-08
1708255460
-2.631244E-04,-2.671961E-08
1708255471
-1.913975E-04,-2.550237E-08
1708255481
-2.873090E-04,-2.380657E-08
1708255491
-3.181695E-04,-2.514637E-08
1708255502
-3.256757E-04,-2.771550E-08
1708255512
-2.906461E-04,-2.716358E-08
1708255522
-3.340167E-04,-2.645657E-08
1708255533
-2.681263E-04,-2.424095E-08
1708255543
-2.722985E-04,-2.505633E-08
1708255553
-2.497773E-04,-2.487542E-08
1708255563
-3.356849E-04,-2.412505E-08
1708255573
-2.656243E-04,-2.827619E-08
1708255584
-3.123286E-04,-3.144603E-08
1708255594
-2.472742E-04,-3.106127E-08
1708255604
-2.497768E-04,-2.792478E-08
1708255615
-2.514444E-04,-2.765215E-08
1708255625
-2.339305E-04,-2.880102E-08
1708255635
-2.330954E-04,-2.664209E-08
1708255646
-2.472765E-04,-2.885188E-08
1708255656
-2.848057E-04,-2.877393E-08
1708255666
-2.572830E-04,-2.864470E-08
1708255676
-2.639530E-04,-3.164363E-08
1708255687
-2.397685E-04,-2.788934E-08
1708255697
-3.006534E-04,-2.960557E-08
1708255707
-3.306762E-04,-2.996158E-08
1708255718
-2.431018E-04,-2.941132E-08
1708255728
-2.697922E-04,-2.740287E-08
1708255738
-2.831369E-04,-2.737744E-08
1708255749
-2.889755E-04,-2.894484E-08
1708255759
-2.931462E-04,-2.815989E-08
1708255769
-2.931450E-04,-3.009039E-08
1708255779
-3.673742E-04,-3.119966E-08
1708255790
-3.815505E-04,-2.999201E-08
1708255800
-4.065730E-04,-2.959849E-08
1708255810
-2.747985E-04,-2.998367E-08
1708255821
-2.956494E-04,-2.865887E-08
1708255831
-2.672918E-04,-2.791019E-08
1708255841
-3.565329E-04,-2.745538E-08
1708255852
-3.765503E-04,-2.896943E-08
1708255862
-4.015701E-04,-2.916203E-08
1708255872
-3.448577E-04,-2.880310E-08
1708255883
-3.231726E-04,-2.832663E-08
1708255893
-2.539460E-04,-2.752376E-08
1708255903
-2.948140E-04,-2.768133E-08
1708255913
-2.639578E-04,-2.764005E-08
1708255924
-2.889774E-04,-2.774719E-08
1708255934
-2.881419E-04,-2.857425E-08
1708255944
-2.831377E-04,-2.987904E-08
1708255955
-2.589525E-04,-2.880394E-08
1708255965
-2.589533E-04,-2.773343E-08
1708255975
-2.514466E-04,-2.743579E-08
1708255986
-1.930627E-04,-2.664334E-08
1708255996
-2.289257E-04,-2.669795E-08
1708256006
-3.056565E-04,-2.794187E-08
1708256016
-2.330963E-04,-2.898653E-08
1708256027
-2.264231E-04,-2.879478E-08
1708256037
-2.989856E-04,-2.917411E-08
1708256047
-2.489437E-04,-2.778096E-08
1708256058
-2.814700E-04,-3.255280E-08
1708256068
-3.231700E-04,-3.320145E-08
1708256078
-2.255912E-04,-3.343822E-08
1708256089
-2.330973E-04,-3.443244E-08
1708256099
-2.489413E-04,-3.217304E-08
1708256109
-2.406027E-04,-3.275456E-08
1708256119
-2.606202E-04,-3.262450E-08
1708256130
-2.798036E-04,-3.142851E-08
1708256140
-2.806348E-04,-3.066441E-08
1708256150
-3.123285E-04,-3.357954E-08
1708256161
-2.581183E-04,-3.200629E-08
1708256171
-2.839711E-04,-3.251362E-08
1708256181
-2.439381E-04,-2.863011E-08
1708256192
-2.556160E-04,-2.872265E-08
1708256202
-2.272567E-04,-2.932461E-08
1708256212
-2.114109E-04,-3.372670E-08
1708256222
-1.780496E-04,-3.362873E-08
1708256233
-1.822205E-04,-3.026172E-08
1708256243
-1.530292E-04,-3.289422E-08
1708256253
-2.439354E-04,-3.636045E-08
1708256264
-2.289259E-04,-3.088493E-08
1708256274
-2.222540E-04,-3.056269E-08
1708256284
-2.431014E-04,-3.403185E-08
1708256294
-1.847206E-04,-3.451124E-08
1708256305
-2.247550E-04,-3.404685E-08
1708256315
-2.898082E-04,-3.323146E-08
1708256325
-2.622832E-04,-3.523492E-08
1708256335
-3.523586E-04,-3.225643E-08
1708256346
-2.714578E-04,-3.348576E-08
1708256356
-2.697907E-04,-3.337320E-08
1708256366
-2.572796E-04,-3.363500E-08
1708256377
-2.205840E-04,-3.296676E-08
1708256387
-2.272552E-04,-3.145896E-08
1708256397
-3.089882E-04,-2.936089E-08
1708256408
-2.255881E-04,-3.037094E-08
1708256418
-2.697913E-04,-2.962101E-08
1708256428
-2.364302E-04,-3.231895E-08
1708256438
-2.989816E-04,-3.043139E-08
1708256449
-2.647867E-04,-3.461296E-08
1708256459
-2.781312E-04,-3.607156E-08
1708256469
-2.689559E-04,-3.769734E-08
1708256480
-2.806315E-04,-3.310975E-08
1708256490
-2.964794E-04,-3.294342E-08
1708256500
-2.697885E-04,-3.359582E-08
1708256511
-2.589498E-04,-3.607031E-08
1708256521
-2.431017E-04,-3.360707E-08
1708256531
-2.681240E-04,-3.536414E-08
1708256542
-3.064854E-04,-3.544503E-08
1708256552
-2.981476E-04,-3.877118E-08
1708256562
-2.714576E-04,-3.448165E-08
1708256572
-2.531100E-04,-3.688445E-08
1708256583
-2.080722E-04,-3.695865E-08
1708256593
-2.314251E-04,-4.031274E-08
1708256603
-2.022368E-04,-3.991337E-08
1708256614
-2.414357E-04,-3.763188E-08
1708256624
-2.180813E-04,-3.725087E-08
1708256634
-1.772169E-04,-4.052199E-08
1708256645
-2.197496E-04,-3.997425E-08
1708256655
-1.738808E-04,-4.176050E-08
1708256665
-2.664548E-04,-4.477277E-08
1708256675
-2.339293E-04,-4.131612E-08
1708256686
-2.597821E-04,-4.147621E-08
1708256696
-2.939762E-04,-4.216779E-08
1708256706
-2.831360E-04,-3.596859E-08
1708256717
-2.764627E-04,-3.627333E-08
1708256727
-2.013997E-04,-3.480764E-08
1708256737
-2.380964E-04,-4.091470E-08
1708256747
-1.680398E-04,-4.140784E-08
1708256758
-1.913912E-04,-4.135449E-08
1708256768
-2.581128E-04,-4.098932E-08
1708256778
-1.913939E-04,-4.035984E-08
1708256789
-1.713737E-04,-4.049367E-08
1708256799
-1.822209E-04,-3.719708E-08
1708256809
-1.355131E-04,-4.233828E-08
1708256820
-1.805492E-04,-4.002719E-08
1708256830
-2.014020E-04,-3.544876E-08
1708256840
-2.489385E-04,-3.368586E-08
1708256850
-3.089895E-04,-3.478887E-08
1708256861
-2.764611E-04,-3.660933E-08
1708256871
-2.931415E-04,-3.489727E-08
1708256881
-2.280895E-04,-3.396265E-08
1708256892
-2.589487E-04,-3.531370E-08
1708256902
-2.789639E-04,-3.472176E-08
1708256912
-2.522777E-04,-3.682316E-08
1708256923
-2.322607E-04,-3.597735E-08
1708256933
-1.997329E-04,-3.631376E-08
1708256943
-2.055680E-04,-3.843395E-08
1708256953
-2.514393E-04,-3.670604E-08
1708256963
-2.831318E-04,-3.952572E-08
1708256974
-2.856378E-04,-3.756602E-08
1708256984
-2.622828E-04,-3.851481E-08
1708256994
-2.973120E-04,-3.794621E-08
1708257005
-2.314254E-04,-3.664017E-08
1708257015
-2.764640E-04,-3.630625E-08
1708257025
-2.522766E-04,-3.744054E-08
1708257036
-2.389305E-04,-3.774028E-08
1708257046
-2.614479E-04,-4.054703E-08
1708257056
-2.831345E-04,-3.815130E-08
1708257066
-2.906378E-04,-3.891710E-08
1708257077
-2.556116E-04,-3.545669E-08
1708257087
-2.397660E-04,-3.813337E-08
1708257097
-2.864694E-04,-3.963284E-08
1708257108
-2.672892E-04,-4.115147E-08
1708257118
-2.372640E-04,-3.867405E-08
1708257128
-2.197485E-04,-4.042446E-08
1708257139
-2.214149E-04,-4.283270E-08
1708257149
-2.272533E-04,-3.608575E-08
1708257159
-2.606149E-04,-4.006346E-08
1708257170
-2.330923E-04,-3.819257E-08
1708257180
-1.747090E-04,-3.782199E-08
1708257190
-2.272542E-04,-4.069126E-08
1708257200
-2.964778E-04,-4.141119E-08
1708257211
-2.147426E-04,-4.341964E-08
1708257221
-2.739583E-04,-4.212486E-08
1708257231
-2.647871E-04,-3.993172E-08
1708257242
-2.822996E-04,-4.401409E-08
1708257252
-2.414306E-04,-4.171217E-08
1708257262
-3.215001E-04,-3.899045E-08
1708257273
-2.797951E-04,-3.700244E-08
1708257283
-2.973120E-04,-3.826636E-08
1708257293
-3.056540E-04,-3.929309E-08
1708257303
-3.006460E-04,-4.062708E-08
1708257314
-2.472702E-04,-4.102642E-08
1708257324
-2.706225E-04,-4.060039E-08
1708257334
-2.072367E-04,-3.926851E-08
1708257345
-2.214150E-04,-4.315160E-08
1708257355
-2.230832E-04,-4.101725E-08
1708257365
-2.230837E-04,-3.740428E-08
1708257376
-2.147415E-04,-3.666061E-08
1708257386
-2.372631E-04,-4.470858E-08
1708257396
-1.830485E-04,-4.255716E-08
1708257406
-2.214162E-04,-4.228702E-08
1708257417
-2.214135E-04,-3.957950E-08
1708257427
-2.097376E-04,-3.851357E-08
1708257437
-2.647825E-04,-3.912803E-08
1708257448
-2.622816E-04,-3.965244E-08
1708257458
-2.664505E-04,-4.150916E-08
1708257468
-2.797941E-04,-4.010433E-08
1708257479
-2.556088E-04,-3.989047E-08
1708257489
-2.923092E-04,-4.174884E-08
1708257499
-2.422667E-04,-4.044739E-08
1708257509
-3.123206E-04,-3.788703E-08
1708257520
-2.948095E-04,-3.952321E-08
1708257530
-2.647795E-04,-3.987215E-08
1708257540
-2.764586E-04,-4.315620E-08
1708257550
-2.064003E-04,-4.036654E-08
1708257561
-1.888858E-04,-3.991090E-08
1708257571
-2.255857E-04,-4.478779E-08
1708257581
-2.405972E-04,-4.246002E-08
1708257592
-2.797978E-04,-4.636061E-08
1708257602
-2.981469E-04,-4.366225E-08
1708257612
-2.447683E-04,-4.238623E-08
1708257622
-3.006463E-04,-3.806336E-08
1708257633
-2.706220E-04,-4.136158E-08
1708257643
-2.747931E-04,-4.427546E-08
1708257653
-2.714571E-04,-4.187516E-08
1708257664
-2.814640E-04,-4.165715E-08
1708257674
-2.689537E-04,-4.077089E-08
1708257684
-2.547762E-04,-4.291982E-08
1708257695
-2.330918E-04,-4.386652E-08
1708257705
-2.556099E-04,-4.264969E-08
1708257715
-1.722056E-04,-4.167466E-08
1708257725
-2.489364E-04,-4.068168E-08
1708257736
-2.589462E-04,-4.372520E-08
1708257746
-2.606143E-04,-4.354636E-08
1708257756
-2.714530E-04,-4.653114E-08
1708257767
-3.073174E-04,-4.328668E-08
1708257777
-2.814630E-04,-4.313160E-08
1708257787
-2.622803E-04,-4.306698E-08
1708257798
-2.756258E-04,-4.153625E-08
1708257808
-2.706197E-04,-4.417793E-08
1708257818
-2.481011E-04,-4.202441E-08
1708257828
-2.789625E-04,-4.226952E-08
1708257839
-3.039819E-04,-4.354679E-08
1708257849
-2.973097E-04,-4.411248E-08
1708257859
-3.315056E-04,-4.349718E-08
1708257870
-2.839677E-04,-4.264677E-08
1708257880
-3.306715E-04,-4.000178E-08
1708257890
-3.456805E-04,-4.099601E-08
1708257901
-3.273336E-04,-4.103894E-08
1708257911
-1.938894E-04,-3.981295E-08
1708257921
-1.805440E-04,-4.055413E-08
1708257931
-1.780436E-04,-4.114649E-08
1708257942
-2.038972E-04,-3.861780E-08
1708257952
-2.305855E-04,-4.256134E-08
1708257962
-2.072342E-04,-4.206776E-08
1708257973
-2.931406E-04,-4.029150E-08
1708257983
-2.614479E-04,-4.106853E-08
1708257993
-2.547748E-04,-4.073629E-08
1708258004
-2.756257E-04,-4.154584E-08
1708258014
-2.797962E-04,-3.907300E-08
1708258024
-2.389297E-04,-4.006263E-08
1708258034
-2.322546E-04,-4.177638E-08
1708258045
-2.547713E-04,-4.163215E-08
1708258055
-1.938888E-04,-4.281062E-08
1708258065
-1.897193E-04,-4.158962E-08
1708258075
-1.980582E-04,-4.378942E-08
1708258086
-2.147389E-04,-4.302322E-08
1708258096
-2.189121E-04,-4.252464E-08
1708258106
-2.105692E-04,-4.336214E-08
1708258117
-2.347571E-04,-4.652154E-08
1708258127
-1.738710E-04,-4.508254E-08
1708258137
-2.047309E-04,-4.175971E-08
1708258147
-1.663657E-04,-4.213489E-08
1708258158
-2.189094E-04,-3.998470E-08
1708258168
-2.531079E-04,-4.292315E-08
1708258178
-2.264164E-04,-4.102185E-08
1708258189
-2.255827E-04,-4.121152E-08
1708258199
-2.923085E-04,-4.201272E-08
1708258209
-2.506046E-04,-4.476946E-08
1708258220
-2.814629E-04,-4.310784E-08
1708258230
-2.539384E-04,-4.318914E-08
1708258240
-2.264170E-04,-4.412374E-08
1708258250
-2.172433E-04,-4.638064E-08
1708258261
-2.339234E-04,-4.473986E-08
1708258271
-2.539387E-04,-4.762874E-08
1708258281
-2.756251E-04,-4.624349E-08
1708258292
-2.514375E-04,-4.478489E-08
1708258302
-2.422624E-04,-4.269140E-08
1708258312
-2.114037E-04,-4.277060E-08
1708258323
-2.347560E-04,-4.316120E-08
1708258333
-2.405938E-04,-4.366895E-08
1708258343
-2.297518E-04,-4.402703E-08
1708258354
-1.730373E-04,-4.380693E-08
1708258364
-1.972248E-04,-4.388029E-08
1708258374
-1.738735E-04,-4.216948E-08
1708258384
-1.705376E-04,-4.541685E-08
1708258395
-1.697027E-04,-4.735486E-08
1708258405
-2.806288E-04,-4.496163E-08
1708258415
-2.280839E-04,-4.571575E-08
1708258426
-2.956413E-04,-4.387529E-08
1708258436
-2.822981E-04,-4.460687E-08
1708258446
-2.230811E-04,-4.581537E-08
1708258457
-2.873012E-04,-5.024456E-08
1708258467
-3.156593E-04,-4.644025E-08
1708258477
-2.455980E-04,-4.339799E-08
1708258487
-2.806262E-04,-4.217699E-08
1708258498
-3.214959E-04,-4.246837E-08
1708258508
-2.814605E-04,-4.523803E-08
1708258518
-2.931393E-04,-4.584622E-08
1708258529
-3.189934E-04,-4.540185E-08
1708258539
-3.398451E-04,-4.867672E-08
1708258549
-3.164910E-04,-4.604674E-08
1708258560
-2.889685E-04,-4.598879E-08
1708258570
-3.081522E-04,-4.270390E-08
1708258580
-2.506032E-04,-4.472277E-08
1708258590
-2.731225E-04,-4.503959E-08
1708258601
-2.939733E-04,-4.442888E-08
1708258611
-3.465133E-04,-4.529181E-08
1708258621
-2.847968E-04,-4.501626E-08
1708258632
-2.856295E-04,-4.646695E-08
1708258642
-2.831289E-04,-4.636773E-08
1708258652
-3.548566E-04,-4.319872E-08
1708258663
-3.873828E-04,-4.356723E-08
1708258673
-3.748726E-04,-4.318621E-08
1708258683
-2.472663E-04,-4.493621E-08
1708258693
-1.955561E-04,-4.616930E-08
1708258704
-2.622783E-04,-4.357224E-08
1708258714
-2.831311E-04,-4.384319E-08
1708258724
-3.298337E-04,-4.488536E-08
1708258735
-3.348387E-04,-4.483825E-08
1708258745
-3.331721E-04,-4.733193E-08
1708258755
-3.023099E-04,-4.816943E-08
1708258765
-2.873002E-04,-4.596170E-08
1708258776
-3.031464E-04,-4.569740E-08
1708258786
-2.531009E-04,-4.734946E-08
1708258796
-2.155693E-04,-4.585584E-08
1708258806
-1.947210E-04,-4.469111E-08
1708258816
-2.631123E-04,-4.506628E-08
1708258826
-2.205746E-04,-4.375984E-08
1708258837
-1.988910E-04,-4.697803E-08
1708258847
-2.080643E-04,-4.493790E-08
1708258857
-2.439281E-04,-4.442265E-08
1708258867
-2.422600E-04,-4.558612E-08
1708258878
-1.972224E-04,-4.523762E-08
1708258888
-2.414251E-04,-4.369856E-08
1708258898
-1.613590E-04,-4.426257E-08
1708258909
-2.214092E-04,-4.516800E-08
1708258919
-2.397603E-04,-4.513047E-08
1708258929
-2.347540E-04,-4.744033E-08
1708258940
-2.697823E-04,-4.312495E-08
1708258950
-2.656117E-04,-4.525096E-08
1708258960
-3.131509E-04,-4.799519E-08
1708258970
-2.672832E-04,-4.802768E-08
1708258980
-2.989751E-04,-4.289400E-08
1708258991
-2.547707E-04,-4.324542E-08
1708259001
-3.039769E-04,-4.507255E-08
1708259011
-2.839604E-04,-4.577955E-08
1708259022
-3.315000E-04,-4.337549E-08
1708259032
-3.373395E-04,-4.354890E-08
1708259042
-2.781249E-04,-4.516632E-08
1708259053
-3.340055E-04,-4.675291E-08
1708259063
-2.881304E-04,-4.616765E-08
1708259073
-2.689481E-04,-4.508964E-08
1708259083
-2.681151E-04,-4.430717E-08
1708259094
-2.964735E-04,-4.217407E-08
1708259104
-2.948050E-04,-4.478740E-08
1708259114
-2.647786E-04,-4.408290E-08
1708259125
-2.814607E-04,-4.736028E-08
1708259135
-2.731196E-04,-4.826822E-08
1708259145
-2.864657E-04,-4.807979E-08
1708259156
-2.047297E-04,-5.191203E-08
1708259166
-2.539367E-04,-4.983939E-08
1708259176
-2.088995E-04,-4.788846E-08
1708259186
-2.130720E-04,-4.869799E-08
1708259197
-2.522733E-04,-4.722520E-08
1708259207
-2.147400E-04,-4.798349E-08
1708259217
-2.514372E-04,-4.488869E-08
1708259228
-1.988917E-04,-4.772463E-08
1708259238
-2.013937E-04,-4.599547E-08
1708259248
-1.922186E-04,-4.673375E-08
1708259259
-1.830429E-04,-4.861923E-08
1708259269
-2.139038E-04,-4.814274E-08
1708259279
-2.656118E-04,-4.625269E-08
1708259289
-2.280821E-04,-4.633605E-08
1708259300
-2.572734E-04,-4.778466E-08
1708259310
-3.390095E-04,-4.766292E-08
1708259320
-2.672817E-04,-4.692341E-08
1708259331
-2.797936E-04,-4.635313E-08
1708259341
-3.164899E-04,-4.643776E-08
1708259351
-3.173232E-04,-4.871718E-08
1708259362
-3.156552E-04,-4.808605E-08
1708259372
-3.565224E-04,-4.879263E-08
1708259382
-2.797917E-04,-4.857086E-08
1708259392
-2.948027E-04,-5.190579E-08
1708259403
-3.648647E-04,-5.065434E-08
1708259413
-2.847949E-04,-4.844456E-08
1708259423
-2.981423E-04,-4.916572E-08
1708259434
-3.231624E-04,-4.678709E-08
1708259444
-2.873012E-04,-4.844162E-08
1708259454
-2.722871E-04,-4.863547E-08
1708259465
-3.340036E-04,-5.081526E-08
1708259475
-3.056444E-04,-4.866592E-08
1708259485
-2.831284E-04,-4.771462E-08
1708259495
-2.697811E-04,-4.697971E-08
1708259506
-2.898007E-04,-4.670373E-08
1708259516
-2.964713E-04,-4.922201E-08
1708259526
-2.055635E-04,-5.014619E-08
1708259537
-2.889656E-04,-5.068521E-08
1708259547
-3.281646E-04,-5.144807E-08
1708259557
-3.114848E-04,-5.039631E-08
1708259568
-2.856307E-04,-5.165732E-08
1708259578
-2.872984E-04,-4.858712E-08
1708259588
-2.447633E-04,-4.953799E-08
1708259598
-3.515181E-04,-4.906401E-08
1708259609
-3.098185E-04,-4.743823E-08
1708259619
-2.706162E-04,-4.807522E-08
1708259629
-2.239128E-04,-4.773255E-08
1708259640
-2.647783E-04,-5.030461E-08
1708259650
-2.147383E-04,-4.966055E-08
1708259660
-2.472646E-04,-4.656741E-08
1708259671
-2.322487E-04,-4.968517E-08
1708259681
-2.806223E-04,-4.931457E-08
1708259691
-3.148195E-04,-5.020373E-08
1708259701
-2.422577E-04,-5.042843E-08
1708259712
-2.931328E-04,-4.970726E-08
1708259722
-2.430912E-04,-4.822906E-08
1708259732
-2.180704E-04,-5.106249E-08
1708259743
-2.063928E-04,-5.284834E-08
1708259753
-2.280806E-04,-5.235184E-08
1708259763
-2.063929E-04,-5.219178E-08
1708259774
-2.447609E-04,-5.014245E-08
1708259784
-2.222441E-04,-5.309134E-08
1708259794
-2.397541E-04,-5.432696E-08
1708259804
-2.472632E-04,-5.425857E-08
1708259815
-2.514358E-04,-5.742798E-08
1708259825
-3.048122E-04,-5.480424E-08
1708259835
-2.380894E-04,-5.353906E-08
1708259846
-2.681130E-04,-5.200043E-08
1708259856
-2.289134E-04,-4.994987E-08
1708259866
-2.130682E-04,-5.238977E-08
1708259877
-2.030582E-04,-5.312388E-08
1708259887
-2.505991E-04,-5.230390E-08
1708259897
-1.913833E-04,-5.415853E-08
1708259907
-2.439255E-04,-5.020166E-08
1708259917
-2.906326E-04,-5.219718E-08
1708259928
-2.214090E-04,-5.299422E-08
1708259938
-2.405921E-04,-5.191454E-08
1708259948
-2.422594E-04,-5.281497E-08
1708259959
-1.972230E-04,-5.050929E-08
1708259969
-1.888813E-04,-5.144516E-08
1708259979
-2.939693E-04,-5.167151E-08
1708259989
-2.806273E-04,-5.234681E-08
1708260000
-2.597734E-04,-5.197874E-08
1708260010
-2.923033E-04,-5.135176E-08
1708260020
-2.606091E-04,-5.203751E-08
1708260031
-2.063976E-04,-5.621699E-08
1708260041
-2.697840E-04,-5.502476E-08
1708260051
-2.114007E-04,-5.108290E-08
1708260062
-2.197379E-04,-5.220095E-08
1708260072
-2.497652E-04,-5.480967E-08
1708260082
-2.589394E-04,-5.222678E-08
1708260093
-2.480963E-04,-5.503562E-08
1708260103
-2.480971E-04,-5.606152E-08
1708260113
-2.130685E-04,-5.337440E-08
1708260123
-2.214077E-04,-5.277246E-08
1708260133
-2.155713E-04,-5.565298E-08
1708260143
-1.713675E-04,-5.602524E-08
1708260154
-2.139055E-04,-5.661592E-08
1708260164
-1.730370E-04,-5.682728E-08
1708260174
-1.613580E-04,-5.398011E-08
1708260185
-1.855468E-04,-5.536951E-08
1708260195
-1.671969E-04,-5.518193E-08
1708260205
-2.289155E-04,-5.577012E-08
1708260215
-2.622757E-04,-5.676644E-08
1708260226
-2.063967E-04,-5.383212E-08
1708260236
-1.763744E-04,-5.498848E-08
1708260246
-2.389256E-04,-5.708615E-08
1708260256
-2.072299E-04,-5.518527E-08
1708260266
-1.922184E-04,-5.488887E-08
1708260277
-1.888807E-04,-5.543164E-08
1708260287
-3.164880E-04,-5.553460E-08
1708260297
-1.888839E-04,-5.694567E-08
1708260308
-1.772030E-04,-5.676645E-08
1708260318
-1.196577E-04,-5.665638E-08
1708260328
-1.088169E-04,-5.602523E-08
1708260338
-1.088131E-04,-5.742593E-08
1708260348
-1.638585E-04,-5.562924E-08
1708260358
-1.696968E-04,-5.620910E-08
1708260368
-1.838772E-04,-5.486095E-08
1708260379
-2.230771E-04,-5.567966E-08
1708260389
-2.130684E-04,-5.374500E-08
1708260399
-2.397569E-04,-5.399637E-08
1708260409
-2.739521E-04,-5.361744E-08
1708260420
-2.922995E-04,-5.577722E-08
1708260430
-2.114010E-04,-5.545705E-08
1708260440
-1.788720E-04,-5.273786E-08
1708260451
-2.189054E-04,-5.525197E-08
1708260461
-2.214086E-04,-5.448285E-08
1708260471
-2.230752E-04,-5.524905E-08
1708260481
-1.738657E-04,-5.565009E-08
1708260492
-1.780377E-04,-5.869319E-08
1708260502
-2.397559E-04,-5.797160E-08
1708260512
-3.089794E-04,-5.739925E-08
1708260522
-2.147370E-04,-5.824380E-08
1708260533
-2.781230E-04,-5.866775E-08
1708260543
-2.814576E-04,-5.866984E-08
1708260553
-2.722862E-04,-5.499391E-08
1708260564
-2.380896E-04,-5.697361E-08
1708260574
-2.397568E-04,-5.641502E-08
1708260584
-2.439284E-04,-5.809747E-08
1708260594
-3.231599E-04,-5.758098E-08
1708260605
-3.231580E-04,-5.644088E-08
1708260615
-3.214910E-04,-5.649131E-08
1708260625
-2.789562E-04,-5.801536E-08
1708260635
-2.914661E-04,-5.868193E-08
1708260645
-2.405870E-04,-5.693404E-08
1708260656
-2.214068E-04,-5.955819E-08
1708260666
-2.105643E-04,-5.698113E-08
1708260676
-1.980530E-04,-5.618618E-08
1708260686
-1.655276E-04,-5.761810E-08
1708260697
-2.122326E-04,-5.490431E-08
1708260707
-2.314122E-04,-5.996424E-08
1708260717
-2.172363E-04,-5.849686E-08
1708260728
-2.038894E-04,-5.743303E-08
1708260738
-2.005555E-04,-5.644088E-08
1708260748
-1.963870E-04,-5.571844E-08
1708260758
-1.797058E-04,-5.601734E-08
1708260769
-2.147348E-04,-5.690067E-08
1708260779
-2.772858E-04,-5.650883E-08
1708260789
-2.530958E-04,-5.838224E-08
1708260799
-3.089801E-04,-5.659594E-08
1708260810
-3.448407E-04,-6.100639E-08
1708260820
-2.522658E-04,-5.843099E-08
1708260830
-2.697789E-04,-5.740509E-08
1708260841
-3.198216E-04,-5.934851E-08
1708260851
-3.131496E-04,-5.593522E-08
1708260861
-2.706136E-04,-5.603069E-08
1708260871
-3.031404E-04,-5.837597E-08
1708260882
-2.622738E-04,-5.895957E-08
1708260892
-2.797869E-04,-5.767397E-08
1708260902
-3.031397E-04,-5.723209E-08
1708260913
-2.872927E-04,-5.638211E-08
1708260923
-3.731993E-04,-5.471214E-08
1708260933
-3.031390E-04,-5.616826E-08
1708260944
-2.639400E-04,-5.835680E-08
1708260954
-3.073138E-04,-5.764184E-08
1708260964
-2.455938E-04,-5.928931E-08
1708260974
-2.447576E-04,-5.981291E-08
1708260985
-2.113966E-04,-5.873281E-08
1708260995
-2.731144E-04,-6.026104E-08
1708261005
-2.622732E-04,-5.782529E-08
1708261015
-2.889642E-04,-5.631455E-08
1708261026
-2.597726E-04,-5.993753E-08
1708261036
-1.955490E-04,-5.788200E-08
1708261046
-2.497649E-04,-5.895581E-08
1708261057
-3.089794E-04,-5.975119E-08
1708261067
-3.406729E-04,-5.935934E-08
1708261077
-3.690281E-04,-5.849644E-08
1708261087
-2.664435E-04,-5.873905E-08
1708261097
-2.647752E-04,-5.869987E-08
1708261107
-2.013912E-04,-6.043193E-08
1708261118
-3.356680E-04,-5.953526E-08
1708261128
-3.181520E-04,-6.273013E-08
1708261138
-2.847913E-04,-6.177342E-08
1708261149
-2.472614E-04,-6.152496E-08
1708261159
-2.322490E-04,-6.333290E-08
1708261169
-2.447601E-04,-6.183177E-08
1708261180
-2.339191E-04,-6.302357E-08
1708261190
-2.455925E-04,-6.052866E-08
1708261200
-2.747837E-04,-6.344671E-08
1708261210
-3.006391E-04,-6.200894E-08
1708261220
-2.372551E-04,-6.121271E-08
1708261231
-2.881296E-04,-6.319449E-08
1708261241
-2.556039E-04,-5.950982E-08
1708261251
-3.031411E-04,-6.054199E-08
1708261261
-3.406736E-04,-6.188053E-08
1708261272
-3.548515E-04,-6.217860E-08
1708261282
-3.164840E-04,-6.188848E-08
1708261292
-3.298328E-04,-5.999254E-08
1708261303
-3.214919E-04,-6.294853E-08
1708261313
-2.923003E-04,-6.439381E-08
1708261323
-2.714483E-04,-6.287018E-08
1708261333
-3.023075E-04,-6.523255E-08
1708261344
-3.164877E-04,-6.452095E-08
1708261354
-2.989723E-04,-6.188095E-08
1708261364
-2.881280E-04,-6.673911E-08
1708261375
-3.239919E-04,-6.297898E-08
1708261385
-1.997186E-04,-6.684543E-08
1708261395
-3.064788E-04,-6.657735E-08
1708261406
-3.089808E-04,-6.656317E-08
1708261416
-2.372530E-04,-6.309028E-08
1708261426
-2.514321E-04,-6.269759E-08
1708261437
-2.981388E-04,-6.223362E-08
1708261447
-2.631104E-04,-5.947438E-08
1708261457
-2.422555E-04,-6.412121E-08
1708261467
-2.931326E-04,-6.247750E-08
1708261477
-2.998062E-04,-6.239537E-08
1708261488
-2.639402E-04,-6.114479E-08
1708261498
-3.340014E-04,-6.245997E-08
1708261508
-2.989726E-04,-6.107974E-08
1708261519
-2.522648E-04,-6.204021E-08
1708261529
-2.973018E-04,-6.144910E-08
1708261539
-3.131489E-04,-6.331748E-08
1708261550
-2.947993E-04,-6.438967E-08
1708261560
-2.597709E-04,-6.271387E-08
1708261570
-2.756167E-04,-6.336334E-08
1708261580
-2.414208E-04,-6.123275E-08
1708261591
-2.897961E-04,-6.103890E-08
1708261601
-2.797898E-04,-6.266007E-08
1708261611
-2.664452E-04,-6.436839E-08
1708261622
-2.397560E-04,-6.402698E-08
1708261632
-2.681104E-04,-6.287478E-08
1708261642
-2.514286E-04,-6.754451E-08
1708261653
-2.572676E-04,-6.380189E-08
1708261663
-2.789559E-04,-6.366221E-08
1708261673
-2.314132E-04,-6.238913E-08
1708261683
-2.280765E-04,-6.440634E-08
1708261693
-2.597716E-04,-6.570903E-08
1708261703
-2.547665E-04,-6.294523E-08
1708261714
-2.739489E-04,-6.419374E-08
1708261724
-2.822904E-04,-6.516461E-08
1708261734
-2.464278E-04,-6.341502E-08
1708261744
-2.681086E-04,-6.216571E-08
1708261754
-2.747803E-04,-6.236080E-08
1708261765
-2.914648E-04,-6.524339E-08
1708261775
-3.131483E-04,-6.578991E-08
1708261785
-3.381724E-04,-6.551726E-08
1708261795
-2.397568E-04,-6.294395E-08
1708261806
-2.389203E-04,-6.630390E-08
1708261816
-2.639422E-04,-6.321117E-08
1708261826
-2.088950E-04,-6.247708E-08
1708261836
-2.088919E-04,-6.163171E-08
1708261847
-2.339147E-04,-6.329999E-08
1708261857
-2.430873E-04,-6.188475E-08
1708261867
-3.098146E-04,-6.057325E-08
1708261877
-2.380849E-04,-6.220321E-08
1708261887
-1.905458E-04,-6.435007E-08
1708261898
-1.913812E-04,-6.418873E-08
1708261908
-2.597727E-04,-6.263798E-08
1708261918
-2.973030E-04,-6.236161E-08
1708261928
-2.806220E-04,-6.251210E-08
1708261939
-2.589383E-04,-6.146742E-08
1708261949
-2.155669E-04,-6.160209E-08
1708261959
-2.372529E-04,-6.036608E-08
1708261969
-2.939688E-04,-6.182425E-08
1708261979
-2.480947E-04,-6.197768E-08
1708261990
-2.272447E-04,-6.226740E-08
1708262000
-2.205723E-04,-6.150787E-08
1708262010
-2.055596E-04,-6.283267E-08
1708262021
-2.189032E-04,-6.218153E-08
1708262031
-3.698643E-04,-6.137988E-08
1708262041
-3.465099E-04,-6.181427E-08
1708262051
-3.306623E-04,-6.289479E-08
1708262062
-2.514302E-04,-6.361429E-08
1708262072
-2.897976E-04,-6.384522E-08
1708262082
-2.948000E-04,-6.302026E-08
1708262092
-2.914639E-04,-6.391610E-08
1708262103
-2.430900E-04,-6.667408E-08
1708262113
-3.164841E-04,-6.444552E-08
1708262123
-2.372520E-04,-6.410911E-08
1708262133
-2.147342E-04,-6.497326E-08
1708262143
-2.472618E-04,-6.295772E-08
1708262154
-2.714477E-04,-6.472190E-08
1708262164
-2.222420E-04,-6.556269E-08
1708262174
-2.255752E-04,-6.203438E-08
1708262184
-2.872943E-04,-6.213025E-08
1708262194
-3.131483E-04,-6.350216E-08
1708262204
-3.356674E-04,-6.569361E-08
1708262215
-2.731158E-04,-6.592622E-08
1708262225
-2.305809E-04,-6.362304E-08
1708262235
-2.047246E-04,-6.804473E-08
1708262245
-2.105620E-04,-6.804391E-08
1708262256
-2.289117E-04,-6.510292E-08
1708262266
-1.822078E-04,-6.746319E-08
1708262276
-2.247433E-04,-6.702465E-08
1708262286
-2.205736E-04,-6.606669E-08
1708262297
-3.148181E-04,-6.481985E-08
1708262307
-2.230760E-04,-6.382520E-08
1708262317
-2.556016E-04,-6.493366E-08
1708262327
-2.697831E-04,-6.515041E-08
1708262338
-2.572703E-04,-6.763911E-08
1708262348
-2.239090E-04,-7.158516E-08
1708262358
-2.739523E-04,-6.749153E-08
1708262368
-2.831245E-04,-6.929240E-08
1708262378
-2.639426E-04,-6.981764E-08
1708262389
-2.280781E-04,-6.768080E-08
1708262399
-2.447605E-04,-7.032747E-08
1708262409
-2.080637E-04,-7.042001E-08
1708262419
-1.655265E-04,-7.018450E-08
1708262430
-1.838758E-04,-7.099279E-08
1708262440
-1.955515E-04,-6.982182E-08
1708262450
-2.180702E-04,-6.983641E-08
1708262461
-2.072275E-04,-6.947166E-08
1708262471
-2.289135E-04,-7.181984E-08
1708262481
-2.197398E-04,-7.182526E-08
1708262491
-1.847114E-04,-6.973092E-08
1708262502
-2.080624E-04,-6.800345E-08
1708262512
-2.439261E-04,-7.090232E-08
1708262522
-2.814600E-04,-6.902141E-08
1708262532
-2.581061E-04,-7.133835E-08
1708262542
-1.880455E-04,-7.184111E-08
1708262552
-1.505155E-04,-7.081061E-08
1708262563
-1.538525E-04,-6.993143E-08
1708262573
-1.680281E-04,-6.906271E-08
1708262583
-1.488485E-04,-6.839862E-08
1708262594
-2.180729E-04,-7.150926E-08
1708262604
-2.164048E-04,-6.947288E-08
1708262614
-1.496838E-04,-6.872919E-08
1708262624
-1.138152E-04,-7.076562E-08
1708262634
-1.872123E-04,-6.936743E-08
1708262645
-1.246596E-04,-6.997522E-08
1708262655
-1.546852E-04,-6.898850E-08
1708262665
-1.913862E-04,-6.744607E-08
1708262675
-1.805375E-04,-6.738943E-08
1708262685
-2.105647E-04,-6.757866E-08
1708262696
-1.655292E-04,-7.019906E-08
1708262706
-1.696965E-04,-7.102614E-08
1708262716
-1.546850E-04,-6.955377E-08
1708262727
-2.455961E-04,-7.111615E-08
1708262737
-1.930497E-04,-7.372701E-08
1708262747
-2.122316E-04,-7.064555E-08
1708262758
-2.372510E-04,-7.104617E-08
1708262768
-1.988863E-04,-6.897017E-08
1708262778
-2.739481E-04,-6.799055E-08
1708262788
-2.756178E-04,-7.033540E-08
1708262798
-2.622737E-04,-6.902102E-08
1708262808
-2.889620E-04,-6.641103E-08
1708262819
-2.806206E-04,-7.075436E-08
1708262829
-2.389213E-04,-7.045379E-08
1708262839
-3.440081E-04,-7.098696E-08
1708262849
-3.581872E-04,-7.348481E-08
1708262860
-3.656940E-04,-7.359485E-08
1708262870
-3.440087E-04,-6.982307E-08
1708262880
-3.164874E-04,-7.152511E-08
1708262890
-2.964704E-04,-7.296330E-08
1708262900
-3.673631E-04,-6.901850E-08
1708262911
-3.498457E-04,-7.007694E-08
1708262921
-4.591024E-04,-7.039753E-08
1708262931
-3.556832E-04,-6.896809E-08
1708262941
-3.932143E-04,-7.212459E-08
1708262951
-3.314995E-04,-7.464493E-08
1708262961
-3.481818E-04,-7.311461E-08
1708262972
-3.156531E-04,-7.136462E-08
1708262982
-2.397592E-04,-6.857869E-08
1708262992
-2.597687E-04,-7.308965E-08
1708263003
-2.105627E-04,-7.097363E-08
1708263013
-2.973050E-04,-7.254310E-08
1708263023
-3.431756E-04,-7.258437E-08
1708263034
-2.397578E-04,-7.101903E-08
1708263044
-1.872122E-04,-7.165852E-08
1708263054
-2.355838E-04,-7.128419E-08
1708263064
-2.013876E-04,-6.968761E-08
1708263075
-2.380873E-04,-7.173523E-08
1708263085
-2.539344E-04,-7.174814E-08
1708263095
-2.864595E-04,-7.322386E-08
1708263106
-3.273248E-04,-7.043339E-08
1708263116
-2.639430E-04,-7.028703E-08
1708263126
-2.839568E-04,-7.317760E-08
1708263137
-2.897976E-04,-7.181693E-08
1708263147
-2.097322E-04,-7.378327E-08
1708263157
-2.689465E-04,-7.384456E-08
1708263167
-2.722845E-04,-7.204660E-08
1708263178
-2.589393E-04,-7.389166E-08
1708263188
-2.931360E-04,-7.337848E-08
1708263198
-2.656111E-04,-7.226797E-08
1708263208
-2.230755E-04,-7.376952E-08
1708263219
-3.006417E-04,-7.026325E-08
1708263229
-2.697798E-04,-7.255353E-08
1708263239
-3.223257E-04,-7.071264E-08
1708263250
-2.747823E-04,-7.176109E-08
1708263260
-3.298311E-04,-7.274403E-08
1708263270
-3.406729E-04,-7.266233E-08
1708263280
-3.006410E-04,-7.128416E-08
1708263290
-2.689463E-04,-7.267317E-08
1708263300
-2.639429E-04,-7.256186E-08
1708263310
-3.248264E-04,-7.520229E-08
1708263321
-2.564331E-04,-7.513353E-08
1708263331
-2.364169E-04,-7.402425E-08
1708263341
-1.880423E-04,-7.399550E-08
1708263352
-2.214041E-04,-7.196452E-08
1708263362
-2.622724E-04,-7.626323E-08
1708263372
-2.981332E-04,-7.275032E-08
1708263382
-2.606033E-04,-7.154308E-08
1708263393
-2.764474E-04,-7.527946E-08
1708263403
-3.273253E-04,-7.703444E-08
1708263413
-2.847915E-04,-7.432230E-08
1708263423
-2.672749E-04,-7.439944E-08
1708263433
-2.631037E-04,-7.422145E-08
1708263443
-2.581015E-04,-7.127294E-08
1708263453
-2.647730E-04,-7.494261E-08
1708263464
-2.747810E-04,-7.291582E-08
1708263474
-2.564344E-04,-7.357028E-08
1708263484
-2.564339E-04,-7.048006E-08
1708263494
-2.806192E-04,-7.012449E-08
1708263505
-2.697787E-04,-7.352984E-08
1708263515
-2.814527E-04,-6.977599E-08
1708263525
-2.639396E-04,-6.806225E-08
1708263535
-2.822885E-04,-6.965718E-08
1708263546
-2.439236E-04,-6.893016E-08
1708263556
-2.439249E-04,-7.123249E-08
1708263566
-2.572642E-04,-7.095741E-08
1708263576
-2.555985E-04,-7.057762E-08
1708263587
-2.572668E-04,-7.159185E-08
1708263597
-2.130635E-04,-7.122418E-08
1708263607
-2.922968E-04,-6.975472E-08
1708263618
-3.073071E-04,-7.104869E-08
1708263628
-2.931304E-04,-7.375038E-08
1708263638
-2.906278E-04,-7.310632E-08
1708263648
-3.348295E-04,-7.408305E-08
1708263658
-3.098095E-04,-7.404595E-08
1708263669
-3.073047E-04,-7.429443E-08
1708263679
-2.514261E-04,-7.406889E-08
1708263689
-2.580975E-04,-7.411142E-08
1708263699
-2.956342E-04,-7.433147E-08
1708263709
-2.756150E-04,-8.120559E-08
1708263720
-2.814569E-04,-7.817203E-08
1708263730
-2.439231E-04,-7.610316E-08
1708263740
-2.739488E-04,-7.487840E-08
1708263750
-2.847883E-04,-7.589767E-08
1708263761
-2.664422E-04,-7.762429E-08
1708263771
-3.056408E-04,-7.735625E-08
1708263781
-2.789533E-04,-7.803532E-08
1708263791
-2.689409E-04,-7.443406E-08
1708263801
-3.356650E-04,-7.334810E-08
1708263812
-2.739482E-04,-7.778270E-08
1708263822
-2.781182E-04,-7.470832E-08
1708263832
-2.847906E-04,-7.523649E-08
1708263842
-2.364167E-04,-7.559959E-08
1708263852
-1.938804E-04,-7.396632E-08
1708263863
-2.464264E-04,-7.615900E-08
1708263873
-1.822048E-04,-7.548621E-08
1708263883
-2.480934E-04,-7.317760E-08
1708263893
-2.305800E-04,-7.372535E-08
1708263904
-2.297471E-04,-7.622361E-08
1708263914
-2.522605E-04,-7.662635E-08
1708263924
-3.114780E-04,-7.430148E-08
1708263935
-2.964659E-04,-7.842385E-08
1708263945
-2.422519E-04,-7.538076E-08
1708263955
-2.555978E-04,-7.580595E-08
1708263965
-2.739485E-04,-7.609523E-08
1708263976
-2.989665E-04,-7.767726E-08
1708263986
-3.348314E-04,-7.361406E-08
1708263996
-2.647722E-04,-7.238015E-08
1708264006
-2.564342E-04,-7.424852E-08
1708264016
-2.472582E-04,-7.501182E-08
1708264026
-2.572668E-04,-7.311883E-08
1708264037
-2.681096E-04,-7.556957E-08
1708264047
-2.339142E-04,-7.381791E-08
1708264057
-2.505931E-04,-7.451409E-08
1708264068
-3.173156E-04,-7.396675E-08
1708264078
-2.522628E-04,-7.416308E-08
1708264088
-2.455892E-04,-7.325474E-08
1708264099
-2.464267E-04,-7.655544E-08
1708264109
-2.439229E-04,-7.275282E-08
1708264119
-1.972169E-04,-7.488592E-08
1708264129
-2.397521E-04,-7.354237E-08
1708264140
-2.464228E-04,-7.337397E-08
1708264150
-2.622686E-04,-7.477380E-08
1708264160
-2.889572E-04,-7.221967E-08
1708264170
-2.530953E-04,-7.616320E-08
1708264181
-2.022235E-04,-7.545325E-08
1708264191
-2.706115E-04,-7.544493E-08
1708264201
-2.847927E-04,-7.195867E-08
1708264212
-2.355821E-04,-7.484798E-08
1708264222
-2.547671E-04,-7.231551E-08
1708264232
-2.931313E-04,-7.305837E-08
1708264242
-2.831231E-04,-7.475626E-08
1708264252
-2.539303E-04,-7.821626E-08
1708264262
-2.897948E-04,-7.859309E-08
1708264272
-3.139817E-04,-7.628032E-08
1708264282
-3.256587E-04,-7.791609E-08
