1706131091
+1.525121E+00,-1.193029E-09
1706131096
+1.525063E+00,-1.468497E-09
1706131101
+1.525023E+00,-1.860717E-09
1706131107
+1.525017E+00,-1.365145E-09
1706131112
+1.525082E+00,-1.690227E-09
1706131117
+1.525012E+00,-1.498925E-09
1706131123
+1.525012E+00,-1.834882E-09
1706131128
+1.525082E+00,-1.640218E-09
1706131133
+1.525082E+00,-1.940318E-09
1706131138
+1.525037E+00,-1.466405E-09
1706131144
+1.525006E+00,-1.368454E-09
1706131149
+1.525134E+00,-1.643553E-09
1706131154
+1.525115E+00,-1.134242E-09
1706131160
+1.525040E+00,-1.333036E-09
1706131165
+1.525051E+00,-1.507684E-09
1706131170
+1.525026E+00,-1.436410E-09
1706131175
+1.525063E+00,-1.451411E-09
1706131181
+1.525058E+00,-2.082864E-09
1706131186
+1.525098E+00,-1.932822E-09
1706131191
+1.525070E+00,-2.109131E-09
1706131197
+1.525104E+00,-7.703669E-10
1706131202
+1.525061E+00,-1.470606E-09
1706131207
+1.525047E+00,-1.693569E-09
1706131212
+1.525063E+00,-1.158413E-09
1706131218
+1.525095E+00,-1.393877E-09
1706131223
+1.525027E+00,-1.238442E-09
1706131228
+1.525123E+00,-1.020023E-09
1706131233
+1.525046E+00,-1.250954E-09
1706131239
+1.525052E+00,-1.548552E-09
1706131244
+1.525048E+00,-1.293438E-09
1706131249
+1.525025E+00,-1.650235E-09
1706131255
+1.524992E+00,-1.058392E-09
1706131260
+1.525050E+00,-1.237591E-09
1706131265
+1.525091E+00,-1.241763E-09
1706131270
+1.525056E+00,-1.855283E-09
1706131276
+1.525149E+00,-8.541594E-10
1706131281
+1.525022E+00,-8.466352E-10
1706131286
+1.525031E+00,-9.754308E-10
1706131292
+1.525137E+00,-1.562681E-09
1706131297
+1.524966E+00,-1.204234E-09
1706131302
+1.525050E+00,-1.041712E-09
1706131307
+1.525003E+00,-1.775253E-09
1706131313
+1.525093E+00,-2.034940E-09
1706131318
+1.525109E+00,-1.210081E-09
1706131323
+1.525042E+00,-5.240602E-10
1706131329
+1.524998E+00,-1.057533E-09
1706131334
+1.525001E+00,-8.712332E-10
1706131339
+1.524947E+00,-1.370147E-09
1706131344
+1.524929E+00,-1.516002E-09
1706131350
+1.524962E+00,-1.330958E-09
1706131355
+1.524986E+00,-8.724929E-10
1706131360
+1.525023E+00,-1.202175E-09
1706131365
+1.525051E+00,-1.905732E-09
1706131371
+1.525100E+00,-1.095881E-09
1706131376
+1.525207E+00,-1.368905E-09
1706131381
+1.524988E+00,-1.431404E-09
1706131387
+1.524965E+00,-1.575643E-09
1706131392
+1.524983E+00,-1.104213E-09
1706131397
+1.524983E+00,-1.215505E-09
1706131402
+1.525039E+00,-1.504773E-09
1706131408
+1.524993E+00,-1.123402E-09
1706131413
+1.525011E+00,-1.531442E-09
1706131418
+1.524957E+00,-5.428186E-10
1706131424
+1.525019E+00,-1.149649E-09
1706131429
+1.525095E+00,-1.333861E-09
1706131434
+1.525129E+00,-1.726486E-09
1706131439
+1.525101E+00,-1.346387E-09
1706131445
+1.525091E+00,-1.454747E-09
1706131450
+1.524935E+00,-1.038782E-09
1706131455
+1.524944E+00,-1.288452E-09
1706131461
+1.524957E+00,-1.281774E-09
1706131466
+1.524981E+00,-1.101739E-09
1706131471
+1.525072E+00,-9.575117E-10
1706131476
+1.525045E+00,-1.463101E-09
1706131482
+1.525061E+00,-1.543530E-09
1706131487
+1.524996E+00,-1.158397E-09
1706131492
+1.525035E+00,-1.203420E-09
1706131497
+1.524997E+00,-1.595214E-09
1706131503
+1.525013E+00,-1.560209E-09
1706131508
+1.525018E+00,-1.471835E-09
1706131513
+1.524976E+00,-1.005877E-09
1706131519
+1.525022E+00,-1.305523E-09
1706131524
+1.524947E+00,-9.937794E-10
1706131529
+1.524978E+00,-9.162481E-10
1706131534
+1.525051E+00,-1.262194E-09
1706131540
+1.525000E+00,-9.941724E-10
1706131545
+1.525016E+00,-1.169648E-09
1706131550
+1.525020E+00,-1.604782E-09
1706131556
+1.525010E+00,-1.047120E-09
1706131561
+1.525004E+00,-1.005037E-09
1706131566
+1.524988E+00,-1.393900E-09
1706131571
+1.524943E+00,-1.386808E-09
1706131577
+1.524979E+00,-6.474314E-10
1706131582
+1.524991E+00,-1.440589E-09
1706131587
+1.524959E+00,-6.865943E-10
1706131593
+1.525002E+00,-8.778990E-10
1706131598
+1.524964E+00,-8.270516E-10
1706131603
+1.525087E+00,-1.285117E-09
1706131608
+1.525066E+00,-1.002948E-09
1706131614
+1.525026E+00,-9.291881E-10
1706131619
+1.525085E+00,-1.062541E-09
1706131624
+1.524966E+00,-1.160490E-09
1706131629
+1.524984E+00,-1.065468E-09
1706131635
+1.524997E+00,-1.473512E-09
1706131640
+1.524936E+00,-1.127974E-09
1706131645
+1.524988E+00,-7.024454E-10
1706131651
+1.524957E+00,-5.278027E-10
1706131656
+1.525003E+00,-1.672334E-09
1706131661
+1.525032E+00,-1.018781E-09
1706131666
+1.524992E+00,-2.939807E-10
1706131672
+1.524948E+00,-1.290118E-09
1706131677
+1.524909E+00,-1.607718E-09
1706131682
+1.525026E+00,-1.304296E-09
1706131688
+1.525006E+00,-8.095641E-10
1706131693
+1.524889E+00,-1.210095E-09
1706131698
+1.524934E+00,-1.260102E-09
1706131703
+1.524871E+00,-1.056717E-09
1706131708
+1.525005E+00,-1.479767E-09
1706131714
+1.525025E+00,-1.759007E-09
1706131719
+1.524995E+00,-8.562332E-10
1706131724
+1.525063E+00,-1.480595E-09
1706131730
+1.524962E+00,-1.489333E-09
1706131735
+1.525058E+00,-1.027114E-09
1706131740
+1.525062E+00,-1.322207E-09
1706131745
+1.525076E+00,-1.524795E-09
1706131751
+1.525056E+00,-1.308016E-09
1706131756
+1.524968E+00,-1.054209E-09
1706131761
+1.525024E+00,-1.151762E-09
1706131767
+1.525079E+00,-8.995785E-10
1706131772
+1.525111E+00,-7.603732E-10
1706131777
+1.524998E+00,-1.227188E-09
1706131782
+1.525048E+00,-1.075891E-09
1706131788
+1.525042E+00,-1.428912E-09
1706131793
+1.524977E+00,-1.493083E-09
1706131798
+1.525033E+00,-1.118800E-09
1706131803
+1.525075E+00,-1.271361E-09
1706131809
+1.525014E+00,-1.618549E-09
1706131814
+1.525000E+00,-7.741204E-10
1706131819
+1.525051E+00,-8.245548E-10
1706131825
+1.525047E+00,-1.909476E-09
1706131830
+1.525029E+00,-1.614364E-09
1706131835
+1.525079E+00,-1.509773E-09
1706131840
+1.525023E+00,-1.255101E-09
1706131846
+1.525076E+00,-1.510188E-09
1706131851
+1.524955E+00,-1.582699E-09
1706131856
+1.525080E+00,-1.037548E-09
1706131862
+1.525056E+00,-1.012523E-09
1706131867
+1.525031E+00,-1.810303E-09
1706131872
+1.525091E+00,-1.532713E-09
1706131877
+1.525081E+00,-1.070871E-09
1706131883
+1.525042E+00,-7.341026E-10
1706131888
+1.525061E+00,-1.335122E-09
1706131893
+1.525111E+00,-1.340553E-09
1706131898
+1.525036E+00,-7.237108E-10
1706131904
+1.525052E+00,-9.896161E-10
1706131909
+1.525079E+00,-1.405972E-09
1706131914
+1.525090E+00,-1.184246E-09
1706131919
+1.524950E+00,-1.009193E-09
1706131925
+1.524978E+00,-1.423920E-09
1706131930
+1.525052E+00,-1.120051E-09
1706131935
+1.525070E+00,-1.100048E-09
1706131940
+1.524990E+00,-1.348878E-09
1706131946
+1.525041E+00,-1.195507E-09
1706131951
+1.525019E+00,-1.069212E-09
1706131956
+1.524937E+00,-1.227176E-09
1706131962
+1.524934E+00,-1.074217E-09
1706131967
+1.524982E+00,-1.316368E-09
1706131972
+1.525058E+00,-8.874986E-10
1706131977
+1.524955E+00,-1.982412E-09
1706131983
+1.525031E+00,-5.273933E-10
1706131988
+1.524947E+00,-7.011988E-10
1706131993
+1.525026E+00,-1.619786E-09
1706131999
+1.525033E+00,-1.803605E-09
1706132004
+1.525022E+00,-1.365145E-09
1706132009
+1.524940E+00,-1.288887E-09
1706132014
+1.524995E+00,-4.719550E-10
1706132020
+1.525016E+00,-1.832379E-09
1706132025
+1.524985E+00,-1.410155E-09
1706132030
+1.524972E+00,-1.331797E-09
1706132036
+1.525004E+00,-1.750674E-09
1706132041
+1.525005E+00,-1.162568E-09
1706132046
+1.525000E+00,-1.192193E-09
1706132051
+1.524969E+00,-9.758564E-10
1706132057
+1.524955E+00,-1.150905E-09
1706132062
+1.525000E+00,-9.758591E-10
1706132067
+1.524980E+00,-1.257206E-09
1706132072
+1.524981E+00,-1.303443E-09
1706132078
+1.525028E+00,-1.904885E-09
1706132083
+1.525040E+00,-1.366822E-09
1706132088
+1.524998E+00,-1.351375E-09
1706132093
+1.524980E+00,-1.543976E-09
1706132099
+1.525026E+00,-2.036182E-09
1706132104
+1.525069E+00,-1.564810E-09
1706132109
+1.525014E+00,-1.034202E-09
1706132114
+1.525023E+00,-1.439349E-09
1706132120
+1.525073E+00,-9.487682E-10
1706132125
+1.524975E+00,-1.348063E-09
1706132130
+1.524930E+00,-1.201767E-09
1706132136
+1.525005E+00,-1.305540E-09
1706132141
+1.525105E+00,-1.561457E-09
1706132146
+1.525009E+00,-1.909064E-09
1706132151
+1.524991E+00,-1.729427E-09
1706132157
+1.525073E+00,-1.203827E-09
1706132162
+1.524932E+00,-1.871544E-09
1706132167
+1.525013E+00,-1.350132E-09
1706132173
+1.525046E+00,-8.995580E-10
1706132178
+1.524865E+00,-1.460997E-09
1706132183
+1.524983E+00,-8.920753E-10
1706132188
+1.524981E+00,-1.538933E-09
1706132194
+1.525023E+00,-1.835294E-09
1706132199
+1.525001E+00,-1.651894E-09
1706132204
+1.524972E+00,-1.799880E-09
1706132210
+1.525084E+00,-1.184251E-09
1706132215
+1.525137E+00,-9.316773E-10
1706132220
+1.525035E+00,-2.177893E-09
1706132225
+1.525007E+00,-1.204669E-09
1706132230
+1.525036E+00,-1.790279E-09
1706132236
+1.525018E+00,-1.190481E-09
1706132241
+1.525064E+00,-1.071715E-09
1706132246
+1.525048E+00,-1.178404E-09
1706132251
+1.525005E+00,-2.012854E-09
1706132257
+1.524950E+00,-1.282206E-09
1706132262
+1.524972E+00,-1.008785E-09
1706132267
+1.525066E+00,-1.394302E-09
1706132273
+1.525089E+00,-4.902973E-10
1706132278
+1.525018E+00,-8.145482E-10
1706132283
+1.524962E+00,-1.727750E-09
1706132288
+1.524973E+00,-1.402218E-09
1706132294
+1.525003E+00,-1.743178E-09
1706132299
+1.525009E+00,-1.793196E-09
1706132304
+1.525032E+00,-1.286776E-09
1706132310
+1.525060E+00,-1.236767E-09
1706132315
+1.524938E+00,-1.506015E-09
1706132320
+1.524999E+00,-1.110485E-09
1706132325
+1.524954E+00,-1.144661E-09
1706132331
+1.524953E+00,-9.366798E-10
1706132336
+1.524999E+00,-9.837763E-10
1706132341
+1.524935E+00,-1.420978E-09
1706132347
+1.524892E+00,-8.437247E-10
1706132352
+1.524942E+00,-5.882423E-10
1706132357
+1.524939E+00,-6.957687E-10
1706132362
+1.524999E+00,-1.253838E-09
1706132368
+1.524982E+00,-1.506856E-09
1706132373
+1.524962E+00,-1.869467E-09
1706132378
+1.525042E+00,-8.941543E-10
1706132383
+1.524929E+00,-2.210504E-10
1706132389
+1.524934E+00,-1.418480E-09
1706132394
+1.525006E+00,-1.510578E-09
1706132399
+1.524986E+00,-9.266741E-10
1706132405
+1.525024E+00,-1.898634E-09
1706132410
+1.525035E+00,-1.538112E-09
1706132415
+1.524949E+00,-8.549964E-10
1706132420
+1.524903E+00,-1.646897E-09
1706132426
+1.525018E+00,-1.526429E-09
1706132431
+1.525036E+00,-1.669401E-09
1706132436
+1.525006E+00,-1.362628E-09
1706132442
+1.524930E+00,-7.920581E-10
1706132447
+1.525029E+00,-3.544222E-10
1706132452
+1.525045E+00,-1.177174E-09
1706132457
+1.525005E+00,-2.008664E-09
1706132463
+1.524958E+00,-1.364720E-09
1706132468
+1.524983E+00,-1.176329E-09
1706132473
+1.525039E+00,-1.276354E-09
1706132479
+1.525013E+00,-1.510159E-09
1706132484
+1.525033E+00,-1.678974E-09
1706132489
+1.525048E+00,-1.253444E-09
1706132494
+1.524978E+00,-7.945591E-10
1706132500
+1.525037E+00,-1.121330E-09
1706132505
+1.524981E+00,-1.514364E-09
1706132510
+1.524870E+00,-1.435170E-09
1706132515
+1.524945E+00,-1.673983E-09
1706132521
+1.524922E+00,-1.928659E-09
1706132526
+1.524935E+00,-1.576046E-09
1706132531
+1.524963E+00,-1.064624E-09
1706132536
+1.524868E+00,-8.370538E-10
1706132542
+1.524934E+00,-1.420566E-09
1706132547
+1.525044E+00,-1.501856E-09
1706132552
+1.525026E+00,-1.807770E-09
1706132557
+1.525035E+00,-9.095742E-10
1706132563
+1.525073E+00,-1.766921E-09
1706132568
+1.525043E+00,-5.449002E-10
1706132573
+1.525001E+00,-1.388062E-09
1706132579
+1.525006E+00,-1.124227E-09
1706132584
+1.524981E+00,-1.205527E-09
1706132589
+1.524964E+00,-1.085043E-09
1706132594
+1.525028E+00,-8.649713E-10
1706132600
+1.525041E+00,-9.958510E-10
1706132605
+1.525045E+00,-1.948226E-09
1706132610
+1.525041E+00,-1.468494E-09
1706132616
+1.524964E+00,-8.303975E-10
1706132621
+1.525050E+00,-1.403049E-09
1706132626
+1.525093E+00,-1.400159E-09
1706132631
+1.525048E+00,-8.299739E-10
1706132637
+1.525071E+00,-1.330141E-09
1706132642
+1.525060E+00,-1.283427E-09
1706132647
+1.525007E+00,-1.485592E-09
1706132653
+1.525022E+00,-8.312296E-10
1706132658
+1.525009E+00,-1.442659E-09
1706132663
+1.524950E+00,-1.002525E-09
1706132668
+1.524947E+00,-1.369729E-09
1706132674
+1.525045E+00,-1.340570E-09
1706132679
+1.525060E+00,-7.741249E-10
1706132684
+1.525043E+00,-1.105893E-09
1706132689
+1.525049E+00,-1.839044E-09
1706132695
+1.525000E+00,-1.319301E-09
1706132700
+1.525013E+00,-1.248021E-09
1706132705
+1.525016E+00,-9.562777E-10
1706132711
+1.525008E+00,-1.714824E-09
1706132716
+1.525064E+00,-1.490180E-09
1706132721
+1.525061E+00,-7.232751E-10
1706132726
+1.525007E+00,-1.063361E-09
1706132732
+1.525062E+00,-1.073790E-09
1706132737
+1.525012E+00,-1.994918E-09
1706132742
+1.525040E+00,-2.869211E-10
1706132748
+1.524977E+00,-1.337620E-09
1706132753
+1.524936E+00,-1.457661E-09
1706132758
+1.525029E+00,-1.446006E-09
1706132763
+1.525041E+00,-1.148822E-09
1706132769
+1.525003E+00,-1.480586E-09
1706132774
+1.525033E+00,-1.260518E-09
1706132779
+1.525022E+00,-1.439745E-09
1706132785
+1.525029E+00,-1.370569E-09
1706132790
+1.525015E+00,-1.646891E-09
1706132795
+1.525027E+00,-1.411407E-09
1706132800
+1.525128E+00,-1.112129E-09
1706132806
+1.525034E+00,-1.775264E-09
1706132811
+1.525053E+00,-1.999512E-09
1706132816
+1.525019E+00,-7.332899E-10
1706132821
+1.524968E+00,-1.874039E-09
1706132827
+1.524981E+00,-1.313872E-09
1706132832
+1.524974E+00,-1.123822E-09
1706132837
+1.524992E+00,-1.447669E-09
1706132843
+1.524973E+00,-1.270507E-09
1706132848
+1.524970E+00,-1.408472E-09
1706132853
+1.524942E+00,-8.328876E-10
1706132858
+1.524921E+00,-1.130896E-09
1706132864
+1.524912E+00,-1.266346E-09
1706132869
+1.524951E+00,-9.362473E-10
1706132874
+1.525010E+00,-1.286781E-09
1706132880
+1.524976E+00,-1.453073E-09
1706132885
+1.524958E+00,-1.096724E-09
1706132890
+1.524983E+00,-6.599201E-10
1706132895
+1.525060E+00,-1.749422E-09
1706132901
+1.525022E+00,-1.223447E-09
1706132906
+1.524969E+00,-9.116652E-10
1706132911
+1.524918E+00,-1.053372E-09
1706132917
+1.524933E+00,-1.758592E-09
1706132922
+1.524957E+00,-1.534764E-09
1706132927
+1.524983E+00,-1.577704E-09
1706132932
+1.525006E+00,-1.630647E-09
1706132937
+1.524913E+00,-1.531026E-09
1706132943
+1.524915E+00,-1.294275E-09
1706132948
+1.524919E+00,-1.617305E-09
1706132953
+1.525007E+00,-1.193422E-09
1706132958
+1.524988E+00,-9.254117E-10
1706132964
+1.524957E+00,-1.295940E-09
1706132969
+1.524904E+00,-1.190503E-09
1706132974
+1.525019E+00,-1.080892E-09
1706132980
+1.525049E+00,-1.515626E-09
1706132985
+1.525055E+00,-8.028776E-10
1706132990
+1.524950E+00,-1.273027E-09
1706132995
+1.524936E+00,-1.393472E-09
1706133001
+1.524944E+00,-1.426822E-09
1706133006
+1.524940E+00,-1.379729E-09
1706133011
+1.524958E+00,-1.295529E-09
1706133017
+1.524977E+00,-1.793210E-09
1706133022
+1.525022E+00,-1.710259E-09
1706133027
+1.524987E+00,-1.392643E-09
1706133032
+1.524959E+00,-1.039242E-09
1706133038
+1.525005E+00,-1.380125E-09
1706133043
+1.524968E+00,-1.060039E-09
1706133048
+1.525020E+00,-1.631887E-09
1706133054
+1.525006E+00,-1.020014E-09
1706133059
+1.524984E+00,-6.795037E-10
1706133064
+1.524955E+00,-1.076715E-09
1706133069
+1.524922E+00,-8.770826E-10
1706133075
+1.524955E+00,-1.246775E-09
1706133080
+1.524931E+00,-9.104190E-10
1706133085
+1.524992E+00,-8.216295E-10
1706133091
+1.524975E+00,-1.839468E-09
1706133096
+1.525001E+00,-1.208014E-09
1706133101
+1.524958E+00,-1.017948E-09
1706133106
+1.525011E+00,-1.587290E-09
1706133112
+1.525036E+00,-1.255103E-09
1706133117
+1.525010E+00,-1.338490E-09
1706133122
+1.525038E+00,-1.299279E-09
1706133127
+1.524979E+00,-8.899941E-10
1706133133
+1.525009E+00,-1.995760E-09
1706133138
+1.525027E+00,-7.878633E-10
1706133143
+1.524995E+00,-1.731092E-09
1706133149
+1.524953E+00,-9.687705E-10
1706133154
+1.525010E+00,-1.017946E-09
1706133159
+1.524975E+00,-8.987385E-10
1706133164
+1.524927E+00,-1.125054E-09
1706133170
+1.525062E+00,-1.004618E-09
1706133175
+1.524968E+00,-1.186742E-09
1706133180
+1.524940E+00,-8.166546E-10
1706133186
+1.524994E+00,-5.736607E-10
1706133191
+1.524994E+00,-1.434316E-09
1706133196
+1.524994E+00,-1.213416E-09
1706133201
+1.525068E+00,-1.065454E-09
1706133207
+1.525053E+00,-1.567725E-09
1706133212
+1.525036E+00,-1.248440E-09
1706133217
+1.525132E+00,-1.458920E-09
1706133222
+1.525096E+00,-1.406002E-09
1706133228
+1.525068E+00,-1.253002E-09
1706133233
+1.525004E+00,-1.502284E-09
1706133238
+1.525017E+00,-1.093387E-09
1706133244
+1.525023E+00,-2.033675E-09
1706133249
+1.524943E+00,-1.509773E-09
1706133254
+1.525019E+00,-1.498929E-09
1706133259
+1.525041E+00,-1.418486E-09
1706133265
+1.525025E+00,-6.515897E-10
1706133270
+1.524986E+00,-1.886975E-09
1706133275
+1.525056E+00,-8.495796E-10
1706133281
+1.525037E+00,-7.912204E-10
1706133286
+1.524995E+00,-7.732907E-10
1706133291
+1.524969E+00,-1.242992E-09
1706133296
+1.524911E+00,-1.628549E-09
1706133301
+1.525037E+00,-1.683157E-09
1706133307
+1.524969E+00,-1.534789E-09
1706133312
+1.524958E+00,-1.037126E-09
1706133317
+1.524941E+00,-9.887949E-10
1706133323
+1.524989E+00,-1.976991E-09
1706133328
+1.524946E+00,-9.358426E-10
1706133333
+1.524983E+00,-1.759838E-09
1706133338
+1.524970E+00,-1.517680E-09
1706133344
+1.524992E+00,-1.398898E-09
1706133349
+1.524983E+00,-1.067542E-09
1706133354
+1.525023E+00,-1.982851E-09
1706133360
+1.524967E+00,-1.641462E-09
1706133365
