1707447855
-3.436095E-01,-2.752269E-08
1707447858
-3.231488E-01,-1.780385E-08
1707447861
-3.026662E-01,-1.781552E-08
1707447863
-2.821830E-01,-1.766212E-08
1707447866
-2.616371E-01,-1.739449E-08
1707447868
-2.445136E-01,-1.750245E-08
1707447871
-2.240170E-01,-1.712811E-08
1707447873
-2.034853E-01,-1.720564E-08
1707447876
-1.830263E-01,-1.690926E-08
1707447879
-1.625680E-01,-1.664079E-08
1707447881
-1.421072E-01,-1.600257E-08
1707447884
-1.216189E-01,-1.632772E-08
1707447886
-1.045622E-01,-1.657076E-08
1707447889
-8.408556E-02,-1.643278E-08
1707447892
-6.351470E-02,-1.602008E-08
1707447894
-4.298886E-02,-1.535684E-08
1707447897
-2.239380E-02,-1.630105E-08
1707447899
-1.922787E-03,-1.605676E-08
1707447902
+9.719443E-03,-1.772965E-08
1707447905
+3.013065E-02,-1.691592E-08
1707447907
+5.052936E-02,-1.693843E-08
1707447910
+7.097647E-02,-1.593671E-08
1707447912
+9.133933E-02,-1.672501E-08
1707447915
+1.083419E-01,-1.618266E-08
1707447917
+1.288781E-01,-1.601174E-08
1707447920
+1.493462E-01,-1.536727E-08
1707447923
+1.698166E-01,-1.546273E-08
1707447925
+1.903971E-01,-1.552568E-08
1707447928
+2.110017E-01,-1.580580E-08
1707447930
+2.315539E-01,-1.513465E-08
1707447933
+2.486658E-01,-1.529640E-08
1707447936
+2.691562E-01,-1.497124E-08
1707447938
+2.897241E-01,-1.466901E-08
1707447941
+3.101788E-01,-1.443598E-08
1707447943
+3.306558E-01,-1.432468E-08
1707447946
+3.511480E-01,-1.427049E-08
1707447948
+3.716284E-01,-1.391990E-08
1707447951
+3.920712E-01,-1.330377E-08
1707447954
+4.091415E-01,-1.352221E-08
1707447956
+4.296277E-01,-1.280562E-08
1707447959
+4.501222E-01,-1.326208E-08
1707447961
+4.705968E-01,-1.275517E-08
1707447964
+4.910314E-01,-1.250880E-08
1707447967
+5.116362E-01,-1.226494E-08
1707447969
+5.321599E-01,-1.246170E-08
1707447972
+5.491699E-01,-1.229704E-08
1707447974
+5.696805E-01,-1.197772E-08
1707447977
+5.901451E-01,-1.100975E-08
1707447980
+6.106170E-01,-1.110104E-08
1707447982
+6.312486E-01,-1.115983E-08
1707447985
+6.517231E-01,-1.025647E-08
1707447987
+6.722478E-01,-1.050701E-08
1707447990
+6.893839E-01,-9.960917E-09
1707447992
+7.097692E-01,-9.286425E-09
1707447995
+7.303603E-01,-9.191794E-09
1707447998
+7.508450E-01,-9.185126E-09
1707448000
+7.713397E-01,-8.309705E-09
1707448003
+7.917867E-01,-8.337634E-09
1707448005
+8.121995E-01,-7.903675E-09
1707448008
+8.293356E-01,-7.450958E-09
1707448011
+8.497827E-01,-6.482161E-09
1707448013
+8.703350E-01,-5.018542E-09
1707448016
+8.908079E-01,-4.173135E-09
1707448018
+9.112732E-01,-2.298924E-09
1707448021
+9.317961E-01,-7.277950E-10
1707448024
+9.522673E-01,+2.409664E-09
1707448026
+9.693695E-01,+6.303233E-09
1707448029
+9.898275E-01,+1.371272E-08
1707448031
+1.010294E+00,+2.306295E-08
1707448034
+1.030748E+00,+3.460985E-08
1707448036
+1.051217E+00,+4.842634E-08
1707448039
+1.071920E+00,+6.550496E-08
1707448042
+1.092388E+00,+8.479021E-08
1707448044
+1.109523E+00,+1.018505E-07
1707448047
+1.130087E+00,+1.247849E-07
1707448049
+1.150527E+00,+1.491743E-07
1707448052
+1.171144E+00,+1.766331E-07
1707448055
+1.191577E+00,+2.067954E-07
1707448057
+1.212082E+00,+2.391139E-07
1707448060
+1.232560E+00,+2.739501E-07
1707448062
+1.249655E+00,+3.064378E-07
1707448065
+1.270151E+00,+3.490832E-07
1707448068
+1.290639E+00,+3.992464E-07
1707448070
+1.311110E+00,+4.532027E-07
1707448073
+1.331621E+00,+5.171204E-07
1707448075
+1.352081E+00,+5.929126E-07
1707448078
+1.372534E+00,+6.783093E-07
1707448080
+1.393068E+00,+7.767129E-07
1707448083
+1.410158E+00,+8.657392E-07
1707448086
+1.430641E+00,+9.635819E-07
1707448088
+1.451128E+00,+1.050646E-06
1707448091
+1.471622E+00,+1.124630E-06
1707448093
+1.492156E+00,+1.191924E-06
1707448096
+1.512748E+00,+1.231756E-06
1707448099
+1.533211E+00,+1.256034E-06
1707448101
+1.550310E+00,+1.275231E-06
1707448104
+1.570866E+00,+1.299443E-06
1707448106
+1.591363E+00,+1.324347E-06
1707448109
+1.611894E+00,+1.347605E-06
1707448112
+1.632361E+00,+1.372283E-06
