1706083805
+2.506840E-03,-1.901968E-09
1706083811
+2.493496E-03,-1.862385E-09
1706083816
+2.475158E-03,-2.257913E-09
1706083821
+2.541033E-03,-2.360025E-09
1706083827
+2.493495E-03,-2.061181E-09
1706083832
+2.473483E-03,-2.648446E-09
1706083837
+2.544363E-03,-2.149942E-09
1706083842
+2.504333E-03,-2.487996E-09
1706083848
+2.554363E-03,-1.979075E-09
1706083853
+2.605235E-03,-1.965303E-09
1706083858
+2.556037E-03,-1.908625E-09
1706083864
+2.564381E-03,-2.080340E-09
1706083869
+2.525184E-03,-2.236656E-09
1706083874
+2.516011E-03,-2.605091E-09
1706083879
+2.595234E-03,-2.051164E-09
1706083885
+2.621081E-03,-2.611357E-09
1706083890
+2.559377E-03,-1.987391E-09
1706083895
+2.536026E-03,-2.225386E-09
1706083901
+2.609410E-03,-2.291258E-09
1706083906
+2.578557E-03,-2.030334E-09
1706083911
+2.530189E-03,-2.166632E-09
1706083916
+2.485156E-03,-2.175789E-09
1706083922
+2.584385E-03,-2.203731E-09
1706083927
+2.600236E-03,-2.001984E-09
1706083932
+2.573555E-03,-2.250812E-09
1706083938
+2.626923E-03,-2.949372E-09
1706083943
+2.709486E-03,-2.303343E-09
1706083948
+2.618586E-03,-3.220712E-09
1706084017
+2.501007E-03,-3.098592E-09
1706084022
+2.511012E-03,-2.599265E-09
1706084027
+2.649436E-03,-2.880187E-09
1706084032
+2.579387E-03,-2.593424E-09
1706084038
+2.671113E-03,-1.820267E-09
1706084043
+2.584383E-03,-3.023561E-09
1706084048
+2.668608E-03,-1.851526E-09
1706084054
+2.705300E-03,-2.795570E-09
1706084059
+2.691125E-03,-3.106089E-09
1706084064
+2.645261E-03,-2.793490E-09
1706084069
+2.645265E-03,-2.650522E-09
1706084075
+2.691133E-03,-2.172038E-09
1706084080
+2.591060E-03,-2.861011E-09
1706084085
+2.661110E-03,-2.656364E-09
1706084091
+2.637762E-03,-3.278230E-09
1706084096
+2.684459E-03,-3.432865E-09
1706084101
+2.668613E-03,-2.683465E-09
1706084106
+2.707807E-03,-2.905194E-09
1706084112
+2.570212E-03,-2.257476E-09
1706084117
+2.630260E-03,-2.618849E-09
1706084122
+2.723657E-03,-2.592592E-09
1706084128
+2.607746E-03,-2.820166E-09
1706084133
+2.692804E-03,-2.809745E-09
1706084138
+2.618585E-03,-2.571751E-09
1706084143
+2.656113E-03,-2.421698E-09
1706084149
+2.688632E-03,-3.214460E-09
1706084154
+2.600234E-03,-2.840180E-09
1706084159
+2.527685E-03,-3.053158E-09
1706084164
+2.601903E-03,-2.976047E-09
1706084170
+2.636930E-03,-2.931871E-09
1706084175
+2.615247E-03,-2.815166E-09
1706084180
+2.545194E-03,-2.644698E-09
1706084186
+2.575210E-03,-4.102250E-09
1706084191
+2.577721E-03,-2.827266E-09
1706084196
+2.656103E-03,-2.914359E-09
1706084201
+2.581890E-03,-2.732229E-09
1706084207
+2.659439E-03,-2.885183E-09
1706084212
+2.641094E-03,-2.691787E-09
1706084217
+2.598562E-03,-2.374626E-09
1706084223
+2.577716E-03,-2.838920E-09
1706084228
+2.643598E-03,-2.791822E-09
1706084233
+2.578550E-03,-2.604269E-09
1706084238
+2.616079E-03,-3.165276E-09
1706084244
+2.632754E-03,-3.219877E-09
1706084249
+2.591891E-03,-3.041485E-09
1706084254
+2.616909E-03,-2.580083E-09
1706084260
+2.647764E-03,-2.540074E-09
1706084265
+2.718640E-03,-2.520909E-09
1706084270
+2.616072E-03,-3.039400E-09
1706084275
+2.566871E-03,-3.669191E-09
