1706467187
+6.540677E-01,-1.979592E-08
1706467192
+6.540326E-01,-2.037613E-08
1706467198
+6.539744E-01,-2.023817E-08
1706467203
+6.539820E-01,-2.078379E-08
1706467208
+6.539819E-01,-2.025192E-08
1706467214
+6.539577E-01,-9.793562E-09
1706467219
+6.540570E-01,-2.464667E-09
1706467224
+6.540643E-01,-2.826463E-09
1706467229
+6.539752E-01,-3.022784E-09
1706467235
+6.540062E-01,-2.501763E-09
1706467240
+6.540045E-01,-2.316285E-09
1706467245
+6.540186E-01,-3.023206E-09
1706467251
+6.539728E-01,-2.536360E-09
1706467256
+6.539913E-01,-2.711017E-09
1706467261
+6.539703E-01,-2.027023E-09
1706467266
+6.540062E-01,-2.338797E-09
1706467271
+6.540396E-01,-2.452170E-09
1706467277
+6.540561E-01,-2.620981E-09
1706467282
