1704872604
+5.947479E-04,-2.765601E-09
1704872614
+6.989872E-04,-3.460804E-09
1704872624
+6.397770E-04,-3.121106E-09
1704872634
+7.031582E-04,-2.935633E-09
1704872645
+6.931489E-04,-3.469557E-09
1704872655
+6.581310E-04,-3.453303E-09
1704872665
+6.581357E-04,-3.054842E-09
1704872676
+6.906549E-04,-3.530413E-09
1704872686
+7.215111E-04,-3.243233E-09
1704872696
+6.689759E-04,-3.583358E-09
1704872706
+6.080957E-04,-3.118207E-09
1704872717
+6.506285E-04,-3.622111E-09
1704872727
+7.473638E-04,-3.551254E-09
1704872737
+6.256095E-04,-3.502070E-09
1704872748
+5.939230E-04,-3.985150E-09
1704872758
+6.681485E-04,-3.939304E-09
1704872768
+6.748175E-04,-3.762993E-09
1704872778
+6.881575E-04,-3.537083E-09
1704872789
+6.573010E-04,-3.541668E-09
1704872799
+6.606389E-04,-3.785500E-09
1704872809
+5.780809E-04,-3.611692E-09
1704872819
+6.589708E-04,-3.728398E-09
1704872830
+6.589718E-04,-4.087686E-09
1704872840
+6.097729E-04,-4.309428E-09
1704872850
+6.923289E-04,-3.898039E-09
1704872861
+6.948322E-04,-3.612110E-09
1704872871
+6.197787E-04,-3.674631E-09
1704872881
+7.565407E-04,-4.091021E-09
1704872891
+7.423659E-04,-4.920885E-09
1704872902
+6.472985E-04,-3.159040E-09
1704872912
+7.065086E-04,-4.259829E-09
1704872922
+6.314530E-04,-3.947222E-09
1704872932
+7.131761E-04,-4.417797E-09
1704872943
+6.806519E-04,-3.705890E-09
1704872953
+5.805843E-04,-3.455389E-09
1704872963
+6.472974E-04,-3.715060E-09
1704872974
+6.089372E-04,-3.461641E-09
1704872984
+6.639750E-04,-3.403288E-09
1704872994
+5.964267E-04,-3.169042E-09
1704873004
+6.389550E-04,-3.424128E-09
1704873014
+6.948278E-04,-3.482898E-09
1704873025
+7.281816E-04,-3.853021E-09
1704873035
+7.481980E-04,-4.081016E-09
1704873045
+7.406931E-04,-3.978899E-09
1704873055
+7.198459E-04,-4.972985E-09
1704873066
+6.681405E-04,-3.808840E-09
1704873076
+6.823182E-04,-4.647457E-09
1704873086
+7.056677E-04,-4.025164E-09
1704873097
+6.698064E-04,-4.511993E-09
1704873107
+6.114306E-04,-3.657121E-09
1704873117
+6.039282E-04,-3.771744E-09
1704873127
+5.672356E-04,-4.452807E-09
1704873138
+7.123356E-04,-3.871361E-09
1704873148
+6.339450E-04,-3.542082E-09
1704873158
+6.914920E-04,-4.426550E-09
1704873169
+6.422900E-04,-3.028161E-09
1704873179
+5.222053E-04,-4.958395E-09
1704873189
+6.472940E-04,-3.306171E-09
1704873199
+5.805800E-04,-4.384868E-09
1704873210
+5.322114E-04,-3.830931E-09
1704873220
+5.922522E-04,-3.692134E-09
1704873230
+7.006630E-04,-5.022167E-09
1704873240
+6.406207E-04,-4.188988E-09
1704873251
+5.113630E-04,-4.304007E-09
1704873261
+6.497909E-04,-4.011408E-09
1704873271
+6.372830E-04,-4.707059E-09
1704873282
+6.122653E-04,-5.023832E-09
1704873292
+6.314461E-04,-4.223980E-09
1704873302
+5.680700E-04,-4.344021E-09
1704873312
+6.039321E-04,-4.524917E-09
1704873323
+6.447919E-04,-4.955061E-09
1704873333
+6.539629E-04,-4.197721E-09
1704873343
+5.305447E-04,-4.093103E-09
1704873353
+5.613991E-04,-4.678300E-09
1704873364
+6.022626E-04,-5.348944E-09
1704873374
+5.622333E-04,-4.727067E-09
1704873384
+6.456242E-04,-4.203140E-09
1704873395
+6.114266E-04,-4.734983E-09
1704873405
+6.764759E-04,-4.273163E-09
1704873415
+5.689019E-04,-4.931718E-09
1704873425
+5.905848E-04,-4.476148E-09
1704873436
+6.481194E-04,-5.046755E-09
1704873446
+6.506218E-04,-4.172295E-09
1704873456
+7.148407E-04,-4.163961E-09
1704873467
+6.172713E-04,-4.489904E-09
1704873477
+5.272055E-04,-4.364026E-09
1704873487
+6.314497E-04,-4.527834E-09
1704873497
+5.563946E-04,-4.326098E-09
1704873508
+5.480513E-04,-4.206890E-09
1704873518
+6.664663E-04,-4.515743E-09
1704873528
+5.255351E-04,-5.301841E-09
1704873538
+5.246996E-04,-4.601605E-09
1704873549
+6.256072E-04,-4.856693E-09
1704873559
+5.697351E-04,-4.827099E-09
1704873569
+5.613969E-04,-4.618696E-09
1704873579
+4.771682E-04,-4.739152E-09
1704873590
+5.505513E-04,-4.760409E-09
1704873600
+5.263713E-04,-4.932551E-09
1704873610
+5.280363E-04,-4.717478E-09
1704873620
+5.638975E-04,-3.900120E-09
1704873631
+5.930838E-04,-4.042668E-09
1704873641
+6.155997E-04,-4.524081E-09
1704873651
+5.955850E-04,-4.329014E-09
1704873661
+5.372100E-04,-3.935965E-09
1704873671
+5.213646E-04,-5.463145E-09
1704873682
+5.480472E-04,-4.289416E-09
1704873692
+5.647287E-04,-4.771246E-09
1704873702
+5.797371E-04,-4.374028E-09
1704873713
+5.322084E-04,-4.241485E-09
1704873723
+5.146941E-04,-4.863360E-09
1704873733
+5.221990E-04,-4.579514E-09
1704873743
+4.930128E-04,-5.478150E-09
1704873754
+4.880120E-04,-3.883865E-09
1704873764
+5.880782E-04,-4.699972E-09
1704873774
+5.146973E-04,-5.137204E-09
1704873784
+5.480564E-04,-4.665796E-09
1704873795
+5.272062E-04,-4.630366E-09
1704873805
+6.039220E-04,-4.855440E-09
1704873815
+5.422168E-04,-4.932135E-09
1704873826
+4.830035E-04,-5.098856E-09
1704873836
+5.188644E-04,-4.918379E-09
1704873846
+5.572232E-04,-5.825767E-09
1704873856
+6.005915E-04,-5.100942E-09
1704873867
+4.688296E-04,-5.165962E-09
1704873877
+4.930094E-04,-4.471977E-09
1704873887
+5.488839E-04,-5.005074E-09
1704873897
+5.322053E-04,-5.146788E-09
1704873908
+4.913453E-04,-4.767078E-09
1704873918
+5.455500E-04,-5.392289E-09
1704873928
+4.738311E-04,-4.960893E-09
1704873939
+4.763351E-04,-6.144209E-09
1704873949
+4.729989E-04,-4.661626E-09
1704873959
+4.212937E-04,-4.659540E-09
1704873969
+5.814026E-04,-5.279332E-09
1704873980
+5.205345E-04,-5.769917E-09
1704873990
+5.288715E-04,-5.358110E-09
1704874000
+4.663282E-04,-5.234319E-09
1704874010
+4.446429E-04,-5.531084E-09
1704874021
+4.638204E-04,-5.397704E-09
1704874031
+5.655557E-04,-5.343102E-09
1704874041
+5.205270E-04,-5.012158E-09
1704874051
+4.880076E-04,-4.565343E-09
1704874062
+5.121892E-04,-4.693718E-09
1704874072
+4.913385E-04,-4.779162E-09
1704874082
+4.604818E-04,-5.758657E-09
1704874093
+4.813324E-04,-5.463559E-09
1704874103
+5.772334E-04,-5.043419E-09
1704874113
+4.738310E-04,-5.423131E-09
1704874123
+5.805735E-04,-4.649122E-09
1704874133
+5.688948E-04,-6.102108E-09
1704874144
+5.230299E-04,-5.361443E-09
1704874154
+4.479764E-04,-4.622027E-09
1704874164
+4.729946E-04,-5.271829E-09
1704874175
+4.096147E-04,-5.465643E-09
1704874185
+5.263601E-04,-4.929212E-09
1704874195
+4.946731E-04,-5.493569E-09
1704874205
+4.880025E-04,-4.958389E-09
1704874215
+4.513144E-04,-5.627783E-09
1704874226
+4.638238E-04,-4.841269E-09
1704874236
+4.204605E-04,-4.944220E-09
1704874246
+3.862730E-04,-5.160127E-09
1704874256
+4.788323E-04,-5.375198E-09
1704874267
+4.838340E-04,-4.758322E-09
1704874277
+4.846673E-04,-3.735896E-09
1704874287
+4.346325E-04,-3.876776E-09
1704874298
+4.162894E-04,-5.117611E-09
1704874308
+4.821714E-04,-4.270660E-09
1704874318
+4.529820E-04,-5.366862E-09
1704874328
+3.954382E-04,-5.679464E-09
1704874339
+3.795969E-04,-4.904622E-09
1704874349
+4.488095E-04,-4.994235E-09
1704874359
+4.012812E-04,-4.914210E-09
1704874369
+3.620872E-04,-5.197638E-09
1704874379
+3.662520E-04,-4.920043E-09
1704874390
+4.796643E-04,-4.930464E-09
1704874400
+4.062775E-04,-6.119194E-09
1704874410
+3.829323E-04,-5.221396E-09
1704874420
+4.646541E-04,-4.299835E-09
1704874431
+3.053814E-04,-5.783253E-09
1704874441
+3.512468E-04,-6.310513E-09
1704874451
+4.279660E-04,-4.766660E-09
1704874461
+3.320684E-04,-5.831603E-09
1704874471
+3.412396E-04,-5.834520E-09
1704874482
+4.696596E-04,-5.080098E-09
1704874492
+4.696573E-04,-5.925382E-09
1704874502
+4.729880E-04,-6.028330E-09
1704874513
+3.645845E-04,-5.726564E-09
1704874523
+3.887700E-04,-5.838687E-09
1704874533
+3.570829E-04,-5.725316E-09
1704874543
+4.312987E-04,-5.298088E-09
1704874554
+4.162856E-04,-6.543921E-09
1704874564
+4.321262E-04,-4.973809E-09
1704874574
+4.754896E-04,-6.244652E-09
1704874584
+3.637442E-04,-5.786164E-09
1704874595
+5.113473E-04,-5.462723E-09
1704874605
+3.787561E-04,-5.011322E-09
1704874615
+4.396308E-04,-5.582346E-09
1704874626
+3.395633E-04,-6.639369E-09
1704874636
+4.454708E-04,-5.745319E-09
1704874646
+4.204517E-04,-6.348437E-09
1704874656
+4.296235E-04,-6.808174E-09
1704874667
+4.488057E-04,-6.004989E-09
1704874677
+3.120441E-04,-7.446306E-09
1704874687
+4.287953E-04,-6.995324E-09
1704874697
+4.663174E-04,-5.827846E-09
1704874708
+4.071093E-04,-6.122945E-09
1704874718
+4.846645E-04,-6.857359E-09
1704874728
+3.595764E-04,-6.517661E-09
1704874739
+4.279565E-04,-6.148370E-09
1704874749
+3.587491E-04,-6.864448E-09
1704874759
+3.620827E-04,-5.785751E-09
1704874769
+3.420668E-04,-7.026582E-09
1704874780
+4.221187E-04,-6.110440E-09
1704874790
+4.262920E-04,-6.384701E-09
1704874800
+4.479776E-04,-6.218397E-09
1704874810
+3.795978E-04,-6.124200E-09
1704874820
+4.363045E-04,-6.064180E-09
1704874831
+3.512419E-04,-5.017576E-09
1704874841
+4.371335E-04,-5.977481E-09
1704874851
+3.637536E-04,-6.166297E-09
1704874862
+3.420700E-04,-6.230902E-09
1704874872
+4.471405E-04,-6.267162E-09
1704874882
+4.304603E-04,-6.814011E-09
1704874892
+3.862623E-04,-6.237150E-09
1704874903
+3.504030E-04,-6.495569E-09
1704874913
+3.495702E-04,-6.356357E-09
1704874923
+3.870922E-04,-6.412623E-09
1704874933
+3.595689E-04,-5.837012E-09
1704874944
+2.811846E-04,-5.849100E-09
1704874954
+2.861878E-04,-6.016657E-09
1704874964
+4.287891E-04,-6.848603E-09
1704874975
+3.804203E-04,-5.413955E-09
1704874985
+3.495624E-04,-6.230060E-09
1704874995
+3.995996E-04,-5.969141E-09
1704875005
+4.429591E-04,-5.917038E-09
1704875016
+3.395581E-04,-6.146700E-09
1704875026
+3.745782E-04,-6.120439E-09
1704875036
+4.329529E-04,-6.167955E-09
1704875046
+3.612328E-04,-6.640194E-09
1704875057
+4.229402E-04,-5.881607E-09
1704875067
+3.737424E-04,-5.769904E-09
1704875077
+3.687388E-04,-5.355599E-09
1704875088
+3.512261E-04,-6.520154E-09
1704875098
+4.179395E-04,-5.724055E-09
1704875108
+3.537315E-04,-5.564003E-09
1704875118
+3.503989E-04,-6.037080E-09
1704875129
+4.095996E-04,-6.503482E-09
1704875139
+3.453924E-04,-5.228892E-09
1704875149
+3.153725E-04,-6.067089E-09
1704875159
+3.220402E-04,-6.864437E-09
1704875170
+3.445578E-04,-6.047915E-09
1704875180
+3.061965E-04,-6.411786E-09
1704875190
+3.612340E-04,-4.929623E-09
1704875201
+3.987579E-04,-6.275072E-09
1704875211
+3.679009E-04,-5.928705E-09
1704875221
+3.995928E-04,-5.892861E-09
1704875231
+3.036943E-04,-6.425957E-09
1704875242
+2.344799E-04,-6.112935E-09
1704875252
+3.612374E-04,-6.134194E-09
1704875262
+4.004285E-04,-6.388444E-09
1704875272
+3.887583E-04,-6.458470E-09
1704875283
+3.870922E-04,-6.845268E-09
1704875293
+3.303879E-04,-6.079595E-09
1704875303
+3.437285E-04,-6.338432E-09
1704875314
+3.245443E-04,-6.539746E-09
1704875324
+3.637415E-04,-6.738982E-09
1704875334
+2.811805E-04,-6.297999E-09
1704875344
+3.312146E-04,-6.611436E-09
1704875355
+3.086978E-04,-6.022905E-09
1704875365
+2.886874E-04,-6.025408E-09
1704875375
+3.403913E-04,-5.916623E-09
1704875385
+3.128699E-04,-6.247565E-09
1704875396
+3.262138E-04,-6.504318E-09
1704875406
+4.321184E-04,-6.843181E-09
1704875416
+4.254468E-04,-7.269990E-09
1704875427
+3.020276E-04,-6.922790E-09
1704875437
+2.861856E-04,-6.389280E-09
1704875447
+2.936858E-04,-7.017820E-09
1704875457
+2.945228E-04,-6.694381E-09
1704875468
+3.745812E-04,-6.953636E-09
1704875478
+3.812593E-04,-6.572263E-09
1704875488
+3.762486E-04,-6.954886E-09
1704875499
+3.053686E-04,-7.188299E-09
1704875509
+3.470654E-04,-5.967891E-09
1704875519
+4.813233E-04,-7.087432E-09
1704875529
+2.878586E-04,-6.374278E-09
1704875540
+3.604026E-04,-5.933710E-09
1704875550
+3.320496E-04,-6.945299E-09
1704875560
+3.270437E-04,-7.474640E-09
1704875570
+4.096007E-04,-7.049915E-09
1704875581
+2.586640E-04,-7.164537E-09
1704875591
+2.678349E-04,-7.083258E-09
1704875601
+3.695739E-04,-6.766904E-09
1704875611
+3.061960E-04,-7.299998E-09
1704875622
+2.644992E-04,-6.626023E-09
1704875632
+3.120345E-04,-7.327092E-09
1704875642
+3.595672E-04,-6.603933E-09
1704875653
+4.054311E-04,-7.082426E-09
1704875663
+3.495570E-04,-6.960717E-09
1704875673
+3.403848E-04,-7.306667E-09
1704875683
+2.653321E-04,-7.458800E-09
1704875693
+2.753409E-04,-6.691878E-09
1704875704
+3.628980E-04,-7.157031E-09
1704875714
+4.321152E-04,-7.214553E-09
1704875724
+3.979222E-04,-6.972387E-09
1704875734
+2.578256E-04,-8.342011E-09
1704875745
+3.420504E-04,-7.641360E-09
1704875755
+3.645661E-04,-7.158699E-09
1704875765
+2.845084E-04,-6.843175E-09
1704875775
+3.645658E-04,-7.516735E-09
1704875786
+2.353082E-04,-8.251562E-09
1704875796
+3.670637E-04,-8.195708E-09
1704875806
+2.928482E-04,-6.846093E-09
1704875816
+3.403797E-04,-6.792741E-09
1704875827
+2.770036E-04,-7.156197E-09
1704875837
+2.745050E-04,-6.565168E-09
1704875847
+3.161999E-04,-6.512234E-09
1704875858
+2.736658E-04,-7.791824E-09
1704875868
+4.129276E-04,-6.832753E-09
1704875878
+3.979178E-04,-6.558913E-09
1704875888
+3.070231E-04,-6.569750E-09
1704875899
+3.653995E-04,-6.821503E-09
1704875909
+2.252994E-04,-6.876518E-09
1704875919
+1.977833E-04,-7.284156E-09
1704875929
+2.428154E-04,-6.937792E-09
1704875940
+3.887432E-04,-7.173700E-09
1704875950
+3.086921E-04,-7.546744E-09
1704875960
+3.136951E-04,-6.307163E-09
1704875971
+3.153632E-04,-7.420868E-09
1704875981
+3.195344E-04,-7.547161E-09
1704875991
+3.512205E-04,-6.791491E-09
1704876001
+2.636602E-04,-7.276653E-09
1704876012
+2.294685E-04,-8.149025E-09
1704876022
+2.586557E-04,-7.294158E-09
1704876032
+2.719980E-04,-6.839840E-09
1704876042
+2.252977E-04,-6.799826E-09
1704876053
+2.611600E-04,-6.593926E-09
1704876063
+2.703345E-04,-6.202129E-09
1704876073
+2.903460E-04,-6.519318E-09
1704876083
+2.678294E-04,-6.942791E-09
1704876093
+2.653247E-04,-6.408028E-09
1704876104
+2.953463E-04,-7.008228E-09
1704876114
+3.220295E-04,-7.603009E-09
1704876124
+2.603267E-04,-7.686791E-09
1704876134
+2.728317E-04,-7.283321E-09
1704876145
+2.553223E-04,-7.618851E-09
1704876155
+2.578226E-04,-7.635522E-09
1704876165
+2.603243E-04,-7.307080E-09
1704876175
+3.345416E-04,-6.444291E-09
1704876185
+2.436462E-04,-7.170784E-09
1704876196
+3.562222E-04,-7.172450E-09
1704876206
+2.644896E-04,-5.922449E-09
1704876216
+2.536507E-04,-5.998726E-09
1704876226
+2.886717E-04,-7.007809E-09
1704876237
+2.744962E-04,-6.884435E-09
1704876247
+2.102852E-04,-7.441287E-09
1704876257
+2.870053E-04,-7.473382E-09
1704876267
+2.728266E-04,-7.827665E-09
1704876278
+2.711592E-04,-8.375348E-09
1704876288
+2.403041E-04,-7.134101E-09
1704876298
+2.611515E-04,-6.949872E-09
1704876309
+2.578176E-04,-7.467546E-09
1704876319
+2.444749E-04,-7.417112E-09
1704876329
+2.928404E-04,-7.919779E-09
1704876339
+2.719935E-04,-6.906942E-09
1704876350
+3.979146E-04,-7.907276E-09
1704876360
+2.528154E-04,-6.816080E-09
1704876370
+3.445425E-04,-7.039902E-09
1704876380
+3.245267E-04,-7.008640E-09
1704876390
+2.644907E-04,-6.639772E-09
1704876401
+2.936789E-04,-6.984471E-09
1704876411
+2.736618E-04,-7.450457E-09
1704876421
+2.286303E-04,-7.525064E-09
1704876432
+2.519811E-04,-7.038237E-09
1704876442
+3.128568E-04,-7.408361E-09
1704876452
+3.011788E-04,-6.823580E-09
1704876462
+3.412111E-04,-7.139522E-09
1704876473
+3.620563E-04,-7.398356E-09
1704876483
+2.569814E-04,-7.323746E-09
1704876493
+2.319643E-04,-7.013226E-09
1704876503
+2.361356E-04,-6.889020E-09
1704876514
+2.386355E-04,-7.790568E-09
1704876524
+1.535786E-04,-7.403357E-09
1704876534
+2.428048E-04,-7.617177E-09
1704876545
+3.036805E-04,-7.634683E-09
1704876555
+2.161213E-04,-6.761477E-09
1704876565
+3.537168E-04,-7.071164E-09
1704876575
+2.594865E-04,-7.205376E-09
1704876586
+2.036123E-04,-8.273229E-09
1704876596
+2.761593E-04,-7.153272E-09
1704876606
+2.202878E-04,-7.236632E-09
1704876616
+2.436416E-04,-8.184035E-09
1704876627
+2.594895E-04,-6.139606E-09
1704876637
+2.653247E-04,-7.065330E-09
1704876647
+3.378717E-04,-7.352924E-09
1704876657
+3.103536E-04,-8.003974E-09
1704876668
+2.553112E-04,-8.662106E-09
1704876678
+2.411357E-04,-8.127346E-09
1704876688
+2.419692E-04,-7.164942E-09
1704876698
+2.227905E-04,-7.587583E-09
1704876709
+2.561488E-04,-8.209042E-09
1704876719
+2.319684E-04,-7.271649E-09
1704876729
+3.545511E-04,-9.077248E-09
1704876740
+2.711572E-04,-7.960208E-09
1704876750
+2.194541E-04,-7.733881E-09
1704876760
+2.386345E-04,-7.575496E-09
1704876770
+2.353022E-04,-7.613011E-09
1704876781
+3.495445E-04,-7.018228E-09
1704876791
+1.835961E-04,-7.885599E-09
1704876801
+2.920043E-04,-7.108674E-09
1704876811
+3.053475E-04,-7.023230E-09
1704876822
+2.436394E-04,-7.046571E-09
1704876832
+2.486426E-04,-7.016561E-09
1704876842
+1.986051E-04,-7.117842E-09
1704876852
+2.403012E-04,-7.935197E-09
1704876863
+2.561488E-04,-6.419280E-09
1704876873
+2.378004E-04,-7.004056E-09
1704876883
+1.894350E-04,-7.861009E-09
1704876893
+2.369700E-04,-7.315411E-09
1704876903
+2.302981E-04,-7.910193E-09
1704876914
+2.069463E-04,-7.487550E-09
1704876924
+2.319649E-04,-8.881765E-09
1704876934
+2.369703E-04,-8.477882E-09
1704876945
+3.203572E-04,-7.715959E-09
1704876955
+2.294613E-04,-7.467960E-09
1704876965
+3.336986E-04,-7.792650E-09
1704876975
+2.378035E-04,-8.203207E-09
1704876986
+3.378722E-04,-7.602591E-09
1704876996
+2.286269E-04,-6.821495E-09
1704877006
+3.270294E-04,-8.018977E-09
1704877017
+2.077811E-04,-7.244970E-09
1704877027
+1.569116E-04,-8.261974E-09
1704877037
+1.427331E-04,-7.564656E-09
1704877047
+2.820007E-04,-7.845172E-09
1704877058
+2.127862E-04,-7.268313E-09
1704877068
+2.311343E-04,-7.443790E-09
1704877078
+2.578155E-04,-7.376264E-09
1704877088
+2.119518E-04,-7.244554E-09
1704877099
+2.394700E-04,-7.866010E-09
1704877109
+3.095159E-04,-7.929363E-09
1704877119
+3.145208E-04,-8.259057E-09
1704877130
+2.945051E-04,-7.559239E-09
1704877140
+3.120177E-04,-7.781814E-09
1704877150
+3.261909E-04,-7.254970E-09
1704877160
+2.995046E-04,-7.045316E-09
1704877171
+2.319587E-04,-6.989882E-09
1704877181
+2.920016E-04,-6.874844E-09
1704877191
+2.069440E-04,-6.760640E-09
1704877201
+2.486388E-04,-7.151603E-09
1704877211
+2.386348E-04,-7.412108E-09
1704877222
+1.544097E-04,-7.393352E-09
1704877232
+2.619838E-04,-7.615926E-09
1704877242
+3.061770E-04,-6.464290E-09
1704877252
+2.286228E-04,-6.625594E-09
1704877263
+3.103476E-04,-7.493383E-09
1704877273
+3.036778E-04,-6.268394E-09
1704877283
+1.660827E-04,-7.033231E-09
1704877293
+3.253552E-04,-6.847334E-09
1704877304
+2.744895E-04,-7.551319E-09
1704877314
+2.311245E-04,-6.426778E-09
1704877324
+2.719893E-04,-6.814409E-09
1704877335
+1.802579E-04,-6.368010E-09
1704877345
+3.220206E-04,-6.665607E-09
1704877355
+3.270250E-04,-7.122426E-09
1704877365
+2.903318E-04,-6.508472E-09
1704877376
+2.686525E-04,-6.752721E-09
1704877386
+2.377977E-04,-6.827745E-09
1704877396
+2.194460E-04,-6.906518E-09
1704877407
+2.436339E-04,-6.879845E-09
1704877417
+2.945004E-04,-6.986963E-09
1704877427
+2.269537E-04,-6.222542E-09
1704877437
+2.011071E-04,-6.418861E-09
1704877448
+2.344622E-04,-7.215792E-09
1704877458
+2.319635E-04,-7.127847E-09
1704877468
+2.311299E-04,-6.415944E-09
1704877479
+2.469707E-04,-6.750636E-09
1704877489
+1.785931E-04,-7.056157E-09
1704877499
+2.177870E-04,-7.434616E-09
1704877509
+2.377982E-04,-6.728546E-09
1704877519
+2.828273E-04,-6.670192E-09
1704877530
+1.860942E-04,-6.222544E-09
1704877540
+2.336251E-04,-6.506804E-09
1704877550
+2.386288E-04,-7.318323E-09
1704877561
+2.044368E-04,-7.270389E-09
1704877571
+2.269547E-04,-7.258303E-09
1704877581
+2.061043E-04,-6.906518E-09
1704877591
+2.694820E-04,-7.205368E-09
1704877601
+2.536362E-04,-7.889343E-09
1704877612
+2.653094E-04,-8.107748E-09
1704877622
+1.944283E-04,-6.844413E-09
1704877632
+2.486306E-04,-7.295812E-09
1704877643
+1.960928E-04,-7.790974E-09
1704877653
+2.002638E-04,-7.630505E-09
1704877663
+2.553019E-04,-7.152848E-09
1704877673
+2.061067E-04,-7.622174E-09
1704877684
+2.361259E-04,-6.738547E-09
1704877694
+1.485655E-04,-7.455034E-09
1704877704
+2.794867E-04,-7.858915E-09
1704877714
+2.419646E-04,-6.944866E-09
1704877725
+2.327905E-04,-7.963536E-09
1704877735
+2.586399E-04,-7.234960E-09
1704877745
+2.469671E-04,-7.803067E-09
1704877756
+2.553105E-04,-6.174612E-09
1704877766
+2.027694E-04,-7.169522E-09
1704877776
+1.769176E-04,-7.624672E-09
1704877786
+1.719170E-04,-6.566824E-09
1704877796
+2.903299E-04,-7.761386E-09
1704877807
+2.336228E-04,-6.971956E-09
1704877817
+2.861603E-04,-7.648015E-09
1704877827
+2.169467E-04,-7.963536E-09
1704877838
+1.794193E-04,-7.901432E-09
1704877848
+1.719148E-04,-6.348833E-09
1704877858
+1.777497E-04,-7.136177E-09
1704877868
+1.769197E-04,-6.886930E-09
1704877879
+1.185429E-04,-7.312485E-09
1704877889
+1.744188E-04,-6.746050E-09
1704877899
+2.803220E-04,-7.199115E-09
1704877909
+1.685741E-04,-7.141592E-09
1704877920
+2.277836E-04,-7.173688E-09
1704877930
+1.902617E-04,-7.731793E-09
1704877940
+2.077714E-04,-7.621755E-09
1704877951
+1.635711E-04,-8.264465E-09
1704877961
+1.869246E-04,-8.576238E-09
1704877971
+2.069358E-04,-7.628422E-09
1704877981
+2.077687E-04,-7.654680E-09
1704877992
+1.677359E-04,-7.419181E-09
1704878002
+3.145089E-04,-7.660932E-09
1704878012
+1.935919E-04,-7.494627E-09
1704878023
+2.603010E-04,-8.889252E-09
1704878033
+2.502986E-04,-8.752127E-09
1704878043
+2.036013E-04,-8.025638E-09
1704878053
+1.485627E-04,-8.175270E-09
1704878063
+1.702459E-04,-8.630005E-09
1704878074
+1.627384E-04,-8.565399E-09
1704878084
+2.111042E-04,-8.427436E-09
1704878094
+2.211121E-04,-8.488290E-09
1704878104
+1.518949E-04,-8.693772E-09
1704878115
+1.427217E-04,-9.780381E-09
1704878125
+2.336175E-04,-8.161930E-09
1704878135
+1.669047E-04,-8.701691E-09
1704878146
+1.860831E-04,-9.047220E-09
1704878156
+1.685766E-04,-8.379088E-09
1704878166
+2.236133E-04,-9.335653E-09
1704878176
+2.578045E-04,-8.245294E-09
1704878187
+2.052637E-04,-8.595822E-09
1704878197
+1.852505E-04,-8.344906E-09
1704878207
+2.336209E-04,-7.197029E-09
1704878218
+2.402895E-04,-8.142757E-09
1704878228
+2.444624E-04,-8.009799E-09
1704878238
+2.352865E-04,-8.068566E-09
1704878248
+2.136041E-04,-8.078151E-09
1704878259
+1.160395E-04,-8.031471E-09
1704878269
+1.368877E-04,-7.668852E-09
1704878279
+1.835833E-04,-8.902174E-09
1704878289
+1.719111E-04,-8.456612E-09
1704878300
+1.794125E-04,-8.634168E-09
1704878310
+1.685753E-04,-8.413681E-09
1704878320
+1.719083E-04,-7.203695E-09
1704878331
+1.935888E-04,-9.174347E-09
1704878341
+2.060960E-04,-8.617494E-09
1704878351
+1.452202E-04,-8.169845E-09
1704878361
+7.600440E-05,-8.249037E-09
1704878372
+1.735712E-04,-6.868999E-09
1704878382
+2.961562E-04,-8.103156E-09
1704878392
+2.152718E-04,-8.158595E-09
1704878403
+1.694053E-04,-8.737952E-09
1704878413
+2.244458E-04,-8.815480E-09
1704878423
+1.610664E-04,-7.700109E-09
1704878433
+1.552269E-04,-8.903421E-09
1704878444
+1.377149E-04,-8.533715E-09
1704878454
+1.527202E-04,-7.411258E-09
1704878464
+1.393814E-04,-8.540800E-09
1704878474
+2.219388E-04,-8.605405E-09
1704878485
+2.252810E-04,-7.574654E-09
1704878495
+1.035242E-04,-8.402838E-09
1704878505
+1.468893E-04,-8.251541E-09
1704878516
+1.627365E-04,-8.130669E-09
1704878526
+7.100469E-05,-9.238534E-09
1704878536
+1.485633E-04,-8.556647E-09
1704878546
+9.935759E-05,-7.830569E-09
1704878556
+1.935871E-04,-6.713532E-09
1704878567
+2.094287E-04,-8.352404E-09
1704878577
+1.794120E-04,-6.958614E-09
1704878587
+1.952557E-04,-7.448358E-09
1704878598
+2.110980E-04,-6.964031E-09
1704878608
+1.735694E-04,-6.821481E-09
1704878618
+2.027595E-04,-7.027802E-09
1704878628
+2.194363E-04,-6.468866E-09
1704878639
+1.952513E-04,-7.719278E-09
1704878649
+1.010199E-04,-7.198689E-09
1704878659
+2.202701E-04,-7.723447E-09
1704878669
+1.727367E-04,-8.141084E-09
1704878680
+1.935864E-04,-7.558394E-09
1704878690
+1.335427E-04,-7.300390E-09
1704878700
+1.769084E-04,-7.097825E-09
1704878710
+1.802430E-04,-6.691857E-09
1704878721
+1.418836E-04,-6.682271E-09
1704878731
+1.018563E-04,-8.376997E-09
1704878741
+1.093588E-04,-7.304140E-09
1704878751
+1.310400E-04,-7.225781E-09
1704878762
+1.243684E-04,-7.431265E-09
1704878772
+1.460485E-04,-8.306553E-09
1704878782
+1.410497E-04,-8.839233E-09
1704878793
+1.293715E-04,-7.973110E-09
1704878803
+1.919142E-04,-7.723028E-09
1704878813
+3.764303E-05,-8.314891E-09
1704878823
+1.001845E-04,-7.712607E-09
1704878834
+1.360397E-04,-7.782211E-09
1704878844
+9.768475E-05,-8.828394E-09
1704878854
+1.160311E-04,-8.013959E-09
1704878865
+1.218666E-04,-8.458687E-09
1704878875
+1.468838E-04,-8.687929E-09
1704878885
+1.677306E-04,-7.745952E-09
1704878895
+1.085266E-04,-9.017207E-09
1704878906
+1.985846E-04,-8.837561E-09
1704878916
+1.477198E-04,-8.438266E-09
1704878926
+1.802407E-04,-8.644166E-09
1704878936
+1.919211E-04,-9.430265E-09
1704878946
+1.902551E-04,-7.893092E-09
1704878957
+1.202057E-04,-7.432521E-09
1704878967
+1.577344E-04,-8.589990E-09
1704878977
+1.218720E-04,-8.869245E-09
1704878988
+1.235378E-04,-7.515462E-09
1704878998
+7.183654E-05,-8.256958E-09
1704879008
+7.433743E-05,-7.779716E-09
1704879018
+6.516259E-05,-8.750868E-09
1704879029
+1.201998E-04,-8.670425E-09
1704879039
+1.277044E-04,-9.488193E-09
1704879049
+1.302055E-04,-8.585812E-09
1704879060
+1.819082E-04,-8.841314E-09
1704879070
+7.349988E-05,-8.739613E-09
1704879080
+1.051863E-04,-8.447432E-09
1704879090
+1.352081E-04,-7.345403E-09
1704879101
+9.934856E-05,-8.053968E-09
1704879111
+1.468845E-04,-8.188183E-09
1704879121
+1.802370E-04,-7.097820E-09
1704879131
+1.302023E-04,-8.563302E-09
1704879142
+1.210298E-04,-7.775960E-09
1704879152
+1.510523E-04,-8.338647E-09
1704879162
+1.101899E-04,-9.149329E-09
1704879173
+1.543870E-04,-9.675754E-09
1704879183
+1.652251E-04,-9.080138E-09
1704879193
+7.849978E-05,-8.424923E-09
1704879203
+1.418782E-04,-8.609569E-09
1704879214
+1.760661E-04,-8.969268E-09
1704879224
+1.126909E-04,-8.437845E-09
1704879234
+3.930396E-05,-7.991028E-09
1704879245
+6.766002E-05,-8.254034E-09
1704879255
+9.767879E-05,-8.468687E-09
1704879265
+1.068531E-04,-9.140159E-09
1704879275
+1.026831E-04,-7.441265E-09
1704879285
+1.618932E-04,-7.477113E-09
1704879296
+1.068531E-04,-7.959354E-09
1704879306
+1.452130E-04,-8.785459E-09
1704879316
+1.960840E-04,-8.381578E-09
1704879327
+1.252010E-04,-8.445348E-09
1704879337
+1.168650E-04,-8.830061E-09
1704879347
+1.819096E-04,-7.991452E-09
1704879357
+8.433899E-05,-8.360736E-09
1704879368
+1.085239E-04,-8.564139E-09
1704879378
+7.683355E-05,-7.937681E-09
1704879388
+1.493814E-04,-8.457433E-09
1704879399
+1.243649E-04,-8.053551E-09
1704879409
+1.060247E-04,-9.200185E-09
1704879419
+8.350769E-05,-7.683433E-09
1704879429
+1.596054E-05,-8.502451E-09
1704879440
+9.184564E-05,-8.955101E-09
1704879450
+7.432979E-05,-8.039795E-09
1704879460
+2.262788E-05,-7.839730E-09
1704879470
+5.264720E-05,-7.961019E-09
1704879481
+1.827414E-04,-7.885999E-09
1704879491
+1.335430E-04,-8.205689E-09
1704879501
+2.144311E-04,-9.050551E-09
1704879512
+1.360421E-04,-8.272376E-09
1704879522
+1.602250E-04,-7.864741E-09
1704879532
+1.710638E-04,-7.804720E-09
1704879543
+1.535514E-04,-8.195681E-09
1704879553
+1.477195E-04,-7.001125E-09
1704879563
+1.343767E-04,-8.462857E-09
1704879573
+1.577248E-04,-9.894161E-09
1704879584
+1.560542E-04,-9.562382E-09
1704879594
+1.610587E-04,-8.903416E-09
1704879604
+5.265288E-05,-8.410338E-09
1704879615
+1.260366E-04,-8.377828E-09
1704879625
+1.360417E-04,-7.866408E-09
1704879635
+1.160260E-04,-7.601735E-09
1704879646
+7.433221E-05,-8.175259E-09
1704879656
+1.277007E-04,-7.618825E-09
1704879666
+1.252018E-04,-8.541631E-09
1704879676
+1.360375E-04,-8.566635E-09
1704879687
+1.143572E-04,-9.013866E-09
1704879697
+1.001821E-04,-8.514537E-09
1704879707
+2.210962E-04,-8.506616E-09
1704879718
+1.385398E-04,-8.059385E-09
1704879728
+1.435426E-04,-9.218516E-09
1704879738
+1.327039E-04,-9.313549E-09
1704879749
+4.097046E-05,-8.846308E-09
1704879759
+1.035195E-04,-9.498195E-09
1704879769
+1.385444E-04,-1.032138E-08
1704879780
+7.516360E-05,-9.195176E-09
1704879790
+6.932728E-05,-9.095561E-09
1704879800
+3.180252E-05,-9.298128E-09
1704879810
+1.485473E-04,-8.324889E-09
1704879821
+1.460470E-04,-8.587894E-09
1704879831
+9.184312E-05,-8.840477E-09
1704879841
+7.933359E-05,-8.301132E-09
1704879852
+2.044207E-04,-7.247036E-09
1704879862
+1.335373E-04,-9.066384E-09
1704879872
+1.977460E-04,-8.558715E-09
1704879883
+6.849198E-05,-8.214436E-09
1704879893
+1.026844E-04,-9.261033E-09
1704879903
+1.252008E-04,-9.270621E-09
1704879913
+1.477200E-04,-9.388580E-09
1704879924
+1.227012E-04,-9.395247E-09
1704879934
+2.346812E-05,-1.002379E-08
1704879944
+8.851392E-05,-9.368991E-09
1704879955
-1.072194E-05,-9.170174E-09
1704879965
+1.277015E-04,-9.514033E-09
1704879975
+1.393787E-04,-8.863821E-09
1704879986
+7.183031E-05,-9.575304E-09
1704879996
+1.043548E-04,-9.765786E-09
1704880006
+1.026858E-04,-9.991275E-09
1704880016
+8.350638E-05,-8.851316E-09
1704880027
+1.126922E-04,-9.383574E-09
1704880037
+1.160268E-04,-8.245282E-09
1704880047
+1.168646E-04,-1.007922E-08
1704880058
+1.085248E-04,-9.709934E-09
1704880068
+9.601693E-05,-8.821308E-09
1704880078
+8.100318E-05,-8.531210E-09
1704880089
+1.251976E-04,-7.733444E-09
1704880099
+6.265593E-05,-7.863071E-09
1704880109
+1.777376E-04,-8.254453E-09
1704880120
+1.610563E-04,-7.314140E-09
1704880130
+1.018475E-04,-7.866821E-09
1704880140
+1.268673E-04,-7.806387E-09
1704880150
+1.577238E-04,-8.068558E-09
1704880161
+1.493840E-04,-8.941345E-09
1704880171
+3.513582E-05,-8.578723E-09
1704880181
+4.430879E-05,-8.070638E-09
1704880192
+8.433592E-05,-8.577056E-09
1704880202
+1.235280E-04,-8.111901E-09
1704880212
+7.850109E-05,-8.000618E-09
1704880223
+9.184424E-05,-7.685514E-09
1704880233
+9.767814E-05,-7.894331E-09
1704880243
+1.452103E-04,-8.196096E-09
1704880253
+1.101871E-04,-8.907164E-09
1704880264
+1.302024E-04,-7.713022E-09
1704880274
+6.849132E-05,-8.881739E-09
1704880284
+1.010153E-04,-9.403162E-09
1704880295
+1.276984E-04,-9.116398E-09
1704880305
+1.727275E-04,-8.999275E-09
1704880315
+1.310350E-04,-8.034378E-09
1704880326
+1.151903E-04,-8.639159E-09
1704880336
+1.051855E-04,-8.188179E-09
1704880346
+5.598748E-05,-9.044297E-09
1704880356
+7.683337E-05,-8.026876E-09
1704880367
+1.627248E-04,-7.953101E-09
1704880377
+1.368705E-04,-7.975606E-09
1704880387
+7.683011E-05,-8.117320E-09
1704880398
+1.768974E-04,-9.051376E-09
1704880408
+7.432923E-05,-9.215599E-09
1704880418
+1.076815E-04,-8.583304E-09
1704880429
+7.015672E-05,-9.279784E-09
1704880439
+6.348779E-05,-8.714600E-09
1704880449
+1.743966E-04,-7.885160E-09
1704880459
+1.610537E-04,-9.418581E-09
1704880470
+1.151890E-04,-8.449095E-09
1704880480
+1.618875E-04,-8.447428E-09
1704880490
+1.151884E-04,-7.374992E-09
1704880501
+1.543805E-04,-8.112316E-09
1704880511
+9.767497E-05,-8.257364E-09
1704880521
+8.099871E-05,-7.808884E-09
1704880532
+1.969119E-04,-8.162750E-09
1704880542
+1.535479E-04,-8.780870E-09
1704880552
+1.335345E-04,-8.169002E-09
1704880562
+1.085162E-04,-8.339057E-09
1704880572
+1.076841E-04,-8.302380E-09
1704880583
+7.099239E-05,-7.445848E-09
1704880593
+6.432393E-05,-9.004697E-09
1704880603
+1.085191E-04,-8.738775E-09
1704880614
+1.293693E-04,-8.683759E-09
1704880624
+1.752349E-04,-9.784123E-09
1704880634
+7.933182E-05,-9.167249E-09
1704880644
+1.010180E-04,-9.372737E-09
1704880655
+1.018534E-04,-9.048049E-09
1704880665
-2.323044E-05,-9.486945E-09
1704880675
+1.110311E-04,-8.846320E-09
1704880686
+1.443813E-04,-8.461187E-09
1704880696
+5.265288E-05,-8.587480E-09
1704880706
+5.098311E-05,-9.369820E-09
1704880716
+1.535545E-04,-8.603735E-09
1704880727
+1.243701E-04,-9.572390E-09
1704880737
+1.435513E-04,-9.657002E-09
1704880747
+1.502187E-04,-9.031792E-09
1704880757
+9.184219E-05,-8.161086E-09
1704880768
+1.477167E-04,-9.430257E-09
1704880778
+2.077592E-04,-9.284377E-09
1704880788
+1.060228E-04,-9.501949E-09
1704880798
+1.794094E-04,-1.046685E-08
1704880809
+1.585585E-04,-9.162252E-09
1704880819
+1.185318E-04,-8.576643E-09
1704880829
+1.794079E-04,-8.898835E-09
1704880839
+1.510544E-04,-8.508288E-09
1704880849
+8.433880E-05,-8.781292E-09
1704880860
+9.101108E-05,-8.211105E-09
1704880870
+7.433221E-05,-9.144745E-09
1704880880
+5.014893E-05,-9.505281E-09
1704880890
+1.252036E-04,-9.837894E-09
1704880901
+1.427182E-04,-9.728693E-09
1704880911
+1.385489E-04,-9.517791E-09
1704880921
+2.177752E-04,-9.639086E-09
1704880932
+1.702408E-04,-1.017509E-08
1704880942
+1.735777E-04,-9.539886E-09
1704880952
+2.269437E-04,-1.033014E-08
1704880962
+1.952570E-04,-9.744118E-09
1704880973
+2.302811E-04,-9.374830E-09
1704880983
+9.351978E-05,-9.609907E-09
1704880993
+1.435522E-04,-9.873324E-09
1704881003
+1.602280E-04,-9.882076E-09
1704881014
+1.460518E-04,-9.678676E-09
1704881024
+1.785721E-04,-9.554466E-09
1704881034
+1.310368E-04,-9.072637E-09
1704881045
+1.477159E-04,-9.444844E-09
1704881055
+1.185341E-04,-9.345650E-09
1704881065
+7.516686E-05,-1.019551E-08
1704881075
+9.518154E-05,-1.012465E-08
1704881086
+1.143649E-04,-9.945015E-09
1704881096
+8.767769E-05,-1.025011E-08
1704881106
+1.026895E-04,-8.786714E-09
1704881116
+9.017801E-05,-1.000962E-08
1704881127
+1.352122E-04,-1.065191E-08
1704881137
+1.702322E-04,-1.035306E-08
1704881147
+5.098134E-05,-9.204763E-09
1704881158
+2.010838E-04,-9.220601E-09
1704881168
+1.460458E-04,-8.857149E-09
1704881178
+7.850565E-05,-8.429513E-09
1704881189
+1.518878E-04,-9.450682E-09
1704881199
+1.719046E-04,-9.261039E-09
1704881209
+6.183516E-05,-9.362745E-09
1704881219
+1.402176E-04,-8.853822E-09
1704881230
+2.044285E-04,-8.691269E-09
1704881240
+1.327101E-04,-9.456103E-09
1704881250
+9.602196E-05,-9.271462E-09
1704881260
+1.669014E-04,-8.607073E-09
1704881271
+1.435593E-04,-8.755045E-09
1704881281
+1.810829E-04,-9.073066E-09
1704881291
+1.377182E-04,-9.476531E-09
1704881301
+1.051935E-04,-9.232281E-09
1704881312
+1.277137E-04,-9.672431E-09
1704881322
+1.610717E-04,-9.135588E-09
1704881332
+1.243774E-04,-9.238954E-09
1704881342
+6.766776E-05,-8.808390E-09
1704881352
+1.785819E-04,-9.124333E-09
1704881363
+2.661402E-04,-9.583233E-09
1704881373
+1.894202E-04,-9.693268E-09
1704881383
+1.302146E-04,-9.350657E-09
1704881394
+1.026919E-04,-9.058890E-09
1704881404
+8.267882E-05,-7.437105E-09
1704881414
+1.418849E-04,-8.985532E-09
1704881424
+1.143683E-04,-9.479865E-09
1704881435
+1.060347E-04,-9.662847E-09
1704881445
+6.183740E-05,-8.507464E-09
1704881455
+1.127043E-04,-9.038056E-09
1704881465
+1.268783E-04,-9.030133E-09
1704881476
+1.735749E-04,-8.580400E-09
1704881486
+1.527314E-04,-8.514965E-09
1704881496
+1.510663E-04,-8.182357E-09
1704881506
+1.018624E-04,-7.872251E-09
1704881517
+1.252145E-04,-8.635006E-09
1704881527
+7.267436E-05,-8.301976E-09
1704881537
+3.932398E-05,-8.752964E-09
1704881548
+7.184585E-05,-9.257714E-09
1704881558
+7.684687E-05,-9.281470E-09
1704881568
+1.385538E-04,-8.626251E-09
1704881578
+9.268969E-05,-9.804558E-09
1704881588
+1.427215E-04,-9.883748E-09
1704881599
+8.101175E-05,-9.051388E-09
1704881609
+2.027624E-04,-8.176101E-09
1704881619
+8.351309E-05,-8.964276E-09
1704881630
+1.043606E-04,-8.117330E-09
1704881640
+1.026935E-04,-9.561974E-09
1704881650
+1.093665E-04,-8.413263E-09
1704881661
+1.010223E-04,-8.668760E-09
1704881671
+1.001875E-04,-9.264372E-09
1704881681
+6.683329E-05,-9.632829E-09
1704881691
+7.266514E-05,-9.294795E-09
1704881701
+1.218654E-04,-8.590396E-09
1704881712
+1.568961E-04,-9.452354E-09
1704881722
+1.810818E-04,-9.359826E-09
1704881732
+1.346720E-05,-1.003838E-08
1704881743
+2.763821E-05,-9.860402E-09
1704881753
+1.335435E-04,-9.591980E-09
1704881763
+1.001894E-04,-9.121827E-09
1704881774
+1.160320E-04,-8.468277E-09
1704881784
+1.335468E-04,-9.418176E-09
1704881794
+1.093606E-04,-8.949685E-09
1704881804
+1.427169E-04,-9.036381E-09
1704881815
+1.051932E-04,-9.263124E-09
1704881825
+1.510606E-04,-9.609074E-09
1704881835
+1.627374E-04,-9.724531E-09
1704881845
+2.086079E-04,-9.855413E-09
1704881856
+1.377207E-04,-9.778717E-09
1704881866
+1.927578E-04,-1.031098E-08
1704881876
+1.360551E-04,-9.549059E-09
1704881887
+1.443883E-04,-8.722113E-09
1704881897
+9.018769E-05,-8.354494E-09
1704881907
+1.452224E-04,-8.196107E-09
1704881917
+1.185324E-04,-9.829141E-09
1704881928
+1.810761E-04,-1.007214E-08
1704881938
+1.252054E-04,-8.814225E-09
1704881948
+1.060272E-04,-8.797970E-09
1704881959
+1.177051E-04,-9.437769E-09
1704881969
+1.568982E-04,-9.518629E-09
1704881979
+1.068676E-04,-1.006048E-08
1704881989
+1.435607E-04,-9.043475E-09
1704882000
+1.535631E-04,-8.765046E-09
1704882010
+7.101121E-05,-8.582906E-09
1704882020
+1.335525E-04,-8.892174E-09
1704882031
+1.393888E-04,-1.011049E-08
1704882041
+1.769171E-04,-8.721702E-09
1704882051
+1.193723E-04,-9.428598E-09
1704882061
+1.402201E-04,-8.699190E-09
1704882072
+1.202036E-04,-8.699605E-09
1704882082
+1.127023E-04,-8.689188E-09
1704882092
+2.002664E-04,-9.252295E-09
1704882103
+1.443941E-04,-8.740458E-09
1704882113
+1.418928E-04,-9.440273E-09
1704882123
+1.260468E-04,-1.026763E-08
1704882133
+1.560617E-04,-8.647087E-09
1704882144
+1.202042E-04,-1.001754E-08
1704882154
+1.285475E-04,-1.022845E-08
1704882164
+1.443911E-04,-9.954607E-09
1704882174
+1.243736E-04,-8.920095E-09
1704882185
+2.069312E-04,-9.231031E-09
