1708270992
-1.205590E-04,-5.089353E-09
1708271002
-7.802518E-05,-4.964295E-09
1708271012
-7.719137E-05,-5.165222E-09
1708271022
-1.330727E-04,-5.324045E-09
1708271033
-1.038788E-04,-4.890094E-09
1708271043
-8.052513E-05,-4.779210E-09
1708271053
-7.135216E-05,-4.544933E-09
1708271063
-1.472469E-04,-4.837153E-09
1708271073
-1.063776E-04,-5.208578E-09
1708271084
-9.553637E-05,-4.639978E-09
1708271094
+5.382206E-06,-4.920527E-09
1708271104
-5.800333E-05,-4.351511E-09
1708271115
-1.130480E-04,-4.863417E-09
1708271125
-9.636758E-05,-4.582036E-09
1708271135
-1.389031E-04,-4.219367E-09
1708271145
-1.947828E-04,-4.957628E-09
1708271156
-1.839395E-04,-4.818813E-09
1708271166
-2.097930E-04,-5.053924E-09
1708271176
-2.031205E-04,-4.742111E-09
1708271187
-1.297243E-04,-4.892600E-09
1708271197
-1.447390E-04,-4.934701E-09
1708271207
-1.063730E-04,-4.519091E-09
1708271217
-1.172134E-04,-4.857167E-09
1708271228
-1.655879E-04,-4.454895E-09
1708271238
-1.013670E-04,-4.592876E-09
1708271248
-1.363952E-04,-4.235209E-09
1708271259
-9.219116E-05,-4.591627E-09
1708271269
-1.330588E-04,-4.654155E-09
1708271279
-1.539066E-04,-4.648320E-09
1708271289
-1.188807E-04,-4.324001E-09
1708271300
-1.172116E-04,-4.674999E-09
1708271310
-1.464015E-04,-5.850966E-09
1708271320
-5.882978E-05,-5.597097E-09
1708271331
-1.105400E-04,-4.371940E-09
1708271341
-7.133921E-05,-5.080189E-09
1708271351
-2.463237E-05,-4.667913E-09
1708271362
-6.633606E-05,-5.202329E-09
1708271372
-1.413969E-04,-5.445360E-09
1708271382
-1.105366E-04,-5.774682E-09
1708271392
-1.155394E-04,-5.344897E-09
1708271403
-1.013611E-04,-4.106818E-09
1708271413
-1.413946E-04,-4.797141E-09
1708271423
-6.299857E-05,-5.071435E-09
1708271434
-8.551478E-05,-5.656294E-09
1708271444
-7.967670E-05,-5.287371E-09
1708271454
-7.550698E-05,-4.874260E-09
1708271465
-9.635547E-05,-4.960135E-09
1708271475
-1.355557E-04,-4.892602E-09
1708271485
-1.230449E-04,-5.676303E-09
1708271495
-8.885180E-05,-5.138967E-09
1708271506
-1.205446E-04,-5.462035E-09
1708271516
-9.135213E-05,-4.950964E-09
1708271526
-1.247120E-04,-5.180238E-09
1708271537
-1.122020E-04,-5.291123E-09
1708271547
-9.135147E-05,-5.119793E-09
1708271557
-4.547984E-05,-5.251105E-09
1708271567
-9.134933E-05,-4.679588E-09
1708271578
-2.295999E-05,-5.183157E-09
1708271588
-5.446468E-06,-5.103119E-09
1708271598
-3.213501E-05,-4.974726E-09
1708271609
-3.630556E-05,-7.224530E-09
1708271619
-5.882159E-05,-5.735083E-09
1708271629
-7.383498E-05,-6.442497E-09
1708271639
-4.420057E-07,-5.443278E-09
1708271650
-3.880709E-05,-7.163667E-09
1708271660
-5.381638E-05,-5.529154E-09
1708271670
-3.380086E-05,-5.681724E-09
1708271681
-4.464258E-05,-5.885988E-09
1708271691
-2.796194E-05,-5.521233E-09
1708271701
-5.965354E-05,-6.063571E-09
1708271712
-4.964788E-05,-6.409149E-09
1708271722
-8.217329E-05,-5.650044E-09
1708271732
-6.382270E-05,-6.513366E-09
1708271742
-4.214095E-05,-5.730914E-09
1708271753
-5.214754E-05,-5.560002E-09
1708271763
-6.382437E-05,-5.802198E-09
1708271773
-9.718342E-05,-6.282842E-09
1708271784
-2.962854E-05,-6.117347E-09
1708271794
-7.466497E-05,-6.337868E-09
1708271804
-5.548354E-05,-6.132771E-09
1708271815
-3.630137E-05,-6.889375E-09
1708271825
-5.798424E-05,-6.670107E-09
1708271835
-2.295533E-05,-7.645148E-09
1708271845
-1.044637E-05,-5.675890E-09
1708271856
-6.382326E-05,-6.582149E-09
1708271866
-4.213909E-05,-5.554583E-09
1708271876
-5.048150E-05,-6.272835E-09
1708271887
-1.038576E-04,-5.867228E-09
1708271897
-1.096962E-04,-5.878901E-09
1708271907
-1.213693E-04,-5.991455E-09
1708271917
-1.572325E-04,-6.030640E-09
1708271928
-1.138658E-04,-5.887238E-09
1708271938
-7.216250E-05,-5.564171E-09
1708271948
-1.330450E-04,-5.141890E-09
1708271958
-4.714215E-05,-6.081915E-09
1708271969
-1.313758E-04,-5.359493E-09
1708271979
-1.030231E-04,-6.128602E-09
1708271989
-1.121973E-04,-5.940180E-09
1708272000
-1.413855E-04,-6.105259E-09
1708272010
-9.801592E-05,-5.658383E-09
1708272020
-7.633287E-05,-6.589236E-09
1708272031
-3.880076E-05,-5.413268E-09
1708272041
-1.413858E-04,-5.382003E-09
1708272051
-7.049227E-05,-5.838051E-09
1708272061
-6.715702E-05,-6.328281E-09
1708272072
-1.294538E-05,-5.793030E-09
1708272082
-8.775573E-06,-6.054402E-09
1708272092
-4.046503E-05,-5.592521E-09
1708272103
-1.013498E-04,-6.798087E-09
1708272113
-9.718044E-05,-6.025223E-09
1708272123
-7.716231E-05,-6.105678E-09
1708272133
-1.196966E-04,-6.225318E-09
1708272143
-1.280394E-04,-5.651297E-09
1708272154
-6.715478E-05,-6.180296E-09
1708272164
-9.217765E-05,-5.575428E-09
1708272174
-7.549254E-05,-6.157370E-09
1708272185
-9.634458E-05,-6.334119E-09
1708272195
-7.382547E-05,-6.058573E-09
1708272205
-9.968234E-05,-6.146947E-09
1708272215
-5.881479E-05,-6.777660E-09
1708272226
-8.717059E-05,-6.560475E-09
1708272236
-1.322074E-04,-6.556307E-09
1708272246
-1.413815E-04,-6.159453E-09
1708272257
-9.383941E-05,-7.159926E-09
1708272267
-5.380753E-05,-5.861398E-09
1708272277
-1.505550E-04,-5.740924E-09
1708272287
-1.255339E-04,-5.828466E-09
1708272298
-1.171933E-04,-5.661721E-09
1708272308
-1.088554E-04,-6.162789E-09
1708272318
-1.155273E-04,-5.567926E-09
1708272329
-1.563937E-04,-6.340789E-09
1708272339
-1.397140E-04,-5.223597E-09
1708272349
-1.171932E-04,-6.183633E-09
1708272359
-1.430487E-04,-6.104011E-09
1708272370
-1.280365E-04,-6.058990E-09
1708272380
-1.705713E-04,-5.896414E-09
1708272390
-1.380443E-04,-6.276176E-09
1708272400
-8.216380E-05,-6.335371E-09
1708272411
-1.288701E-04,-6.391647E-09
1708272421
-2.556420E-04,-6.169459E-09
1708272431
-1.947572E-04,-6.171960E-09
1708272442
-1.505519E-04,-6.534633E-09
1708272452
-8.800179E-05,-6.120270E-09
1708272462
-1.196958E-04,-6.069829E-09
1708272472
-6.131288E-05,-6.091090E-09
1708272483
-6.798608E-05,-6.758903E-09
1708272493
-1.071849E-04,-6.217816E-09
1708272503
-1.238634E-04,-6.923566E-09
1708272514
-1.572234E-04,-7.062798E-09
1708272524
-7.132105E-05,-5.864734E-09
1708272534
-1.447128E-04,-7.055712E-09
1708272544
-1.647318E-04,-6.706796E-09
1708272555
-7.465677E-05,-6.512955E-09
1708272565
-1.046832E-04,-6.828936E-09
1708272575
-2.030991E-04,-7.844412E-09
1708272586
-1.830800E-04,-6.579653E-09
1708272596
-1.789112E-04,-6.596327E-09
1708272606
-1.155225E-04,-7.003187E-09
1708272616
-1.046808E-04,-6.971088E-09
1708272627
-1.463823E-04,-7.234962E-09
1708272637
-1.322068E-04,-6.875207E-09
1708272647
-1.021788E-04,-7.372110E-09
1708272658
-1.188601E-04,-7.099898E-09
1708272668
-9.300271E-05,-6.925651E-09
1708272678
-8.383104E-05,-6.698043E-09
1708272688
-6.214557E-05,-6.892718E-09
1708272699
-1.055172E-04,-6.527128E-09
1708272709
-9.634113E-05,-6.246580E-09
1708272719
-1.380423E-04,-7.305411E-09
1708272730
-6.965231E-05,-6.930235E-09
1708272740
-8.549830E-05,-6.723055E-09
1708272750
-3.879191E-05,-6.145700E-09
1708272761
-8.299555E-05,-6.470020E-09
1708272771
-1.271976E-04,-7.053628E-09
1708272781
-7.799249E-05,-7.832326E-09
1708272791
-5.431101E-06,-7.678088E-09
1708272802
-3.962750E-05,-7.354601E-09
1708272812
-9.884154E-05,-8.087865E-09
1708272822
-7.215254E-05,-7.822740E-09
1708272832
-4.963623E-05,-7.441725E-09
1708272843
-9.133555E-05,-7.528851E-09
1708272853
-1.705678E-04,-7.159511E-09
1708272863
-1.780745E-04,-8.538909E-09
1708272874
-9.717587E-05,-8.106621E-09
1708272884
-1.230286E-04,-8.148726E-09
1708272894
-1.055156E-04,-6.899387E-09
1708272904
-9.133732E-05,-7.679337E-09
1708272915
-5.797464E-05,-7.704767E-09
1708272925
-9.967573E-05,-8.273785E-09
1708272935
-1.013442E-04,-8.823210E-09
1708272946
-7.632235E-05,-8.014497E-09
1708272956
-4.129168E-05,-8.045346E-09
1708272966
-5.296711E-05,-6.765578E-09
1708272976
+7.914658E-06,-7.923204E-09
1708272987
-2.628090E-05,-8.192497E-09
1708272997
-5.213693E-05,-8.723163E-09
1708273007
-7.882388E-05,-7.613892E-09
1708273018
-1.043472E-05,-7.924454E-09
1708273028
-2.094638E-06,-7.096149E-09
1708273038
-2.794964E-05,-7.475910E-09
1708273048
-7.215077E-05,-8.192498E-09
1708273059
-8.132616E-05,-7.329592E-09
1708273069
-1.063461E-04,-7.502591E-09
1708273079
-8.215829E-05,-6.562982E-09
1708273090
-7.882565E-05,-7.390452E-09
1708273100
-9.633721E-05,-7.373363E-09
1708273110
-1.121840E-04,-7.410047E-09
1708273121
-1.547205E-04,-6.810180E-09
1708273131
-1.397085E-04,-7.803147E-09
1708273141
-1.121823E-04,-8.460960E-09
1708273151
-1.113492E-04,-8.014499E-09
1708273162
-1.205206E-04,-8.574765E-09
1708273172
-1.080119E-04,-7.989488E-09
1708273182
-6.714537E-05,-6.938993E-09
1708273193
-6.213961E-05,-7.746041E-09
1708273203
-1.530505E-04,-7.753125E-09
1708273213
-1.221914E-04,-7.964475E-09
1708273223
-1.472117E-04,-7.965726E-09
1708273234
-1.647280E-04,-7.541359E-09
1708273244
-2.072618E-04,-7.300412E-09
1708273254
-1.246934E-04,-7.009442E-09
1708273265
-1.013395E-04,-6.576323E-09
1708273275
-1.288624E-04,-8.027840E-09
1708273285
-1.288621E-04,-6.933991E-09
1708273296
-1.088452E-04,-7.360442E-09
1708273306
-8.799396E-05,-7.461741E-09
1708273316
-1.372006E-04,-7.494673E-09
1708273326
-1.113486E-04,-7.237884E-09
1708273336
-1.271934E-04,-7.328344E-09
1708273347
-1.505461E-04,-7.117411E-09
1708273357
-1.263602E-04,-6.707217E-09
1708273367
-9.633554E-05,-6.755156E-09
1708273377
-6.547626E-05,-7.136169E-09
1708273388
-4.712567E-05,-6.781838E-09
1708273398
-2.294192E-05,-7.538442E-09
1708273408
-2.961448E-05,-6.317033E-09
1708273418
-8.549541E-05,-6.298273E-09
1708273429
-1.638908E-04,-7.576794E-09
1708273439
-1.163521E-04,-7.201200E-09
1708273449
-1.580543E-04,-6.026896E-09
1708273459
-1.939169E-04,-6.126526E-09
1708273470
-1.647255E-04,-6.996103E-09
1708273480
-1.555512E-04,-7.338348E-09
1708273490
-9.883744E-05,-6.966923E-09
1708273500
-3.795233E-05,-7.943634E-09
1708273511
-9.550471E-05,-6.926068E-09
1708273521
-1.105126E-04,-5.903923E-09
1708273531
-1.463775E-04,-6.757241E-09
1708273542
-1.872445E-04,-6.803095E-09
1708273552
-2.114298E-04,-6.946497E-09
1708273562
-1.780682E-04,-6.791008E-09
1708273573
-1.688954E-04,-6.535053E-09
1708273583
-9.883614E-05,-8.015752E-09
1708273593
-1.505457E-04,-7.470078E-09
1708273603
-1.663935E-04,-7.897778E-09
1708273614
-1.672268E-04,-6.881883E-09
1708273624
-1.355337E-04,-7.138671E-09
1708273634
-8.382406E-05,-7.198700E-09
1708273645
-1.563855E-04,-7.397959E-09
1708273655
-7.798439E-05,-7.329179E-09
1708273665
-1.063444E-04,-7.078642E-09
1708273676
-1.380325E-04,-6.783089E-09
1708273686
-1.605532E-04,-6.841865E-09
1708273696
-1.522114E-04,-6.115274E-09
1708273706
-1.455406E-04,-6.280351E-09
1708273717
-5.880063E-05,-6.776419E-09
1708273727
-1.538809E-04,-6.543809E-09
1708273737
-7.381467E-05,-6.860208E-09
1708273748
-6.547403E-05,-6.805182E-09
1708273758
-8.215373E-05,-7.152846E-09
1708273768
-2.210354E-05,-7.248309E-09
1708273778
-8.215569E-05,-7.234133E-09
1708273789
-1.238543E-04,-7.178275E-09
1708273799
-8.215513E-05,-7.791896E-09
1708273809
-1.313615E-04,-7.073642E-09
1708273820
-1.271927E-04,-6.603420E-09
1708273830
-1.130151E-04,-7.967812E-09
1708273840
-1.255228E-04,-6.680123E-09
1708273851
-8.966056E-05,-6.867711E-09
1708273861
-9.594764E-06,-6.926072E-09
1708273871
-9.716694E-05,-7.307919E-09
1708273881
-9.049429E-05,-6.988602E-09
1708273892
-6.464031E-05,-6.640104E-09
1708273902
-1.088442E-04,-6.663448E-09
1708273912
-1.113470E-04,-7.362944E-09
1708273923
-5.629910E-05,-6.718058E-09
1708273933
-8.966149E-05,-7.010278E-09
1708273943
-9.049661E-05,-6.552562E-09
1708273954
-9.383122E-05,-7.467160E-09
1708273964
-8.799527E-05,-6.694711E-09
1708273974
-1.313623E-04,-7.154513E-09
1708273984
-1.121803E-04,-7.268733E-09
1708273995
-8.298820E-05,-7.105324E-09
1708274005
-9.466708E-05,-6.918567E-09
1708274015
-1.096768E-04,-6.981516E-09
1708274026
-8.465555E-05,-6.205317E-09
1708274036
+6.253552E-06,-7.167020E-09
1708274046
-7.464662E-05,-6.518798E-09
1708274056
-1.472057E-04,-6.705553E-09
1708274067
-3.711646E-05,-7.540947E-09
1708274077
-3.461316E-05,-7.092819E-09
1708274087
-1.080069E-04,-6.871882E-09
1708274097
-1.021703E-04,-7.210374E-09
1708274108
-4.712464E-05,-6.366642E-09
1708274118
-4.545599E-05,-6.996106E-09
1708274128
-9.216247E-05,-6.944831E-09
1708274138
-1.146816E-04,-7.808572E-09
1708274148
-1.330303E-04,-6.975679E-09
1708274159
-1.630538E-04,-6.750990E-09
1708274169
-1.405361E-04,-7.176190E-09
1708274179
-1.630554E-04,-7.278321E-09
1708274189
-1.538819E-04,-6.880633E-09
1708274200
-1.346980E-04,-7.153679E-09
1708274210
-8.549057E-05,-7.484252E-09
1708274220
-1.997521E-04,-7.700604E-09
1708274231
-1.572161E-04,-7.064888E-09
1708274241
-9.633433E-05,-7.219543E-09
1708274251
-1.296961E-04,-6.523381E-09
1708274261
-1.255265E-04,-7.320006E-09
1708274272
-7.465128E-05,-7.508845E-09
1708274282
-1.146815E-04,-6.760578E-09
1708274292
-6.260257E-06,-6.368308E-09
1708274302
-4.379107E-05,-7.882773E-09
1708274313
-4.295511E-05,-6.612591E-09
1708274323
-2.043732E-05,-7.854843E-09
1708274333
-7.047960E-05,-7.823995E-09
1708274344
-8.716025E-05,-7.289159E-09
1708274354
-7.798439E-05,-7.668922E-09
1708274364
-1.380319E-04,-7.643912E-09
1708274374
-9.966605E-05,-7.747295E-09
1708274385
-1.130131E-04,-8.077865E-09
1708274395
-1.763973E-04,-7.795234E-09
1708274405
-1.480386E-04,-8.235860E-09
1708274416
-1.638874E-04,-6.633852E-09
1708274426
-1.605519E-04,-6.560067E-09
1708274436
-1.613873E-04,-7.596805E-09
1708274447
-1.805682E-04,-6.609674E-09
1708274457
-1.613823E-04,-8.188755E-09
1708274467
-1.255211E-04,-7.314173E-09
1708274477
-1.797325E-04,-6.933578E-09
1708274488
-1.346949E-04,-5.945612E-09
1708274498
-1.980789E-04,-7.167023E-09
1708274508
-1.855725E-04,-6.776836E-09
1708274519
-1.822332E-04,-7.139092E-09
1708274529
-2.164313E-04,-6.563819E-09
1708274539
-2.080891E-04,-7.068225E-09
1708274550
-2.180967E-04,-7.387960E-09
1708274560
-1.780659E-04,-6.868129E-09
1708274570
-2.281059E-04,-6.013977E-09
1708274580
-1.763974E-04,-7.405466E-09
1708274591
-1.889062E-04,-6.497539E-09
1708274601
-2.072531E-04,-7.249145E-09
1708274611
-1.797317E-04,-7.393795E-09
1708274622
-1.363625E-04,-7.096572E-09
1708274632
-5.462756E-05,-6.841035E-09
1708274642
-1.088401E-04,-6.853957E-09
1708274652
-1.180147E-04,-6.820192E-09
1708274662
-1.780634E-04,-6.946918E-09
1708274673
-1.305235E-04,-6.545896E-09
1708274683
-1.288575E-04,-5.954782E-09
1708274693
-1.964126E-04,-7.216629E-09
1708274703
-1.563789E-04,-7.059471E-09
1708274713
-1.313570E-04,-7.289163E-09
1708274724
-1.280229E-04,-6.771418E-09
1708274734
-2.097585E-04,-6.781005E-09
1708274744
-1.797315E-04,-6.693882E-09
1708274755
-1.305224E-04,-6.621349E-09
1708274765
-1.363638E-04,-8.069112E-09
1708274775
-9.549605E-05,-7.080313E-09
1708274786
-1.388649E-04,-7.062806E-09
1708274796
-1.430356E-04,-6.305781E-09
1708274806
-1.530434E-04,-7.237889E-09
1708274816
-1.939089E-04,-7.700608E-09
1708274826
-1.939123E-04,-7.156181E-09
1708274837
-1.013346E-04,-6.766415E-09
1708274847
-8.715699E-05,-6.347050E-09
1708274857
-1.130092E-04,-7.251229E-09
1708274868
-7.881541E-05,-7.226216E-09
1708274878
-5.129147E-05,-6.750993E-09
1708274888
-4.628943E-05,-6.947751E-09
1708274898
+2.960656E-05,-7.783145E-09
1708274909
-8.048359E-05,-7.217462E-09
1708274919
-1.459559E-05,-6.306616E-09
1708274929
-4.211795E-05,-6.668036E-09
1708274940
-5.379468E-05,-6.622181E-09
1708274950
-1.130128E-04,-6.435008E-09
1708274960
-8.632252E-05,-7.327930E-09
1708274971
-1.013343E-04,-7.390043E-09
1708274981
-7.547960E-05,-6.579244E-09
1708274991
-1.605510E-04,-7.101990E-09
1708275001
-1.196822E-04,-7.262484E-09
1708275012
-1.005025E-04,-6.789342E-09
1708275022
-7.381207E-05,-7.292080E-09
1708275032
-9.633191E-05,-6.585496E-09
1708275043
-7.548071E-05,-6.361224E-09
1708275053
-1.638886E-04,-5.946861E-09
1708275063
-2.055898E-04,-7.151595E-09
1708275073
-1.263572E-04,-6.929408E-09
1708275084
-2.614687E-04,-6.747238E-09
1708275094
-1.980827E-04,-5.865572E-09
1708275104
-1.772336E-04,-7.052798E-09
1708275115
-2.481244E-04,-6.092763E-09
1708275125
-2.022512E-04,-5.807213E-09
1708275135
-1.588837E-04,-7.066139E-09
1708275145
-1.780652E-04,-7.786479E-09
1708275156
-2.189338E-04,-6.223658E-09
1708275166
-1.805656E-04,-6.192395E-09
1708275176
-2.097586E-04,-6.231579E-09
1708275186
-2.289400E-04,-6.745155E-09
1708275197
-1.096735E-04,-6.331211E-09
1708275207
-9.132512E-05,-6.801433E-09
1708275217
-7.381207E-05,-6.932744E-09
1708275227
-1.130125E-04,-7.045712E-09
1708275238
-4.795594E-05,-6.112774E-09
1708275248
-5.880035E-05,-6.359139E-09
1708275258
-1.042569E-05,-6.369979E-09
1708275269
-1.505410E-04,-6.406663E-09
1708275279
-1.180151E-04,-7.082398E-09
1708275289
-1.538787E-04,-6.628850E-09
1708275299
-1.296924E-04,-5.797208E-09
1708275310
-5.963538E-05,-6.704302E-09
1708275320
-1.280235E-04,-5.964787E-09
1708275330
-1.155149E-04,-6.169049E-09
1708275341
-1.055045E-04,-6.094015E-09
1708275351
-7.881709E-05,-5.843479E-09
1708275361
-6.797425E-05,-5.544589E-09
1708275371
-3.461307E-05,-6.399576E-09
1708275382
-3.961557E-05,-7.488007E-09
1708275392
-1.121757E-04,-6.949836E-09
1708275402
-9.549745E-05,-6.167382E-09
1708275412
-1.038374E-04,-6.707637E-09
1708275423
-1.563811E-04,-6.767666E-09
1708275433
-1.697236E-04,-6.360808E-09
1708275443
-1.513752E-04,-6.688046E-09
1708275454
-1.146771E-04,-6.303281E-09
1708275464
-1.405311E-04,-6.256593E-09
1708275474
-1.688877E-04,-7.164105E-09
1708275484
-1.538766E-04,-6.908984E-09
1708275495
-1.663864E-04,-6.658032E-09
1708275505
-1.246858E-04,-6.540477E-09
1708275515
-1.472060E-04,-7.275405E-09
1708275526
-1.096748E-04,-7.209958E-09
1708275536
-1.613830E-04,-8.187504E-09
1708275546
-1.538789E-04,-8.170828E-09
1708275557
-5.045729E-05,-8.083288E-09
1708275567
-7.297676E-05,-8.506404E-09
1708275577
-1.697229E-04,-8.505987E-09
1708275587
-1.121770E-04,-8.616872E-09
1708275597
-7.547950E-05,-7.537613E-09
1708275608
-1.413698E-04,-8.854065E-09
1708275618
-1.138462E-04,-7.829833E-09
1708275628
-1.605526E-04,-1.026598E-08
1708275639
-1.271906E-04,-8.825719E-09
1708275649
-1.463731E-04,-9.089177E-09
1708275659
-1.922440E-04,-8.595194E-09
1708275670
-1.530463E-04,-6.992354E-09
1708275680
-1.130107E-04,-7.969066E-09
1708275690
-1.096753E-04,-6.844369E-09
1708275700
-1.263573E-04,-8.097875E-09
1708275711
-1.280269E-04,-8.609365E-09
1708275721
-1.947474E-04,-7.423390E-09
1708275731
-1.438720E-04,-8.541417E-09
1708275742
-1.180162E-04,-6.524634E-09
1708275752
-1.480386E-04,-7.819414E-09
1708275762
-1.196813E-04,-7.362531E-09
1708275772
-1.763962E-04,-8.720670E-09
1708275783
-1.405329E-04,-8.377176E-09
1708275793
-7.464606E-05,-7.545117E-09
1708275803
-1.280220E-04,-6.877302E-09
1708275814
-8.381884E-05,-7.171608E-09
1708275824
-7.381188E-05,-7.397963E-09
1708275834
-5.422626E-06,-6.662199E-09
1708275845
-4.795603E-05,-7.559290E-09
1708275855
-6.546928E-05,-7.457160E-09
1708275865
-6.213524E-05,-8.009919E-09
1708275876
-6.797174E-05,-7.277491E-09
1708275886
-6.380351E-05,-7.538864E-09
1708275896
-7.547941E-05,-7.113246E-09
1708275906
-1.146789E-04,-7.483838E-09
1708275917
-1.330253E-04,-7.212878E-09
1708275927
-9.382609E-05,-7.366701E-09
1708275937
-4.795603E-05,-6.980684E-09
1708275948
-4.962366E-05,-7.186198E-09
1708275958
-6.630384E-05,-7.204957E-09
1708275968
-4.211795E-05,-7.277491E-09
1708275978
-7.047374E-05,-7.044465E-09
1708275989
-2.710503E-05,-7.544700E-09
1708275999
-6.380221E-05,-7.904037E-09
1708276009
-1.221827E-04,-7.942806E-09
1708276020
-1.355289E-04,-7.770640E-09
1708276030
-1.163453E-04,-8.041185E-09
1708276040
-9.632856E-05,-8.842396E-09
1708276050
-1.805656E-04,-8.168328E-09
1708276061
-7.464401E-05,-7.141594E-09
1708276071
-9.716414E-05,-8.226688E-09
1708276081
-7.214304E-05,-6.950252E-09
1708276091
-1.105079E-04,-7.492591E-09
1708276102
-1.046708E-04,-8.170828E-09
1708276112
-4.295241E-05,-7.573046E-09
1708276122
-1.638849E-04,-7.635577E-09
1708276132
-1.163476E-04,-8.092041E-09
1708276142
-6.963946E-05,-7.199538E-09
1708276152
-4.378613E-05,-9.200899E-09
1708276163
-3.711125E-05,-8.351333E-09
1708276173
-9.215959E-05,-8.222520E-09
1708276183
-3.627716E-05,-8.121641E-09
1708276194
-1.459280E-05,-8.332991E-09
1708276204
-5.546129E-05,-7.036128E-09
1708276214
-7.797843E-05,-7.528861E-09
1708276224
-1.505384E-04,-7.829836E-09
1708276234
-1.088370E-04,-9.002057E-09
1708276245
-1.296869E-04,-8.344664E-09
1708276255
-1.438648E-04,-8.767364E-09
1708276265
-1.955752E-04,-9.209239E-09
1708276276
-1.180103E-04,-8.639387E-09
1708276286
-7.797638E-05,-8.774451E-09
1708276296
-7.047244E-05,-7.786900E-09
1708276306
-8.548489E-05,-9.014979E-09
1708276317
-7.714368E-05,-7.154101E-09
1708276327
-1.029995E-04,-8.120807E-09
1708276337
-1.638825E-04,-7.667677E-09
1708276347
-1.238497E-04,-6.699303E-09
1708276358
-7.130326E-05,-6.921493E-09
1708276368
-1.121727E-04,-6.968597E-09
1708276378
-1.013310E-04,-6.379151E-09
1708276388
-1.163432E-04,-6.702638E-09
1708276399
-1.046633E-04,-7.209963E-09
1708276409
-5.128980E-05,-6.729734E-09
1708276419
-8.631703E-05,-6.479200E-09
1708276430
-7.297359E-05,-7.123254E-09
1708276440
-5.212119E-05,-6.982355E-09
1708276450
-8.631861E-05,-7.123670E-09
1708276460
-6.380072E-05,-6.723063E-09
1708276471
-1.455330E-04,-7.027793E-09
1708276481
-1.305196E-04,-6.841455E-09
1708276491
-1.955752E-04,-7.545119E-09
1708276501
-2.130914E-04,-7.094489E-09
1708276512
-1.889045E-04,-7.287913E-09
1708276522
-1.672177E-04,-7.640165E-09
1708276532
-1.647167E-04,-6.891060E-09
1708276543
-1.622162E-04,-7.899452E-09
1708276553
-1.864007E-04,-7.421311E-09
1708276563
-1.788974E-04,-7.722702E-09
1708276573
-9.882906E-05,-7.021955E-09
1708276584
-1.238494E-04,-7.284163E-09
1708276594
-1.296861E-04,-7.862770E-09
1708276604
-1.113407E-04,-7.670177E-09
1708276615
-4.128041E-05,-7.159521E-09
1708276625
-7.130885E-05,-8.297138E-09
1708276635
-1.238497E-04,-6.923992E-09
1708276646
-9.132177E-05,-6.666788E-09
1708276656
-1.480355E-04,-7.190786E-09
1708276666
-1.630480E-04,-6.871051E-09
1708276676
-2.022474E-04,-7.333353E-09
1708276686
-1.555415E-04,-7.269573E-09
1708276697
-1.271874E-04,-7.815662E-09
1708276707
-1.063344E-04,-8.660646E-09
1708276717
-1.046668E-04,-8.240031E-09
1708276727
-1.305224E-04,-7.981991E-09
1708276738
-1.080031E-04,-7.610150E-09
1708276748
-6.713792E-05,-8.318816E-09
1708276758
-2.543684E-05,-7.431314E-09
1708276769
-6.797081E-05,-7.850679E-09
1708276779
-8.798586E-05,-9.011228E-09
1708276789
-1.647172E-04,-8.844065E-09
1708276799
-9.299153E-05,-7.603062E-09
1708276810
-7.547652E-05,-9.033738E-09
1708276820
-1.180098E-04,-8.940363E-09
1708276830
-9.632549E-05,-8.360089E-09
1708276841
-4.211301E-05,-8.845736E-09
1708276851
-6.213105E-05,-7.687270E-09
1708276861
-7.881290E-05,-8.062029E-09
1708276871
-1.063345E-04,-8.646889E-09
1708276882
-7.797582E-05,-7.455078E-09
1708276892
-1.271857E-04,-8.433455E-09
1708276902
-1.271848E-04,-8.089127E-09
1708276913
-1.121728E-04,-7.846928E-09
1708276923
-1.405293E-04,-8.631049E-09
1708276933
-1.380257E-04,-8.216689E-09
1708276943
-1.380278E-04,-7.909875E-09
1708276954
-1.171760E-04,-8.032850E-09
1708276964
-1.780612E-04,-8.040770E-09
1708276974
-3.460888E-05,-7.922381E-09
1708276985
-3.711069E-05,-8.074119E-09
1708276995
-5.212566E-05,-7.807741E-09
1708277005
-1.055005E-04,-8.057862E-09
1708277015
-9.799330E-05,-7.380459E-09
1708277026
-8.798586E-05,-8.270462E-09
1708277036
-2.376465E-05,-9.071675E-09
1708277046
-3.043609E-05,-8.256291E-09
1708277057
-1.626192E-05,-9.157129E-09
1708277067
-3.794581E-05,-7.187450E-09
1708277077
-3.877869E-05,-8.134981E-09
1708277088
-7.464355E-05,-7.836088E-09
1708277098
-1.013323E-04,-9.080009E-09
1708277108
-1.130079E-04,-8.077036E-09
1708277119
-1.213505E-04,-8.041601E-09
1708277129
-1.163420E-04,-8.478477E-09
1708277139
-5.546166E-05,-8.827389E-09
1708277149
-1.121737E-04,-8.380513E-09
1708277160
-1.180128E-04,-8.349664E-09
1708277170
-1.422008E-04,-8.060777E-09
1708277180
-1.180121E-04,-8.045355E-09
1708277191
-1.280189E-04,-8.691911E-09
1708277201
-1.597134E-04,-7.829002E-09
1708277211
-1.597137E-04,-7.819831E-09
1708277221
-1.396972E-04,-8.290470E-09
1708277232
-1.480372E-04,-8.889920E-09
1708277242
-4.545208E-05,-7.536782E-09
1708277252
-1.063347E-04,-8.374261E-09
1708277262
-8.715484E-05,-8.726925E-09
1708277273
-7.881345E-05,-7.517605E-09
1708277283
-1.255184E-04,-8.909096E-09
1708277293
-1.221807E-04,-8.693996E-09
1708277304
-1.313562E-04,-8.283800E-09
1708277314
-1.038327E-04,-9.672374E-09
1708277324
-1.346913E-04,-8.787789E-09
1708277334
-1.338562E-04,-8.408445E-09
1708277345
-7.630931E-05,-8.244200E-09
1708277355
-8.714991E-05,-8.366759E-09
1708277365
-1.029989E-04,-7.916961E-09
1708277376
-6.129760E-05,-8.099131E-09
1708277386
-8.548265E-05,-7.684353E-09
1708277396
-5.962998E-05,-7.951144E-09
1708277406
-8.631758E-05,-8.410112E-09
1708277416
-8.798614E-05,-8.599367E-09
1708277427
-1.355244E-04,-8.590198E-09
1708277437
-1.355254E-04,-8.521830E-09
1708277447
-5.962746E-05,-8.123311E-09
1708277458
-8.715149E-05,-9.175056E-09
1708277468
-3.460804E-05,-9.193815E-09
1708277478
-1.580454E-04,-8.239196E-09
1708277489
-1.271847E-04,-8.235029E-09
1708277499
-6.713476E-05,-6.964429E-09
1708277509
-3.710920E-05,-8.320904E-09
1708277519
-6.880173E-05,-8.032434E-09
1708277530
-9.132046E-05,-7.894452E-09
1708277540
-6.296449E-05,-8.067450E-09
1708277550
-8.131340E-05,-7.597645E-09
1708277561
-7.881159E-05,-8.015341E-09
1708277571
-1.029992E-04,-8.258373E-09
1708277581
-2.626916E-05,-7.857767E-09
1708277591
+3.755931E-06,-8.739433E-09
1708277602
-1.792712E-05,-7.508437E-09
1708277612
-6.213216E-05,-8.446794E-09
1708277622
-6.046435E-05,-8.010338E-09
1708277632
-6.713681E-05,-8.503904E-09
1708277643
-1.472036E-04,-7.890698E-09
1708277653
-9.632781E-05,-9.609010E-09
1708277663
-1.280207E-04,-8.400522E-09
1708277673
-1.947393E-04,-7.159522E-09
1708277684
-1.605433E-04,-8.490152E-09
1708277694
-1.980757E-04,-9.447269E-09
1708277704
-6.713476E-05,-8.476810E-09
1708277714
-1.138410E-04,-7.850680E-09
1708277725
-1.021652E-04,-7.546786E-09
1708277735
-8.131377E-05,-8.357169E-09
1708277745
-6.379820E-05,-8.689828E-09
1708277755
-4.795138E-05,-8.587279E-09
1708277766
-9.882888E-05,-7.706029E-09
1708277776
-7.714257E-05,-8.656062E-09
1708277786
-6.212993E-05,-9.273021E-09
1708277796
-8.548396E-05,-8.773199E-09
1708277807
-1.096702E-04,-9.418504E-09
1708277817
-1.388610E-04,-9.461441E-09
1708277827
-6.463453E-05,-9.129616E-09
1708277838
-7.047057E-05,-9.151713E-09
1708277848
-1.171786E-04,-8.541838E-09
1708277858
-3.544427E-05,-9.080009E-09
1708277869
-6.880574E-05,-7.626406E-09
1708277879
-1.542727E-05,-9.858711E-09
1708277889
-4.878826E-05,-1.037312E-08
1708277900
-9.966036E-05,-9.729903E-09
1708277910
-1.630462E-04,-9.089184E-09
1708277920
-2.205953E-04,-9.813691E-09
1708277930
-1.413634E-04,-9.750328E-09
1708277941
-1.396952E-04,-1.009049E-08
1708277951
-1.296876E-04,-8.676904E-09
1708277961
-1.463684E-04,-7.835673E-09
1708277972
-1.647172E-04,-8.289220E-09
1708277982
-1.763926E-04,-7.806910E-09
1708277992
-1.388626E-04,-7.526777E-09
1708278002
-7.380741E-05,-7.805659E-09
1708278013
-7.047169E-05,-8.164996E-09
1708278023
-5.962867E-05,-7.796905E-09
1708278033
-1.271850E-04,-7.924882E-09
1708278044
-9.632595E-05,-8.467222E-09
1708278054
-3.961399E-05,-7.556791E-09
1708278064
-1.113404E-04,-7.744796E-09
1708278074
-1.138418E-04,-7.723120E-09
1708278085
-1.538740E-04,-7.974489E-09
1708278095
-1.513751E-04,-8.148318E-09
1708278105
-1.238502E-04,-7.618070E-09
1708278116
-1.246856E-04,-8.361752E-09
1708278126
-1.922408E-04,-7.428397E-09
1708278136
-1.355263E-04,-7.775644E-09
1708278146
-3.711116E-05,-8.027014E-09
1708278156
-3.711078E-05,-8.030349E-09
1708278167
-2.710121E-05,-7.760638E-09
1708278177
-3.961334E-05,-7.729373E-09
1708278187
-1.054984E-04,-7.724373E-09
1708278198
-6.213132E-05,-7.958648E-09
1708278208
-8.214665E-05,-8.390520E-09
1708278218
-7.213718E-05,-8.010758E-09
1708278229
-1.029970E-04,-8.262959E-09
1708278239
-1.271829E-04,-8.565187E-09
1708278249
-1.522054E-04,-7.339606E-09
1708278259
-8.381550E-05,-8.087042E-09
1708278270
-1.597102E-04,-8.283803E-09
1708278280
-1.597119E-04,-8.678154E-09
1708278290
-1.780607E-04,-8.083707E-09
1708278301
-5.629249E-05,-8.350501E-09
1708278311
-1.630503E-04,-8.536419E-09
1708278321
-1.997450E-04,-9.146293E-09
1708278331
-1.396967E-04,-8.111219E-09
1708278342
-1.572095E-04,-7.529279E-09
1708278352
-1.864028E-04,-8.312147E-09
1708278362
-1.839001E-04,-9.463523E-09
1708278373
-1.605437E-04,-8.730682E-09
1708278383
-4.294869E-05,-8.792792E-09
1708278393
-1.613810E-04,-9.060001E-09
1708278404
-1.580442E-04,-8.503489E-09
1708278414
-1.505389E-04,-9.025817E-09
1708278424
-9.215651E-05,-9.158798E-09
1708278434
-1.113386E-04,-8.612707E-09
1708278445
-1.446989E-04,-9.334715E-09
1708278455
-1.547070E-04,-9.068756E-09
1708278465
-1.255156E-04,-9.271769E-09
1708278476
-1.321911E-04,-9.107522E-09
1708278486
-1.163407E-04,-8.919937E-09
1708278496
-1.497012E-04,-8.840317E-09
1708278507
-1.271836E-04,-8.979548E-09
1708278517
-1.747217E-04,-8.744856E-09
1708278527
-1.430289E-04,-8.150407E-09
1708278537
-1.463659E-04,-8.456385E-09
1708278547
-1.271849E-04,-8.902010E-09
1708278557
-8.298251E-05,-8.420532E-09
1708278568
-2.710037E-05,-9.165053E-09
1708278578
-1.038294E-04,-7.546372E-09
1708278588
-1.330233E-04,-8.736932E-09
1708278599
-5.379226E-05,-9.190062E-09
1708278609
-8.753128E-06,-7.548872E-09
1708278619
-7.630987E-05,-8.967041E-09
1708278629
-8.381680E-05,-8.227107E-09
1708278640
-5.045636E-05,-8.813633E-09
1708278650
-3.043674E-05,-9.476450E-09
1708278660
-6.713355E-05,-8.984551E-09
1708278671
-7.714164E-05,-9.686967E-09
1708278681
-3.460776E-05,-8.380932E-09
1708278691
-1.180097E-04,-8.502656E-09
1708278701
-7.547550E-05,-7.820667E-09
1708278711
-1.542494E-05,-7.949061E-09
1708278722
-6.379905E-05,-7.781065E-09
1708278732
+7.092953E-06,-8.240032E-09
1708278742
-1.021639E-04,-8.126645E-09
1708278753
-1.513690E-04,-8.316737E-09
1708278763
-1.463641E-04,-8.929944E-09
1708278773
-1.939035E-04,-8.286306E-09
1708278784
-2.114189E-04,-8.996641E-09
1708278794
-1.763876E-04,-7.974910E-09
1708278804
-2.597918E-04,-8.017428E-09
1708278814
-2.306033E-04,-8.661897E-09
1708278825
-2.656307E-04,-8.215438E-09
1708278835
-2.064137E-04,-7.668931E-09
1708278845
-2.072468E-04,-7.829841E-09
1708278856
-1.563701E-04,-8.326327E-09
1708278866
-1.138390E-04,-9.377653E-09
1708278876
-7.713986E-05,-8.864913E-09
1708278886
-1.547041E-04,-9.676547E-09
1708278897
-7.880582E-05,-7.870694E-09
1708278907
-1.672131E-04,-7.011538E-09
1708278917
-1.029916E-04,-8.926195E-09
1708278928
-1.004929E-04,-8.635638E-09
1708278938
-5.962550E-05,-8.621465E-09
1708278948
-1.113346E-04,-8.561853E-09
1708278958
-1.513690E-04,-8.019930E-09
1708278969
-1.705523E-04,-8.971629E-09
1708278979
-1.888999E-04,-9.062922E-09
1708278989
-6.296383E-05,-8.573940E-09
1708278999
-9.298893E-05,-9.142542E-09
1708279010
-1.346891E-04,-9.169222E-09
1708279020
-7.547410E-05,-9.265516E-09
1708279030
-1.321852E-04,-9.414756E-09
1708279040
-1.163414E-04,-9.175890E-09
1708279051
-1.688823E-04,-1.000670E-08
1708279061
-1.822259E-04,-8.528922E-09
1708279071
-2.122522E-04,-9.056670E-09
1708279082
-1.914034E-04,-9.060837E-09
1708279092
-2.289320E-04,-8.068704E-09
1708279102
-1.630452E-04,-9.145879E-09
1708279112
-2.189244E-04,-8.520583E-09
1708279122
-1.822276E-04,-8.937863E-09
1708279133
-2.172561E-04,-9.065841E-09
1708279143
-2.005772E-04,-8.719009E-09
1708279153
-1.597075E-04,-8.539343E-09
1708279163
-1.947385E-04,-7.868608E-09
1708279174
-2.039119E-04,-8.516832E-09
1708279184
-1.405257E-04,-8.222942E-09
1708279194
-1.538692E-04,-9.213411E-09
1708279204
-1.547049E-04,-8.580612E-09
1708279215
-9.215176E-05,-8.495572E-09
1708279225
-1.480330E-04,-8.396774E-09
1708279235
-9.548804E-05,-8.216690E-09
1708279246
-1.238445E-04,-8.584364E-09
1708279256
-1.405242E-04,-8.893678E-09
1708279266
-1.088320E-04,-8.862830E-09
1708279276
-1.246777E-04,-8.428875E-09
1708279287
-1.238450E-04,-7.960736E-09
1708279297
-7.880712E-05,-8.895345E-09
1708279307
-6.963182E-05,-7.777317E-09
1708279318
-8.881567E-05,-8.611460E-09
1708279328
-1.647116E-04,-8.947453E-09
1708279338
-1.155077E-04,-9.310954E-09
1708279348
-1.096667E-04,-9.207993E-09
1708279358
-1.271816E-04,-9.486456E-09
1708279369
-5.712230E-05,-8.135403E-09
1708279379
-9.799031E-05,-9.020403E-09
1708279389
-1.413600E-04,-8.794046E-09
1708279400
-1.071643E-04,-9.299702E-09
1708279410
-1.630444E-04,-8.768618E-09
1708279420
-2.055815E-04,-8.939530E-09
1708279431
-1.388579E-04,-8.763198E-09
1708279441
-1.722168E-04,-8.672741E-09
1708279451
-2.005765E-04,-9.105026E-09
1708279461
-1.305164E-04,-8.340082E-09
1708279472
-2.147541E-04,-8.898678E-09
1708279482
-1.280143E-04,-9.023739E-09
1708279492
-4.544482E-05,-8.627303E-09
1708279503
-9.215167E-05,-8.598954E-09
1708279513
-1.146688E-04,-8.774456E-09
1708279523
-1.196743E-04,-8.529756E-09
1708279533
-8.964809E-05,-8.683579E-09
1708279544
-1.246774E-04,-8.696085E-09
1708279554
-8.964651E-05,-9.824121E-09
1708279564
-1.955722E-04,-9.369734E-09
1708279575
-1.105002E-04,-8.699836E-09
1708279585
-1.096671E-04,-9.154633E-09
1708279595
-6.129257E-05,-9.409755E-09
1708279605
-1.246786E-04,-9.032493E-09
1708279616
-1.413609E-04,-1.026599E-08
1708279626
-1.530369E-04,-1.006923E-08
1708279636
-1.088320E-04,-9.547737E-09
1708279647
-1.271808E-04,-1.005756E-08
1708279657
-1.313515E-04,-1.054029E-08
1708279667
-1.413600E-04,-1.048026E-08
1708279677
-1.597085E-04,-8.403444E-09
1708279688
-7.046694E-05,-8.837401E-09
1708279698
-1.038271E-04,-9.055005E-09
1708279708
-1.488661E-04,-9.329717E-09
1708279718
-1.255140E-04,-8.594784E-09
1708279729
-1.155034E-04,-9.580670E-09
1708279739
-1.221771E-04,-9.594008E-09
1708279749
-1.230131E-04,-9.221329E-09
1708279760
-1.613730E-04,-9.479791E-09
1708279770
-1.763878E-04,-8.796131E-09
1708279780
-1.913999E-04,-8.889926E-09
1708279790
-1.822268E-04,-9.780346E-09
1708279801
-1.914005E-04,-9.003729E-09
1708279811
-1.980725E-04,-1.034937E-08
1708279821
-1.972382E-04,-9.739911E-09
1708279832
-2.205907E-04,-1.002796E-08
1708279842
-2.180893E-04,-9.938338E-09
1708279852
-1.872316E-04,-1.020805E-08
1708279862
-1.964062E-04,-9.885395E-09
1708279872
-2.531215E-04,-1.019679E-08
1708279883
-2.039125E-04,-9.857048E-09
1708279893
-2.114193E-04,-1.021722E-08
1708279903
-1.563733E-04,-1.013468E-08
1708279914
-1.438646E-04,-1.012967E-08
1708279924
-1.572081E-04,-9.443101E-09
1708279934
-1.188431E-04,-9.592338E-09
1708279944
-3.960952E-05,-9.127120E-09
1708279955
-6.129556E-05,-8.307981E-09
1708279965
-6.296169E-05,-9.508968E-09
1708279975
-1.246802E-04,-9.239672E-09
1708279985
-1.363552E-04,-9.711564E-09
1708279996
-1.363560E-04,-9.484372E-09
1708280006
-1.655494E-04,-9.817443E-09
1708280016
-1.180091E-04,-9.686549E-09
1708280026
-6.880146E-05,-1.026474E-08
1708280036
-4.294841E-05,-1.022430E-08
1708280047
-7.630764E-05,-9.348891E-09
1708280057
-6.796783E-05,-9.528141E-09
1708280067
-6.963462E-05,-9.353476E-09
1708280077
-6.963396E-05,-9.855798E-09
1708280088
-1.188407E-04,-9.048334E-09
1708280098
-1.547053E-04,-8.799464E-09
1708280108
-1.863959E-04,-9.213412E-09
1708280118
-1.230100E-04,-8.533091E-09
1708280129
-1.421938E-04,-8.857826E-09
1708280139
-1.330193E-04,-9.626940E-09
1708280149
-1.597083E-04,-8.936613E-09
1708280159
-1.346880E-04,-9.474784E-09
1708280170
-2.080817E-04,-9.942505E-09
1708280180
-2.406085E-04,-1.001337E-08
1708280190
-2.047454E-04,-9.684051E-09
1708280200
-1.672149E-04,-1.068160E-08
1708280211
-2.205918E-04,-1.021889E-08
1708280221
-1.888990E-04,-1.063867E-08
1708280231
-1.797253E-04,-1.051486E-08
1708280242
-1.130030E-04,-9.924998E-09
1708280252
-9.715716E-05,-1.043607E-08
1708280262
-1.271819E-04,-9.489791E-09
1708280273
-9.965916E-05,-8.704003E-09
1708280283
-9.882702E-05,-9.426426E-09
1708280293
-1.446984E-04,-1.022514E-08
1708280303
-1.063305E-04,-1.065076E-08
1708280313
-1.246779E-04,-1.021222E-08
1708280324
-1.413612E-04,-9.150463E-09
1708280334
-9.131739E-05,-9.665293E-09
1708280344
-8.381102E-05,-1.008966E-08
1708280355
-1.063303E-04,-1.059573E-08
1708280365
-1.563719E-04,-9.541483E-09
1708280375
-1.205074E-04,-1.032185E-08
1708280385
-1.155058E-04,-1.008174E-08
1708280396
-7.463861E-05,-9.588171E-09
1708280406
-5.128654E-05,-9.679046E-09
1708280416
-1.196776E-04,-9.641528E-09
1708280427
-1.029976E-04,-1.083042E-08
1708280437
-6.713234E-05,-1.007924E-08
1708280447
-1.305175E-04,-1.007340E-08
1708280457
-8.214517E-05,-9.557323E-09
1708280468
-7.880712E-05,-9.684468E-09
1708280478
-7.380247E-05,-9.911242E-09
1708280488
-1.713845E-04,-9.876224E-09
1708280498
-1.188416E-04,-9.950009E-09
1708280509
-8.965340E-05,-9.965847E-09
1708280519
-1.054982E-04,-1.010508E-08
1708280529
-7.297071E-05,-1.018387E-08
1708280539
-1.313536E-04,-1.004839E-08
1708280550
-8.714907E-05,-9.714063E-09
1708280560
-1.029951E-04,-9.350559E-09
1708280570
-1.421948E-04,-9.858715E-09
1708280581
-1.180069E-04,-9.533562E-09
1708280591
-1.455296E-04,-8.972881E-09
1708280601
-1.346867E-04,-9.499381E-09
1708280611
-8.380813E-05,-9.003733E-09
1708280621
-1.288471E-04,-9.488543E-09
1708280632
-1.146700E-04,-9.951261E-09
1708280642
-8.965041E-05,-9.170474E-09
1708280652
-7.880582E-05,-9.271357E-09
1708280662
-5.712127E-05,-1.037563E-08
1708280672
-6.296076E-05,-9.280527E-09
1708280683
-8.547781E-05,-9.172560E-09
1708280693
-1.388557E-04,-9.135876E-09
1708280703
-6.796326E-05,-7.742718E-09
1708280714
-1.413569E-04,-8.339250E-09
1708280724
-7.380089E-05,-8.711093E-09
1708280734
-9.048339E-05,-8.821143E-09
1708280744
-1.513637E-04,-8.930365E-09
1708280754
-9.965729E-05,-9.890399E-09
1708280765
-5.878992E-05,-9.804525E-09
1708280775
-1.713831E-04,-8.286308E-09
1708280785
-2.289343E-04,-8.825309E-09
1708280795
-1.455293E-04,-9.753667E-09
1708280806
-1.972381E-04,-9.355980E-09
1708280816
-1.755518E-04,-8.988307E-09
1708280826
-1.455288E-04,-9.541484E-09
1708280836
-1.580387E-04,-9.457695E-09
1708280847
-1.263464E-04,-9.045416E-09
1708280857
-1.480306E-04,-1.000545E-08
1708280867
-1.363528E-04,-1.022306E-08
1708280878
-1.271794E-04,-9.457695E-09
1708280888
-1.622078E-04,-9.580254E-09
1708280898
-1.413577E-04,-9.989614E-09
1708280908
-1.388560E-04,-1.020346E-08
1708280919
-1.205082E-04,-1.057114E-08
1708280929
-1.872316E-04,-9.589004E-09
1708280939
-2.130850E-04,-8.548097E-09
1708280949
-1.613745E-04,-9.304290E-09
1708280960
-1.955707E-04,-1.005298E-08
1708280970
-2.139197E-04,-9.842042E-09
1708280980
-2.180887E-04,-1.074247E-08
1708280990
-1.888985E-04,-9.890815E-09
1708281001
-2.597891E-04,-1.005048E-08
1708281011
-2.948181E-04,-1.132316E-08
1708281021
-1.713840E-04,-1.001296E-08
1708281031
-1.872313E-04,-9.627357E-09
1708281042
-1.763896E-04,-1.059490E-08
1708281052
-2.389406E-04,-9.215078E-09
1708281062
-1.847285E-04,-9.714065E-09
1708281073
-1.947377E-04,-1.026933E-08
1708281083
-2.055774E-04,-1.007841E-08
1708281093
-1.847283E-04,-9.533980E-09
1708281103
-1.930687E-04,-9.223833E-09
1708281114
-1.797257E-04,-9.087101E-09
1708281124
-1.538702E-04,-8.843235E-09
1708281134
-1.088334E-04,-9.734907E-09
1708281145
-1.505348E-04,-1.006173E-08
1708281155
-2.089164E-04,-1.049318E-08
1708281165
-1.497012E-04,-9.164220E-09
1708281175
-2.039102E-04,-1.064367E-08
1708281186
-1.697165E-04,-9.176727E-09
1708281196
-1.622098E-04,-9.310541E-09
1708281206
-2.022428E-04,-9.160887E-09
1708281217
-1.638797E-04,-9.203405E-09
1708281227
-1.505343E-04,-9.132957E-09
1708281237
-1.346864E-04,-9.636529E-09
1708281248
-1.438623E-04,-9.500630E-09
1708281258
-5.712323E-05,-1.007549E-08
1708281268
-2.292925E-05,-9.420175E-09
1708281279
-1.105011E-04,-1.047609E-08
1708281289
-1.013245E-04,-9.644867E-09
1708281299
-1.230091E-04,-1.037021E-08
1708281309
-8.798055E-05,-1.008758E-08
1708281320
-7.129945E-05,-1.030560E-08
1708281330
-1.513677E-04,-9.835373E-09
1708281340
-1.096657E-04,-1.030143E-08
1708281351
-1.421914E-04,-1.053862E-08
1708281361
-1.021587E-04,-1.005423E-08
1708281371
-1.838933E-04,-9.930836E-09
1708281381
-1.805575E-04,-9.657789E-09
1708281391
-1.338504E-04,-9.699478E-09
1708281402
-2.064123E-04,-1.020305E-08
1708281412
-1.730521E-04,-9.419343E-09
1708281422
-1.421932E-04,-1.070162E-08
1708281432
-1.830598E-04,-1.085377E-08
1708281443
-1.096649E-04,-1.032561E-08
1708281453
-1.588746E-04,-1.036687E-08
1708281463
-1.346868E-04,-1.011217E-08
1708281473
-6.629685E-05,-1.068828E-08
1708281484
-1.013244E-04,-1.001963E-08
1708281494
-5.378518E-05,-9.872475E-09
1708281504
-4.461110E-05,-9.588590E-09
1708281514
-2.793260E-05,-1.003797E-08
1708281525
-7.380331E-05,-9.774510E-09
1708281535
-1.480302E-04,-1.071537E-08
1708281545
-1.288494E-04,-1.071620E-08
1708281555
-1.647111E-04,-1.067577E-08
1708281566
-1.029952E-04,-1.048276E-08
1708281576
-6.796587E-05,-1.037313E-08
1708281586
-1.780557E-04,-1.028267E-08
1708281597
-1.513641E-04,-1.019555E-08
1708281607
-1.772214E-04,-9.452692E-09
1708281617
-2.239265E-04,-1.007132E-08
1708281627
-2.222592E-04,-9.729489E-09
1708281637
-2.064117E-04,-1.050903E-08
1708281647
-2.055762E-04,-9.622358E-09
1708281658
-1.421939E-04,-9.306789E-09
1708281668
-1.104981E-04,-9.404337E-09
1708281678
-6.546024E-05,-9.724072E-09
1708281688
-1.255113E-04,-1.021722E-08
1708281699
-1.446933E-04,-9.533565E-09
1708281709
-1.897313E-04,-1.028267E-08
1708281719
-1.330166E-04,-1.053487E-08
1708281730
-1.130033E-04,-1.107763E-08
1708281740
-1.238452E-04,-1.221942E-08
1708281750
-1.488661E-04,-1.231946E-08
1708281760
-1.013273E-04,-1.027308E-08
1708281770
-9.965831E-05,-1.030018E-08
1708281781
-1.421930E-04,-1.007257E-08
1708281791
-1.638793E-04,-1.080750E-08
1708281801
-1.405238E-04,-1.107888E-08
1708281812
-1.263474E-04,-1.076039E-08
1708281822
-9.382078E-05,-9.646115E-09
1708281832
-1.021608E-04,-9.946675E-09
1708281843
-6.212601E-05,-9.777013E-09
1708281853
-7.630438E-05,-1.147073E-08
1708281863
-7.880693E-05,-1.014510E-08
1708281873
-6.045774E-05,-1.046609E-08
1708281884
-1.230126E-04,-1.042690E-08
1708281894
-1.522031E-04,-1.015511E-08
1708281904
-1.355211E-04,-9.924999E-09
1708281915
-1.321873E-04,-9.837871E-09
1708281925
-7.130308E-05,-9.186314E-09
1708281935
-7.797442E-05,-1.036729E-08
1708281945
-7.714024E-05,-9.916243E-09
1708281955
-2.793176E-05,-8.828230E-09
1708281966
-9.632036E-05,-9.340557E-09
1708281976
-1.880637E-04,-1.068411E-08
1708281986
-1.413611E-04,-9.711562E-09
1708281997
-1.421918E-04,-9.870391E-09
1708282007
-1.813914E-04,-1.000670E-08
1708282017
-8.131033E-05,-8.993724E-09
1708282028
-4.127668E-05,-9.283444E-09
1708282038
-1.521996E-04,-9.012485E-09
1708282048
-1.163374E-04,-9.262603E-09
1708282058
-9.381762E-05,-9.822869E-09
1708282068
-1.205063E-04,-8.890344E-09
1708282079
-1.480308E-04,-8.614796E-09
1708282089
-1.805576E-04,-9.577334E-09
1708282099
-8.548014E-05,-9.195070E-09
1708282110
-5.462049E-05,-8.767785E-09
1708282120
-4.711477E-05,-9.434349E-09
1708282130
-4.294450E-05,-9.547737E-09
1708282140
-5.295295E-05,-8.786960E-09
1708282150
-9.715660E-05,-9.446021E-09
1708282161
-1.305183E-04,-9.128370E-09
1708282171
-1.655473E-04,-8.890757E-09
1708282181
-1.497003E-04,-8.433876E-09
1708282191
-9.382125E-05,-8.957873E-09
1708282201
-1.722187E-04,-8.622715E-09
1708282212
-1.997401E-04,-9.033744E-09
1708282222
-1.997416E-04,-8.850322E-09
1708282232
-1.763874E-04,-9.413507E-09
1708282242
-1.088336E-04,-9.069592E-09
1708282253
-1.497003E-04,-9.455192E-09
1708282263
-1.088335E-04,-9.254681E-09
1708282273
-1.413610E-04,-9.762419E-09
1708282283
-1.547043E-04,-1.046400E-08
1708282293
-1.522012E-04,-1.097424E-08
1708282304
-1.822253E-04,-9.851214E-09
1708282314
-1.730502E-04,-1.091839E-08
1708282324
-1.655437E-04,-9.972522E-09
1708282335
-9.715464E-05,-9.861636E-09
1708282345
-1.605425E-04,-9.334301E-09
1708282355
-1.121689E-04,-8.889925E-09
1708282365
-1.038258E-04,-9.063760E-09
1708282376
-8.131024E-05,-1.030184E-08
1708282386
-8.798121E-05,-9.987529E-09
1708282396
-4.794803E-05,-8.846990E-09
1708282406
-1.171727E-04,-9.757419E-09
1708282417
-1.471990E-04,-9.274272E-09
1708282427
-1.605410E-04,-9.219248E-09
1708282437
-1.688840E-04,-9.214660E-09
1708282447
-9.632204E-05,-9.098358E-09
1708282458
-9.965869E-05,-9.036244E-09
1708282468
-1.088329E-04,-9.652369E-09
1708282478
-8.631372E-05,-9.222999E-09
1708282488
-1.113343E-04,-1.008174E-08
1708282499
-5.045068E-05,-9.824534E-09
1708282509
+8.762162E-06,-9.235086E-09
1708282519
-5.795779E-05,-8.962042E-09
1708282530
-1.305178E-04,-8.829063E-09
1708282540
-8.464511E-05,-8.916605E-09
1708282550
-1.021633E-04,-8.258791E-09
1708282560
-1.196748E-04,-9.099608E-09
1708282570
-9.382134E-05,-8.249621E-09
1708282581
-1.388572E-04,-9.253847E-09
1708282591
-1.246795E-04,-9.764088E-09
1708282601
-1.346874E-04,-8.705254E-09
1708282612
-1.071648E-04,-8.812806E-09
1708282622
-1.255137E-04,-8.584363E-09
1708282632
-1.688822E-04,-8.443881E-09
1708282642
-1.680478E-04,-9.604847E-09
1708282652
-2.064130E-04,-8.933279E-09
1708282663
-1.230103E-04,-8.391357E-09
1708282673
-2.139200E-04,-8.464307E-09
1708282683
-1.255139E-04,-8.878252E-09
1708282693
-1.747212E-04,-8.925358E-09
1708282704
-1.363554E-04,-7.655592E-09
1708282714
-1.263469E-04,-8.597286E-09
1708282724
-1.488643E-04,-9.352229E-09
1708282735
-1.672133E-04,-9.600678E-09
1708282745
-1.530370E-04,-8.859493E-09
1708282755
-1.572048E-04,-9.676965E-09
1708282766
-1.863970E-04,-8.410532E-09
1708282776
-1.296832E-04,-8.846571E-09
1708282786
-1.313500E-04,-8.309235E-09
1708282796
-9.382004E-05,-9.757835E-09
1708282807
-1.672134E-04,-9.413507E-09
1708282817
-1.230106E-04,-9.595676E-09
1708282827
-1.255100E-04,-9.543988E-09
1708282838
-1.096649E-04,-9.134626E-09
1708282848
-7.380107E-05,-7.800662E-09
1708282858
-3.126487E-05,-9.330137E-09
1708282869
-5.628616E-05,-9.122955E-09
1708282879
-9.048106E-05,-9.458113E-09
1708282889
-1.263459E-04,-9.028325E-09
1708282899
-1.079948E-04,-1.000796E-08
1708282910
-1.213390E-04,-9.894988E-09
1708282920
-1.330180E-04,-9.587756E-09
1708282930
-1.054953E-04,-8.688998E-09
1708282940
-7.296614E-05,-9.167560E-09
1708282951
-1.088314E-04,-9.719902E-09
1708282961
-1.388546E-04,-9.150050E-09
1708282971
-1.822266E-04,-1.007840E-08
1708282982
-1.121682E-04,-8.705672E-09
1708282992
-1.130008E-04,-9.116701E-09
1708283002
-1.638768E-04,-9.948760E-09
1708283012
-1.296816E-04,-8.719846E-09
1708283022
-8.797953E-05,-8.994560E-09
1708283033
-9.548664E-05,-8.721097E-09
1708283043
-8.631367E-05,-9.048751E-09
1708283053
-1.096657E-04,-9.997533E-09
1708283063
-1.822263E-04,-8.506411E-09
1708283074
-1.638767E-04,-9.490628E-09
1708283084
-1.305174E-04,-9.388077E-09
1708283094
-1.321835E-04,-9.285114E-09
1708283105
-8.881567E-05,-9.343056E-09
1708283115
-1.221756E-04,-9.833289E-09
