1704784439
-9.993191E-01,-1.269156E-08
1704784450
-9.992716E-01,-1.391865E-08
1704784460
-9.992924E-01,-1.405161E-08
1704784470
-9.994413E-01,-1.417958E-08
1704784481
-9.993503E-01,-1.473686E-08
1704784491
-9.993779E-01,-1.507990E-08
1704784501
-9.993869E-01,-1.352310E-08
1704784511
-9.994032E-01,-1.418208E-08
1704784522
-9.994127E-01,-1.450386E-08
1704784532
-9.993967E-01,-1.527788E-08
1704784542
-9.994172E-01,-1.498945E-08
1704784553
-9.993634E-01,-1.508906E-08
1704784563
-9.993386E-01,-1.498570E-08
1704784573
-9.992465E-01,-1.511574E-08
1704784583
-9.993407E-01,-1.518701E-08
1704784594
-9.992731E-01,-1.560299E-08
1704784604
-9.992771E-01,-1.596353E-08
1704784614
-9.993766E-01,-1.671379E-08
1704784625
-9.993894E-01,-1.611067E-08
1704784635
-9.993476E-01,-1.623946E-08
1704784645
-9.993694E-01,-1.655833E-08
1704784656
-9.993690E-01,-1.611817E-08
1704784666
-9.993460E-01,-1.641620E-08
1704784676
-9.994152E-01,-1.732151E-08
1704784686
-9.993750E-01,-1.705725E-08
1704784697
-9.994017E-01,-1.679883E-08
1704784707
-9.994141E-01,-1.788921E-08
1704784717
-9.993566E-01,-1.829977E-08
1704784727
-9.992885E-01,-1.769830E-08
1704784738
-9.992875E-01,-1.786878E-08
1704784748
-9.993247E-01,-1.703099E-08
1704784758
-9.993956E-01,-1.821432E-08
1704784768
-9.993783E-01,-1.879327E-08
1704784779
-9.993458E-01,-1.908712E-08
1704784789
-9.992995E-01,-1.780458E-08
1704784799
-9.993750E-01,-1.857986E-08
1704784810
-9.994401E-01,-1.922592E-08
1704784820
-9.993434E-01,-1.947351E-08
1704784830
-9.994078E-01,-1.049704E-08
1704784840
-9.993542E-01,-1.060041E-08
1704784851
-9.993134E-01,-1.117686E-08
1704784861
-9.994569E-01,-9.811804E-09
1704784871
-9.993469E-01,-1.066293E-08
1704784882
-9.992780E-01,-1.070044E-08
1704784892
-9.993019E-01,-9.906830E-09
1704784902
-9.993579E-01,-1.175914E-08
1704784913
-9.993364E-01,-9.775536E-09
1704784923
-9.993895E-01,-1.066377E-08
1704784933
-9.993170E-01,-1.043327E-08
1704784943
-9.993457E-01,-1.054914E-08
1704784954
-9.993962E-01,-1.191295E-08
1704784964
-9.992940E-01,-1.193754E-08
1704784974
-9.993241E-01,-1.203716E-08
1704784985
-9.993305E-01,-1.190711E-08
1704784995
-9.992651E-01,-1.164995E-08
1704785005
-9.993426E-01,-1.097429E-08
1704785015
-9.992957E-01,-1.165078E-08
1704785026
-9.993493E-01,-1.203258E-08
1704785036
-9.993951E-01,-1.058666E-08
1704785046
-9.992819E-01,-1.183668E-08
1704785057
-9.992513E-01,-1.224141E-08
1704785067
-9.993337E-01,-1.247357E-08
1704785077
-9.994078E-01,-1.165870E-08
1704785087
-9.994242E-01,-1.247773E-08
1704785098
-9.993525E-01,-1.195463E-08
1704785108
-9.993036E-01,-1.295290E-08
1704785118
-9.993687E-01,-1.173873E-08
1704785129
-9.993411E-01,-1.208427E-08
1704785139
-9.993145E-01,-1.273033E-08
1704785149
-9.992892E-01,-1.246273E-08
1704785159
-9.993767E-01,-1.317423E-08
1704785170
-9.993094E-01,-1.309962E-08
1704785180
-9.992966E-01,-1.259277E-08
1704785190
-9.992859E-01,-1.277325E-08
1704785200
-9.992865E-01,-1.285078E-08
1704785211
-9.993899E-01,-1.256109E-08
1704785221
-9.993412E-01,-1.379528E-08
1704785231
-9.994453E-01,-1.264113E-08
1704785242
-9.994071E-01,-1.292956E-08
1704785252
-9.992947E-01,-1.278826E-08
1704785262
-9.993327E-01,-1.309628E-08
1704785272
-9.993664E-01,-1.289539E-08
1704785283
-9.992511E-01,-1.353394E-08
1704785293
-9.992681E-01,-1.240730E-08
1704785303
-9.992790E-01,-1.283912E-08
1704785314
-9.993513E-01,-1.281827E-08
1704785324
-9.993641E-01,-1.207552E-08
1704785334
-9.993659E-01,-1.373944E-08
1704785345
-9.993640E-01,-1.311505E-08
1704785355
-9.993234E-01,-1.383072E-08
1704785365
-9.993658E-01,-1.455013E-08
1704785375
-9.993362E-01,-1.369400E-08
1704785386
-9.993322E-01,-1.462516E-08
1704785396
-9.993529E-01,-1.403662E-08
1704785406
-9.993309E-01,-1.419833E-08
1704785417
-9.993443E-01,-1.410247E-08
1704785427
-9.993877E-01,-1.376860E-08
1704785437
-9.994094E-01,-1.409830E-08
1704785447
-9.993424E-01,-1.414081E-08
1704785458
-9.993648E-01,-1.429670E-08
1704785468
-9.994289E-01,-1.451636E-08
1704785478
-9.993721E-01,-1.505071E-08
1704785489
-9.994177E-01,-1.432171E-08
1704785499
-9.993336E-01,-1.567802E-08
1704785509
-9.993575E-01,-1.477979E-08
1704785520
-9.993689E-01,-1.486189E-08
1704785530
-9.993589E-01,-1.448718E-08
1704785540
-9.994338E-01,-1.490232E-08
1704785550
-9.993785E-01,-1.402326E-08
1704785561
-9.993714E-01,-1.414331E-08
1704785571
-9.993159E-01,-1.503780E-08
1704785581
-9.992628E-01,-1.437965E-08
1704785592
-9.993435E-01,-1.409747E-08
1704785602
-9.993511E-01,-1.441216E-08
1704785612
-9.993433E-01,-1.441674E-08
1704785622
-9.993924E-01,-1.436464E-08
1704785633
-9.993315E-01,-1.465224E-08
1704785643
-9.993310E-01,-1.411497E-08
1704785653
-9.992962E-01,-1.470476E-08
1704785664
-9.993573E-01,-1.508823E-08
1704785674
-9.993883E-01,-1.503196E-08
1704785684
-9.993590E-01,-1.480354E-08
1704785695
-9.993691E-01,-1.428086E-08
1704785705
-9.994249E-01,-1.573095E-08
1704785715
-9.994465E-01,-1.639868E-08
1704785725
-9.994500E-01,-1.433630E-08
1704785736
-9.994404E-01,-1.500861E-08
1704785746
-9.993436E-01,-1.570844E-08
1704785756
-9.992799E-01,-1.573262E-08
1704785767
-9.993476E-01,-1.573762E-08
1704785777
-9.994308E-01,-1.588267E-08
1704785787
-9.994413E-01,-1.591810E-08
1704785797
-9.993096E-01,-1.574095E-08
1704785808
-9.994298E-01,-1.550461E-08
1704785818
-9.994296E-01,-1.591268E-08
1704785828
-9.993178E-01,-1.547169E-08
1704785839
-9.993614E-01,-1.622070E-08
1704785849
-9.993306E-01,-1.616610E-08
1704785859
-9.993854E-01,-1.465932E-08
1704785869
-9.993435E-01,-1.527829E-08
1704785879
-9.994612E-01,-1.482355E-08
1704785890
-9.993402E-01,-1.556213E-08
1704785900
-9.993133E-01,-1.581140E-08
1704785910
-9.992878E-01,-1.503279E-08
1704785921
-9.992846E-01,-1.613317E-08
1704785931
-9.992885E-01,-1.616318E-08
1704785941
-9.993991E-01,-1.543418E-08
1704785951
-9.993948E-01,-1.574720E-08
1704785962
-9.993403E-01,-1.526871E-08
1704785972
-9.993957E-01,-1.498819E-08
1704785982
-9.993949E-01,-1.486773E-08
1704785992
-9.994311E-01,-1.600522E-08
1704786003
-9.994197E-01,-1.585391E-08
1704786013
-9.993848E-01,-1.572636E-08
1704786023
-9.994342E-01,-1.568219E-08
1704786034
-9.992269E-01,-1.528830E-08
1704786044
-9.992961E-01,-1.583391E-08
1704786054
-9.993182E-01,-1.527704E-08
1704786065
-9.992717E-01,-1.601272E-08
1704786075
-9.994124E-01,-1.527871E-08
1704786085
-9.993783E-01,-1.579764E-08
1704786095
-9.994572E-01,-1.649246E-08
1704786106
-9.994443E-01,-1.626989E-08
1704786116
-9.993889E-01,-1.592393E-08
1704786126
-9.993876E-01,-1.522286E-08
1704786137
-9.993712E-01,-1.617318E-08
1704786147
-9.993707E-01,-1.567885E-08
1704786157
-9.993153E-01,-1.485814E-08
1704786167
-9.993418E-01,-1.603563E-08
1704786178
-9.992912E-01,-1.614067E-08
1704786188
-9.993085E-01,-1.624362E-08
1704786198
-9.993829E-01,-1.641743E-08
1704786209
-9.993925E-01,-1.418458E-08
1704786219
-9.993419E-01,-1.631866E-08
1704786229
-9.993228E-01,-1.690052E-08
1704786240
-9.993572E-01,-1.573303E-08
1704786250
-9.994140E-01,-1.656874E-08
1704786260
-9.994178E-01,-1.554255E-08
1704786270
-9.992719E-01,-1.725022E-08
1704786281
-9.993436E-01,-1.718270E-08
1704786291
-9.993567E-01,-1.577721E-08
1704786301
-9.993117E-01,-1.591809E-08
1704786312
-9.993440E-01,-1.505487E-08
1704786322
-9.993511E-01,-1.675255E-08
1704786332
-9.993151E-01,-1.582973E-08
1704786343
-9.993316E-01,-1.593518E-08
1704786353
-9.993881E-01,-1.482687E-08
1704786363
-9.993441E-01,-1.515449E-08
1704786373
-9.993367E-01,-1.551670E-08
1704786384
-9.993613E-01,-1.596935E-08
1704786394
-9.993316E-01,-1.579179E-08
1704786404
-9.993186E-01,-1.623779E-08
1704786415
-9.993193E-01,-1.605647E-08
1704786425
-9.992979E-01,-1.596351E-08
1704786435
-9.993489E-01,-1.614066E-08
1704786445
-9.993450E-01,-1.661000E-08
1704786456
-9.994317E-01,-1.584765E-08
1704786466
-9.994074E-01,-1.573469E-08
1704786476
-9.994863E-01,-1.677088E-08
1704786487
-9.994422E-01,-1.700596E-08
1704786497
-9.993643E-01,-1.705015E-08
1704786507
-9.994150E-01,-1.720729E-08
1704786518
-9.992892E-01,-1.723146E-08
1704786528
-9.993646E-01,-1.788168E-08
1704786538
-9.994109E-01,-1.690177E-08
1704786548
-9.994277E-01,-1.635199E-08
1704786559
-9.994058E-01,-1.667460E-08
1704786569
-9.994296E-01,-1.542416E-08
1704786579
-9.994250E-01,-1.682549E-08
1704786590
-9.994006E-01,-1.685174E-08
1704786600
-9.994169E-01,-1.584681E-08
1704786610
-9.994491E-01,-1.754322E-08
1704786621
-9.993663E-01,-1.707599E-08
1704786631
-9.993995E-01,-1.633656E-08
1704786641
-9.993943E-01,-1.713517E-08
1704786651
-9.993901E-01,-1.611398E-08
1704786661
-9.994446E-01,-1.714226E-08
1704786672
-9.993702E-01,-1.692551E-08
1704786682
-9.993606E-01,-1.719936E-08
1704786692
-9.993692E-01,-1.678464E-08
1704786703
-9.993520E-01,-1.787209E-08
1704786713
-9.993848E-01,-1.735900E-08
1704786723
-9.993839E-01,-1.716894E-08
1704786734
-9.993196E-01,-1.735900E-08
1704786744
-9.994439E-01,-1.761451E-08
1704786754
-9.993963E-01,-1.653872E-08
1704786764
-9.993429E-01,-1.741444E-08
1704786775
-9.994071E-01,-1.747862E-08
1704786785
-9.994568E-01,-1.727063E-08
1704786795
-9.993287E-01,-1.775664E-08
1704786806
-9.994389E-01,-1.717977E-08
1704786816
-9.993420E-01,-1.823764E-08
1704786826
-9.993521E-01,-1.663041E-08
1704786837
-9.993339E-01,-1.760409E-08
1704786847
-9.993399E-01,-1.837811E-08
1704786857
-9.993799E-01,-1.619027E-08
1704786867
-9.993272E-01,-1.721270E-08
1704786878
-9.993583E-01,-1.766161E-08
1704786888
-9.993059E-01,-1.669711E-08
1704786898
-9.994442E-01,-1.631114E-08
1704786909
-9.994414E-01,-1.588099E-08
1704786919
-9.994368E-01,-1.746863E-08
1704786929
-9.994585E-01,-1.684633E-08
1704786940
-9.995533E-01,-1.807592E-08
1704786950
-9.994783E-01,-1.758617E-08
1704786960
-9.993655E-01,-1.871656E-08
1704786970
-9.994120E-01,-1.718770E-08
1704786981
-9.993778E-01,-1.780584E-08
1704786991
-9.994166E-01,-1.850441E-08
1704787001
-9.993589E-01,-1.846565E-08
1704787012
-9.993290E-01,-1.708016E-08
1704787022
-9.993608E-01,-1.850441E-08
1704787032
-9.994573E-01,-1.933137E-08
1704787042
-9.993819E-01,-1.893915E-08
1704787053
-9.994584E-01,-1.916797E-08
1704787063
-9.993300E-01,-2.001368E-08
1704787073
-9.993899E-01,-2.036464E-08
1704787084
-9.993522E-01,-1.875409E-08
1704787094
-9.994052E-01,-1.902501E-08
1704787104
-9.993775E-01,-1.857526E-08
1704787115
-9.992914E-01,-1.790128E-08
1704787125
-9.993995E-01,-1.829349E-08
1704787135
-9.993510E-01,-1.844356E-08
1704787145
-9.994472E-01,-1.881743E-08
1704787156
-9.993421E-01,-1.953893E-08
1704787166
-9.994456E-01,-2.052677E-08
1704787176
-9.993569E-01,-1.892496E-08
1704787187
-9.994726E-01,-1.823973E-08
1704787197
-9.994757E-01,-1.919673E-08
1704787207
-9.994732E-01,-1.833476E-08
1704787218
-9.994249E-01,-1.883160E-08
1704787228
-9.993873E-01,-1.834893E-08
1704787238
-9.994664E-01,-1.987529E-08
1704787248
-9.994748E-01,-1.932052E-08
1704787259
-9.994528E-01,-2.028919E-08
1704787269
-9.993856E-01,-1.926967E-08
1704787279
-9.994189E-01,-2.066223E-08
1704787290
-9.993426E-01,-1.960312E-08
1704787300
-9.994297E-01,-2.071517E-08
1704787310
-9.994494E-01,-2.021166E-08
1704787321
-9.994646E-01,-1.948891E-08
1704787331
-9.994678E-01,-1.968231E-08
1704787341
-9.995326E-01,-1.998741E-08
1704787351
-9.995238E-01,-1.909127E-08
1704787362
-9.994444E-01,-2.086188E-08
1704787372
-9.993363E-01,-1.997491E-08
1704787382
-9.993916E-01,-2.013247E-08
1704787393
-9.994689E-01,-2.014956E-08
1704787403
-9.994497E-01,-1.974400E-08
1704787413
-9.993947E-01,-1.957644E-08
1704787424
-9.993663E-01,-1.934469E-08
1704787434
-9.993986E-01,-2.016541E-08
1704787444
-9.994285E-01,-1.983154E-08
1704787454
-9.994293E-01,-2.099361E-08
1704787465
-9.993346E-01,-2.068474E-08
1704787475
-9.993958E-01,-2.020957E-08
1704787485
-9.993970E-01,-2.062013E-08
1704787496
-9.993985E-01,-2.107779E-08
1704787506
-9.994110E-01,-2.102819E-08
1704787516
-9.995136E-01,-1.990988E-08
1704787527
-9.994920E-01,-1.968356E-08
1704787537
-9.994219E-01,-2.097817E-08
1704787547
-9.994043E-01,-2.177928E-08
1704787557
-9.994528E-01,-2.181596E-08
1704787568
-9.993752E-01,-2.145876E-08
1704787578
-9.994352E-01,-2.118824E-08
1704787588
-9.994144E-01,-2.111114E-08
1704787599
-9.994227E-01,-2.056136E-08
1704787609
-9.993473E-01,-1.945307E-08
1704787619
-9.993774E-01,-2.051010E-08
1704787630
-9.994958E-01,-1.999242E-08
1704787640
-9.994509E-01,-2.038797E-08
1704787650
-9.994415E-01,-2.028961E-08
1704787660
-9.993953E-01,-2.126494E-08
1704787670
-9.995154E-01,-2.071433E-08
1704787680
-9.994659E-01,-2.128453E-08
1704787691
-9.993712E-01,-2.090023E-08
1704787701
-9.994610E-01,-2.061554E-08
1704787711
-9.994669E-01,-2.064097E-08
1704787722
-9.994202E-01,-2.120492E-08
1704787732
-9.993944E-01,-2.093316E-08
1704787742
-9.994535E-01,-2.003076E-08
1704787752
-9.995407E-01,-2.026708E-08
1704787763
-9.994893E-01,-2.003868E-08
1704787773
-9.994189E-01,-2.108445E-08
1704787783
-9.994146E-01,-2.209896E-08
1704787793
-9.994107E-01,-2.188681E-08
1704787804
-9.993700E-01,-2.251829E-08
1704787814
-9.993889E-01,-2.149334E-08
1704787824
-9.994150E-01,-2.134913E-08
1704787835
-9.995838E-01,-2.326645E-08
1704787845
-9.994743E-01,-2.209731E-08
1704787855
-9.994549E-01,-2.167299E-08
1704787865
-9.994214E-01,-2.270585E-08
1704787875
-9.994730E-01,-2.227736E-08
1704787886
-9.993610E-01,-2.244033E-08
1704787896
-9.994303E-01,-2.220942E-08
1704787906
-9.994724E-01,-2.215649E-08
1704787916
-9.995146E-01,-2.143874E-08
1704787926
-9.995881E-01,-2.105402E-08
1704787937
-9.993809E-01,-2.159797E-08
1704787947
-9.994339E-01,-2.173759E-08
1704787957
-9.994355E-01,-1.991613E-08
1704787968
-9.994534E-01,-1.997364E-08
1704787978
-9.993620E-01,-2.092231E-08
1704787988
-9.995152E-01,-2.065512E-08
1704787998
-9.994929E-01,-2.045464E-08
1704788008
-9.994738E-01,-2.122199E-08
1704788019
-9.994314E-01,-2.154669E-08
1704788029
-9.994380E-01,-2.098775E-08
1704788039
-9.995779E-01,-2.118573E-08
1704788049
-9.994810E-01,-2.099524E-08
1704788060
-9.994555E-01,-2.071390E-08
1704788070
-9.994663E-01,-2.266333E-08
1704788080
-9.995329E-01,-2.144123E-08
1704788090
-9.994894E-01,-2.155002E-08
1704788101
-9.994401E-01,-2.198475E-08
1704788111
-9.994166E-01,-2.183970E-08
1704788121
-9.995435E-01,-2.140372E-08
1704788132
-9.995469E-01,-2.210063E-08
1704788142
-9.994739E-01,-2.168507E-08
1704788152
-9.993857E-01,-2.124659E-08
1704788162
-9.994928E-01,-2.175176E-08
1704788173
-9.995418E-01,-2.220191E-08
1704788183
-9.994995E-01,-2.296551E-08
1704788193
-9.994142E-01,-2.168381E-08
1704788204
-9.994940E-01,-2.222693E-08
1704788214
-9.995335E-01,-2.324269E-08
1704788224
-9.994611E-01,-2.218816E-08
1704788235
-9.993635E-01,-2.176301E-08
1704788245
-9.994957E-01,-2.271417E-08
1704788255
-9.995428E-01,-2.340525E-08
1704788265
-9.995499E-01,-2.142040E-08
1704788276
-9.994327E-01,-2.062262E-08
1704788286
-9.994647E-01,-2.240574E-08
1704788296
-9.993936E-01,-2.239990E-08
1704788307
-9.993445E-01,-2.216232E-08
1704788317
-9.994262E-01,-2.170383E-08
1704788327
-9.994727E-01,-2.274544E-08
1704788337
-9.994768E-01,-2.355530E-08
1704788347
-9.994575E-01,-2.402504E-08
1704788358
-9.994115E-01,-2.329603E-08
1704788368
-9.994401E-01,-2.149958E-08
1704788378
-9.994293E-01,-2.238072E-08
1704788389
-9.994780E-01,-2.169923E-08
1704788399
-9.994565E-01,-2.274209E-08
1704788409
-9.994345E-01,-2.163130E-08
1704788419
-9.993636E-01,-2.163713E-08
1704788429
-9.994273E-01,-2.195475E-08
1704788439
-9.994140E-01,-2.158879E-08
1704788450
-9.995748E-01,-2.113488E-08
1704788460
-9.994827E-01,-2.116822E-08
1704788470
-9.994746E-01,-2.172550E-08
1704788480
-9.994481E-01,-2.178970E-08
1704788491
-9.994302E-01,-2.209689E-08
1704788501
-9.994569E-01,-2.211232E-08
1704788511
-9.994553E-01,-2.021583E-08
1704788521
-9.994314E-01,-2.137955E-08
1704788531
-9.994785E-01,-2.169092E-08
1704788541
-9.995138E-01,-2.093231E-08
1704788552
-9.994714E-01,-2.151335E-08
1704788562
-9.994905E-01,-2.155711E-08
1704788572
-9.995181E-01,-2.194518E-08
1704788583
-9.994565E-01,-2.223485E-08
1704788593
-9.994391E-01,-2.180137E-08
1704788603
-9.994410E-01,-2.071765E-08
1704788614
-9.994477E-01,-2.092689E-08
1704788624
-9.994718E-01,-2.115738E-08
1704788634
-9.995295E-01,-2.073099E-08
1704788645
-9.994920E-01,-2.100358E-08
1704788655
-9.994397E-01,-2.051634E-08
1704788665
-9.994611E-01,-2.325936E-08
1704788675
-9.994879E-01,-2.196350E-08
1704788686
-9.994454E-01,-2.272335E-08
1704788696
-9.994338E-01,-2.076725E-08
1704788706
-9.993758E-01,-2.194724E-08
1704788716
-9.994306E-01,-2.191724E-08
1704788727
-9.994854E-01,-2.116948E-08
1704788737
-9.995013E-01,-2.101692E-08
1704788747
-9.995628E-01,-2.127076E-08
1704788757
-9.994814E-01,-2.153461E-08
1704788768
-9.994913E-01,-2.082602E-08
1704788778
-9.994834E-01,-2.200267E-08
1704788788
-9.995582E-01,-2.153250E-08
1704788799
-9.994803E-01,-2.156669E-08
1704788809
-9.994634E-01,-2.244241E-08
1704788819
-9.994605E-01,-2.178842E-08
1704788829
-9.995021E-01,-2.207102E-08
1704788840
-9.993880E-01,-2.205185E-08
1704788850
-9.994496E-01,-2.184428E-08
1704788860
-9.994627E-01,-2.240407E-08
1704788870
-9.995643E-01,-2.243616E-08
1704788881
-9.994420E-01,-2.290049E-08
1704788891
-9.994908E-01,-2.228402E-08
1704788901
-9.994910E-01,-2.207228E-08
1704788912
-9.994589E-01,-2.223400E-08
1704788922
-9.995033E-01,-2.316182E-08
1704788932
-9.994208E-01,-2.174258E-08
1704788943
-9.995516E-01,-2.180593E-08
1704788953
-9.994727E-01,-2.263373E-08
1704788963
-9.994500E-01,-2.142122E-08
1704788973
-9.995139E-01,-2.183513E-08
1704788984
-9.993792E-01,-2.137954E-08
1704788994
-9.995145E-01,-2.133245E-08
1704789004
-9.995145E-01,-2.114655E-08
1704789014
-9.993998E-01,-2.201559E-08
1704789025
-9.995260E-01,-2.178802E-08
1704789035
-9.994659E-01,-2.163588E-08
1704789045
-9.994960E-01,-2.186888E-08
1704789056
-9.995123E-01,-2.107319E-08
1704789066
-9.994906E-01,-2.174051E-08
1704789076
-9.995450E-01,-2.167341E-08
1704789086
-9.994342E-01,-2.131035E-08
1704789097
-9.994637E-01,-2.290174E-08
1704789107
-9.994235E-01,-2.248159E-08
1704789117
-9.994561E-01,-2.130077E-08
1704789128
-9.993861E-01,-2.149667E-08
1704789138
-9.995302E-01,-2.165672E-08
1704789148
-9.994354E-01,-2.124825E-08
1704789159
-9.993880E-01,-2.284965E-08
1704789169
-9.994265E-01,-2.264666E-08
1704789179
-9.993889E-01,-2.187639E-08
1704789189
-9.994019E-01,-2.187805E-08
1704789200
-9.993861E-01,-2.316475E-08
1704789210
-9.994078E-01,-2.248243E-08
1704789220
-9.994486E-01,-2.276586E-08
1704789231
-9.994752E-01,-2.170257E-08
1704789241
-9.994426E-01,-2.226568E-08
1704789251
-9.994835E-01,-2.185513E-08
1704789262
-9.994903E-01,-2.171883E-08
1704789272
-9.994953E-01,-2.148250E-08
1704789282
-9.994712E-01,-2.178302E-08
1704789292
-9.993583E-01,-2.161297E-08
1704789303
-9.994006E-01,-2.303221E-08
1704789313
-9.994366E-01,-2.254329E-08
1704789323
-9.993994E-01,-2.328147E-08
1704789334
-9.994414E-01,-2.332439E-08
1704789344
-9.995398E-01,-2.384457E-08
1704789354
-9.995123E-01,-2.162255E-08
1704789365
-9.994857E-01,-2.176927E-08
1704789375
-9.994638E-01,-2.251328E-08
1704789385
-9.994352E-01,-2.187388E-08
1704789396
-9.995017E-01,-2.160628E-08
1704789406
-9.994595E-01,-2.169216E-08
1704789416
-9.995539E-01,-2.169674E-08
1704789426
-9.994496E-01,-2.210480E-08
1704789437
-9.995155E-01,-2.251244E-08
1704789447
-9.994982E-01,-2.187181E-08
1704789457
-9.994979E-01,-2.252703E-08
1704789468
-9.995021E-01,-2.107152E-08
1704789478
-9.995256E-01,-2.338025E-08
1704789488
-9.994731E-01,-2.229029E-08
1704789499
-9.994730E-01,-2.297177E-08
1704789509
-9.993971E-01,-2.349445E-08
1704789519
-9.994330E-01,-2.215940E-08
1704789529
-9.994867E-01,-2.254161E-08
1704789540
-9.995276E-01,-2.334981E-08
1704789550
-9.995399E-01,-2.208937E-08
1704789560
-9.994655E-01,-2.339983E-08
1704789571
-9.993775E-01,-2.199351E-08
1704789581
-9.994820E-01,-2.258038E-08
1704789591
-9.994944E-01,-2.308305E-08
1704789602
-9.995017E-01,-2.150792E-08
1704789612
-9.996123E-01,-2.206144E-08
1704789622
-9.994413E-01,-2.142496E-08
1704789632
-9.994417E-01,-2.133244E-08
1704789643
-9.994450E-01,-2.086144E-08
1704789653
-9.994628E-01,-2.220733E-08
1704789663
-9.994792E-01,-2.144790E-08
1704789674
-9.994308E-01,-2.222985E-08
1704789684
-9.994470E-01,-2.229945E-08
1704789694
-9.994553E-01,-2.293509E-08
1704789705
-9.994454E-01,-2.355739E-08
1704789715
-9.995311E-01,-2.369410E-08
1704789725
-9.994369E-01,-2.317225E-08
1704789736
-9.994530E-01,-2.403631E-08
1704789746
-9.995011E-01,-2.291674E-08
1704789756
-9.995072E-01,-2.241699E-08
1704789766
-9.995363E-01,-2.431265E-08
1704789777
-9.995227E-01,-2.380538E-08
1704789787
-9.994677E-01,-2.473821E-08
1704789797
-9.995138E-01,-2.576438E-08
1704789808
-9.995445E-01,-2.476072E-08
1704789818
-9.995412E-01,-2.473863E-08
1704789828
-9.994788E-01,-2.327354E-08
1704789839
-9.994819E-01,-2.428597E-08
1704789849
-9.995136E-01,-2.459816E-08
1704789859
-9.994600E-01,-2.450979E-08
1704789869
-9.995117E-01,-2.508124E-08
1704789880
-9.995260E-01,-2.567228E-08
1704789890
-9.994412E-01,-2.558768E-08
1704789900
-9.994665E-01,-2.402504E-08
1704789911
-9.995336E-01,-2.384623E-08
1704789921
-9.994299E-01,-2.373577E-08
1704789931
-9.995158E-01,-2.481323E-08
1704789942
-9.994308E-01,-2.269500E-08
1704789952
-9.994603E-01,-2.252744E-08
1704789962
-9.995012E-01,-2.268041E-08
1704789973
-9.995224E-01,-2.220816E-08
1704789983
-9.995293E-01,-2.273793E-08
1704789993
-9.995642E-01,-2.279378E-08
1704790003
-9.994566E-01,-2.357488E-08
1704790014
-9.994467E-01,-2.330146E-08
1704790024
-9.994829E-01,-2.216732E-08
1704790034
-9.994996E-01,-2.251578E-08
1704790045
-9.994565E-01,-2.284921E-08
1704790055
-9.994917E-01,-2.223567E-08
1704790065
-9.995136E-01,-2.249076E-08
1704790076
-9.994662E-01,-2.349153E-08
1704790086
-9.995013E-01,-2.337149E-08
1704790096
-9.994999E-01,-2.173551E-08
1704790106
-9.994615E-01,-2.229070E-08
1704790117
-9.994668E-01,-2.219609E-08
1704790127
-9.994978E-01,-2.328437E-08
1704790137
-9.994203E-01,-2.282547E-08
1704790148
-9.995263E-01,-2.464568E-08
1704790158
-9.994493E-01,-2.413216E-08
1704790168
-9.994425E-01,-2.358614E-08
1704790179
-9.994496E-01,-2.277670E-08
1704790189
-9.994200E-01,-2.328520E-08
1704790199
-9.995310E-01,-2.297343E-08
1704790209
-9.995965E-01,-2.267832E-08
1704790220
-9.994900E-01,-2.251744E-08
1704790230
-9.994333E-01,-2.171632E-08
1704790240
-9.994817E-01,-2.421011E-08
1704790251
-9.994843E-01,-2.268916E-08
1704790261
-9.995293E-01,-2.370535E-08
1704790271
-9.994296E-01,-2.284964E-08
1704790281
-9.994973E-01,-2.403172E-08
1704790292
-9.995286E-01,-2.246200E-08
1704790302
-9.994247E-01,-2.314058E-08
1704790312
-9.994826E-01,-2.291049E-08
1704790322
-9.994658E-01,-2.408089E-08
1704790333
-9.995366E-01,-2.354946E-08
1704790343
-9.994079E-01,-2.373285E-08
1704790353
-9.994197E-01,-2.257037E-08
1704790364
-9.995148E-01,-2.337689E-08
1704790374
-9.995773E-01,-2.365991E-08
1704790384
-9.995850E-01,-2.404796E-08
1704790395
-9.994830E-01,-2.460982E-08
1704790405
-9.994053E-01,-2.423135E-08
1704790415
-9.995067E-01,-2.386498E-08
1704790425
-9.995965E-01,-2.397210E-08
1704790436
-9.995058E-01,-2.358947E-08
1704790446
-9.994588E-01,-2.322892E-08
1704790456
-9.995139E-01,-2.454646E-08
1704790467
-9.994496E-01,-2.432805E-08
1704790477
-9.995440E-01,-2.459982E-08
1704790487
-9.995620E-01,-2.342690E-08
1704790498
-9.994960E-01,-2.499911E-08
1704790508
-9.994703E-01,-2.532756E-08
1704790518
-9.995613E-01,-2.523837E-08
1704790529
-9.995161E-01,-2.509540E-08
1704790539
-9.995171E-01,-2.462482E-08
1704790549
-9.995614E-01,-2.490742E-08
1704790559
-9.995994E-01,-2.443517E-08
1704790569
-9.995276E-01,-2.430681E-08
1704790580
-9.994941E-01,-2.462858E-08
1704790590
-9.995039E-01,-2.420551E-08
1704790600
-9.994719E-01,-2.509165E-08
1704790611
-9.994762E-01,-2.524212E-08
1704790621
-9.995369E-01,-2.462940E-08
1704790631
-9.995026E-01,-2.520751E-08
1704790642
-9.995379E-01,-2.447727E-08
1704790652
-9.994943E-01,-2.500286E-08
1704790662
-9.994856E-01,-2.615119E-08
1704790672
-9.995569E-01,-2.514252E-08
1704790683
-9.994448E-01,-2.564685E-08
1704790693
-9.994898E-01,-2.526046E-08
1704790703
-9.994524E-01,-2.580607E-08
1704790714
-9.995083E-01,-2.458357E-08
1704790724
-9.995483E-01,-2.448770E-08
1704790734
-9.995297E-01,-2.295758E-08
1704790745
-9.994587E-01,-2.281336E-08
1704790755
-9.995828E-01,-2.519710E-08
1704790765
-9.995327E-01,-2.604864E-08
1704790775
-9.994978E-01,-2.539342E-08
1704790786
-9.995468E-01,-2.457771E-08
1704790796
-9.995428E-01,-2.598821E-08
1704790806
-9.994919E-01,-2.538675E-08
1704790817
-9.995085E-01,-2.335146E-08
1704790827
-9.994160E-01,-2.547344E-08
1704790837
-9.994712E-01,-2.558682E-08
1704790848
-9.995089E-01,-2.357946E-08
1704790858
-9.994418E-01,-2.420467E-08
1704790868
-9.995389E-01,-2.435265E-08
1704790879
-9.995839E-01,-2.424886E-08
1704790889
-9.994729E-01,-2.364740E-08
1704790899
-9.994906E-01,-2.428304E-08
1704790909
-9.995125E-01,-2.351278E-08
1704790920
-9.995311E-01,-2.290674E-08
1704790930
-9.994467E-01,-2.333105E-08
1704790940
-9.994185E-01,-2.368326E-08
1704790951
-9.995466E-01,-2.343358E-08
1704790961
-9.994923E-01,-2.432722E-08
1704790971
-9.995363E-01,-2.270874E-08
1704790982
-9.995573E-01,-2.386790E-08
1704790992
-9.995432E-01,-2.543344E-08
1704791002
-9.995494E-01,-2.393875E-08
1704791012
-9.995550E-01,-2.331938E-08
1704791023
-9.995340E-01,-2.471069E-08
1704791033
-9.994661E-01,-2.386164E-08
1704791043
-9.994912E-01,-2.447810E-08
1704791054
-9.995522E-01,-2.339940E-08
1704791064
-9.995512E-01,-2.319974E-08
1704791074
-9.995241E-01,-2.344442E-08
1704791085
-9.994853E-01,-2.319057E-08
1704791095
-9.995844E-01,-2.343190E-08
1704791105
-9.995620E-01,-2.384080E-08
1704791116
-9.995194E-01,-2.462773E-08
1704791126
-9.995520E-01,-2.268498E-08
1704791136
-9.995595E-01,-2.365323E-08
1704791146
-9.996020E-01,-2.426928E-08
1704791157
-9.995591E-01,-2.495286E-08
1704791167
-9.996281E-01,-2.411423E-08
1704791177
-9.995834E-01,-2.385206E-08
1704791188
-9.995199E-01,-2.371243E-08
1704791198
-9.995473E-01,-2.457648E-08
1704791208
-9.995636E-01,-2.522502E-08
1704791219
-9.995609E-01,-2.627415E-08
1704791229
-9.996131E-01,-2.450270E-08
1704791239
-9.994717E-01,-2.488367E-08
1704791249
-9.995045E-01,-2.562683E-08
1704791260
-9.995436E-01,-2.509998E-08
1704791270
-9.995428E-01,-2.522129E-08
1704791280
-9.996016E-01,-2.493327E-08
1704791291
-9.994678E-01,-2.473277E-08
1704791301
-9.995729E-01,-2.416133E-08
1704791311
-9.994894E-01,-2.402794E-08
1704791322
-9.994751E-01,-2.535257E-08
1704791332
-9.995835E-01,-2.422218E-08
1704791342
-9.995938E-01,-2.380245E-08
1704791352
-9.995819E-01,-2.448145E-08
1704791363
-9.996037E-01,-2.450061E-08
1704791373
-9.996145E-01,-2.315514E-08
1704791383
-9.995002E-01,-2.400168E-08
1704791393
-9.995403E-01,-2.617994E-08
1704791404
-9.995216E-01,-2.462858E-08
1704791414
-9.995539E-01,-2.510999E-08
1704791424
-9.995103E-01,-2.465150E-08
1704791435
-9.995024E-01,-2.584025E-08
1704791445
-9.995313E-01,-2.496119E-08
1704791455
-9.994947E-01,-2.378328E-08
1704791465
-9.995272E-01,-2.397626E-08
1704791476
-9.995424E-01,-2.547637E-08
1704791486
-9.995177E-01,-2.400960E-08
1704791496
-9.995903E-01,-2.437140E-08
1704791507
-9.995653E-01,-2.396459E-08
1704791517
-9.995335E-01,-2.524461E-08
1704791527
-9.995836E-01,-2.433763E-08
1704791538
-9.995452E-01,-2.489699E-08
1704791548
-9.995671E-01,-2.357154E-08
1704791558
-9.996026E-01,-2.536674E-08
1704791569
-9.995521E-01,-2.471277E-08
1704791579
-9.995513E-01,-2.477237E-08
1704791589
-9.995430E-01,-2.609450E-08
1704791599
-9.994628E-01,-2.519418E-08
1704791610
-9.994972E-01,-2.377703E-08
1704791620
-9.994450E-01,-2.395416E-08
1704791630
-9.994572E-01,-2.533424E-08
1704791641
-9.995679E-01,-2.447227E-08
1704791651
-9.994697E-01,-2.515459E-08
1704791661
-9.994890E-01,-2.420843E-08
1704791671
-9.995496E-01,-2.446893E-08
1704791682
-9.995302E-01,-2.378913E-08
1704791692
-9.995583E-01,-2.446811E-08
1704791702
-9.995483E-01,-2.385956E-08
1704791712
-9.995676E-01,-2.514626E-08
1704791723
-9.995500E-01,-2.495453E-08
1704791733
-9.995873E-01,-2.323976E-08
1704791743
-9.996125E-01,-2.449603E-08
1704791754
-9.994329E-01,-2.405296E-08
1704791764
-9.995142E-01,-2.366116E-08
1704791774
-9.994957E-01,-2.361531E-08
1704791785
-9.994771E-01,-2.440852E-08
1704791795
-9.994633E-01,-2.488742E-08
1704791805
-9.995660E-01,-2.485825E-08
1704791816
-9.995800E-01,-2.488951E-08
1704791826
-9.995898E-01,-2.470569E-08
1704791836
-9.995431E-01,-2.421885E-08
1704791846
-9.994405E-01,-2.567477E-08
1704791857
-9.994630E-01,-2.585067E-08
1704791867
-9.994889E-01,-2.457981E-08
1704791877
-9.995369E-01,-2.590651E-08
1704791888
-9.996566E-01,-2.488909E-08
1704791898
-9.995733E-01,-2.520878E-08
1704791908
-9.995938E-01,-2.483864E-08
1704791919
-9.996105E-01,-2.448436E-08
1704791929
-9.996447E-01,-2.218481E-08
1704791939
-9.995246E-01,-2.361197E-08
1704791949
-9.994010E-01,-2.404003E-08
1704791960
-9.995494E-01,-2.472152E-08
1704791970
-9.994633E-01,-2.491285E-08
1704791980
-9.995530E-01,-2.454396E-08
1704791991
-9.995155E-01,-2.549721E-08
1704792001
-9.994797E-01,-2.459148E-08
1704792011
-9.995224E-01,-2.528629E-08
1704792022
-9.994752E-01,-2.467984E-08
1704792032
-9.995707E-01,-2.560223E-08
1704792042
-9.994994E-01,-2.449435E-08
1704792053
-9.995400E-01,-2.414048E-08
1704792063
-9.995735E-01,-2.471109E-08
1704792073
-9.995130E-01,-2.449811E-08
1704792083
-9.995393E-01,-2.411631E-08
1704792094
-9.995806E-01,-2.528839E-08
1704792104
-9.995800E-01,-2.554221E-08
1704792114
-9.995481E-01,-2.507454E-08
1704792124
-9.995499E-01,-2.559389E-08
1704792134
-9.995618E-01,-2.575896E-08
1704792144
-9.995610E-01,-2.614159E-08
1704792155
-9.994777E-01,-2.539217E-08
1704792165
-9.994898E-01,-2.501328E-08
1704792175
-9.995624E-01,-2.490282E-08
1704792185
-9.995884E-01,-2.510206E-08
1704792195
-9.996084E-01,-2.512957E-08
1704792206
-9.996068E-01,-2.452311E-08
1704792216
-9.995894E-01,-2.556973E-08
1704792226
-9.995874E-01,-2.390914E-08
1704792236
-9.995942E-01,-2.576604E-08
1704792246
-9.995674E-01,-2.481029E-08
1704792257
-9.995331E-01,-2.589775E-08
1704792267
-9.995105E-01,-2.560931E-08
1704792277
-9.995263E-01,-2.481862E-08
1704792288
-9.995760E-01,-2.615368E-08
1704792298
-9.995525E-01,-2.672053E-08
1704792308
-9.995509E-01,-2.656423E-08
1704792319
-9.995676E-01,-2.473027E-08
1704792329
-9.994792E-01,-2.451936E-08
1704792339
-9.995183E-01,-2.519667E-08
1704792349
-9.994243E-01,-2.476153E-08
1704792359
-9.994441E-01,-2.547511E-08
1704792369
-9.995186E-01,-2.558348E-08
1704792380
-9.995334E-01,-2.482071E-08
1704792390
-9.995420E-01,-2.606532E-08
1704792400
-9.994959E-01,-2.710859E-08
1704792410
-9.995073E-01,-2.460647E-08
1704792421
-9.995183E-01,-2.569476E-08
1704792431
-9.994882E-01,-2.428219E-08
1704792441
-9.995140E-01,-2.464148E-08
1704792452
-9.995325E-01,-2.532839E-08
1704792462
-9.995112E-01,-2.411921E-08
1704792472
-9.995318E-01,-2.636667E-08
1704792482
-9.995360E-01,-2.621286E-08
1704792493
-9.996099E-01,-2.765169E-08
1704792503
-9.995229E-01,-2.697811E-08
1704792513
-9.994618E-01,-2.661882E-08
1704792524
-9.994642E-01,-2.605447E-08
1704792534
-9.995157E-01,-2.495075E-08
1704792544
-9.994776E-01,-2.591818E-08
1704792554
-9.994932E-01,-2.529712E-08
1704792564
-9.994766E-01,-2.584899E-08
1704792575
-9.994897E-01,-2.698604E-08
1704792585
-9.994521E-01,-2.632081E-08
1704792595
-9.995397E-01,-2.512164E-08
1704792605
-9.996006E-01,-2.613866E-08
1704792615
-9.994877E-01,-2.591901E-08
1704792625
-9.994192E-01,-2.633499E-08
1704792636
-9.995832E-01,-2.480654E-08
1704792646
-9.995135E-01,-2.544718E-08
1704792656
-9.995847E-01,-2.546718E-08
1704792667
-9.994672E-01,-2.463147E-08
1704792677
-9.995334E-01,-2.440182E-08
1704792687
-9.995480E-01,-2.501285E-08
1704792698
-9.995263E-01,-2.523877E-08
1704792708
-9.994850E-01,-2.504871E-08
1704792718
-9.994498E-01,-2.492991E-08
1704792729
-9.994457E-01,-2.357570E-08
1704792739
-9.995522E-01,-2.413297E-08
1704792749
-9.994873E-01,-2.480529E-08
1704792759
-9.994992E-01,-2.511957E-08
1704792769
-9.995491E-01,-2.474860E-08
1704792780
-9.996188E-01,-2.560264E-08
1704792790
-9.995405E-01,-2.420674E-08
1704792800
-9.994986E-01,-2.392833E-08
1704792811
-9.995224E-01,-2.465857E-08
1704792821
-9.995660E-01,-2.558306E-08
1704792831
-9.995049E-01,-2.425885E-08
1704792842
-9.994526E-01,-2.404170E-08
1704792852
-9.994814E-01,-2.349485E-08
1704792862
-9.995472E-01,-2.373285E-08
1704792872
-9.995540E-01,-2.458148E-08
1704792882
-9.994812E-01,-2.553555E-08
1704792893
-9.993962E-01,-2.483073E-08
1704792903
-9.994769E-01,-2.366240E-08
1704792913
-9.995112E-01,-2.455938E-08
1704792923
-9.995779E-01,-2.378203E-08
1704792934
-9.995879E-01,-2.468359E-08
1704792944
-9.995120E-01,-2.525045E-08
1704792954
-9.995519E-01,-2.505621E-08
1704792964
-9.994977E-01,-2.522294E-08
1704792975
-9.996101E-01,-2.461481E-08
1704792985
-9.995248E-01,-2.439475E-08
1704792995
-9.995207E-01,-2.500162E-08
1704793005
-9.994436E-01,-2.433097E-08
1704793016
-9.994174E-01,-2.480946E-08
1704793026
-9.995328E-01,-2.490616E-08
1704793036
-9.994410E-01,-2.386705E-08
1704793047
-9.995552E-01,-2.471151E-08
1704793057
-9.994524E-01,-2.463692E-08
1704793067
-9.995232E-01,-2.669138E-08
1704793078
-9.994916E-01,-2.607781E-08
1704793088
-9.995021E-01,-2.570436E-08
1704793098
-9.995191E-01,-2.447101E-08
1704793108
-9.994982E-01,-2.450602E-08
1704793118
-9.993982E-01,-2.445767E-08
1704793129
-9.994856E-01,-2.478153E-08
1704793139
-9.994624E-01,-2.368115E-08
1704793149
-9.995107E-01,-2.471942E-08
1704793160
-9.994942E-01,-2.420592E-08
1704793170
-9.995022E-01,-2.457770E-08
1704793180
-9.994911E-01,-2.514917E-08
1704793191
-9.995692E-01,-2.649463E-08
1704793201
-9.995575E-01,-2.687976E-08
1704793211
-9.994923E-01,-2.549177E-08
1704793221
-9.995642E-01,-2.509164E-08
1704793231
-9.994752E-01,-2.448060E-08
1704793242
-9.995171E-01,-2.517501E-08
1704793252
-9.994832E-01,-2.431013E-08
1704793262
-9.995645E-01,-2.494160E-08
1704793273
-9.994954E-01,-2.689102E-08
1704793283
-9.995036E-01,-2.518293E-08
1704793293
-9.995301E-01,-2.609824E-08
1704793304
-9.995326E-01,-2.581356E-08
1704793314
-9.996405E-01,-2.556139E-08
1704793324
-9.995086E-01,-2.545844E-08
1704793334
-9.995800E-01,-2.622953E-08
1704793345
-9.995282E-01,-2.562849E-08
1704793355
-9.995419E-01,-2.743871E-08
1704793365
-9.994645E-01,-2.497452E-08
1704793375
-9.995407E-01,-2.684641E-08
1704793386
-9.995729E-01,-2.675012E-08
1704793396
-9.994952E-01,-2.667136E-08
1704793406
-9.994956E-01,-2.536006E-08
1704793417
-9.995014E-01,-2.469233E-08
1704793427
-9.995689E-01,-2.572185E-08
1704793437
-9.994988E-01,-2.596860E-08
1704793447
-9.994806E-01,-2.673512E-08
1704793457
-9.994856E-01,-2.524419E-08
1704793468
-9.995589E-01,-2.499035E-08
1704793478
-9.995223E-01,-2.639750E-08
1704793488
-9.995290E-01,-2.665843E-08
1704793499
-9.995682E-01,-2.543634E-08
1704793509
-9.995637E-01,-2.556137E-08
1704793519
-9.995500E-01,-2.452644E-08
1704793530
-9.995494E-01,-2.584438E-08
1704793540
-9.995605E-01,-2.593859E-08
1704793550
-9.995206E-01,-2.734866E-08
1704793560
-9.995658E-01,-2.633957E-08
1704793571
-9.994690E-01,-2.699521E-08
1704793581
-9.995412E-01,-2.596568E-08
1704793591
-9.995382E-01,-2.560556E-08
1704793602
-9.994833E-01,-2.574351E-08
1704793612
-9.995589E-01,-2.553345E-08
1704793622
-9.995776E-01,-2.631623E-08
1704793633
-9.995157E-01,-2.620410E-08
1704793643
-9.994063E-01,-2.738534E-08
1704793653
-9.994507E-01,-2.675638E-08
1704793663
-9.994994E-01,-2.641210E-08
1704793673
-9.995109E-01,-2.599445E-08
1704793684
-9.995035E-01,-2.682391E-08
1704793694
-9.995732E-01,-2.675763E-08
1704793704
-9.996005E-01,-2.710816E-08
1704793715
-9.995164E-01,-2.647795E-08
1704793725
-9.995616E-01,-2.627288E-08
1704793735
-9.995245E-01,-2.690436E-08
1704793746
-9.996490E-01,-2.719653E-08
1704793756
-9.995418E-01,-2.498869E-08
1704793766
-9.994496E-01,-2.642042E-08
1704793776
-9.995359E-01,-2.510121E-08
1704793787
-9.995537E-01,-2.652879E-08
1704793797
-9.994412E-01,-2.562848E-08
1704793807
-9.994768E-01,-2.509871E-08
1704793817
-9.994302E-01,-2.569350E-08
1704793827
-9.994727E-01,-2.638582E-08
1704793838
-9.995310E-01,-2.708398E-08
1704793848
-9.994901E-01,-2.700978E-08
1704793858
-9.995472E-01,-2.649587E-08
1704793869
-9.995607E-01,-2.685433E-08
1704793879
-9.996274E-01,-2.653922E-08
1704793889
-9.995410E-01,-2.770297E-08
1704793900
-9.995326E-01,-2.619286E-08
1704793910
-9.995167E-01,-2.545177E-08
1704793920
-9.995297E-01,-2.651087E-08
1704793930
-9.995558E-01,-2.676221E-08
1704793941
-9.995450E-01,-2.754874E-08
1704793951
-9.995427E-01,-2.706524E-08
1704793961
-9.996334E-01,-2.750872E-08
1704793972
-9.995667E-01,-2.866121E-08
1704793982
-9.995475E-01,-2.745037E-08
1704793992
-9.995059E-01,-2.759292E-08
1704794003
-9.995692E-01,-2.783134E-08
1704794013
-9.996056E-01,-2.694644E-08
1704794023
-9.994751E-01,-2.740411E-08
1704794033
-9.995262E-01,-2.788134E-08
1704794044
-9.995458E-01,-2.764919E-08
1704794054
-9.995866E-01,-2.684224E-08
1704794064
-9.994795E-01,-2.770461E-08
1704794075
-9.994154E-01,-2.795095E-08
1704794085
-9.994530E-01,-2.734950E-08
1704794095
-9.995482E-01,-2.633665E-08
1704794106
-9.995338E-01,-2.565849E-08
1704794116
-9.995779E-01,-2.584772E-08
1704794126
-9.995653E-01,-2.604362E-08
1704794137
-9.995058E-01,-2.646711E-08
1704794147
-9.995648E-01,-2.637916E-08
1704794157
-9.994906E-01,-2.676888E-08
1704794167
-9.994916E-01,-2.658132E-08
1704794178
-9.994476E-01,-2.591609E-08
1704794188
-9.994687E-01,-2.618495E-08
1704794198
-9.994497E-01,-2.733241E-08
1704794209
-9.994682E-01,-2.683182E-08
1704794219
-9.993694E-01,-2.645543E-08
1704794229
-9.994456E-01,-2.728364E-08
1704794240
-9.995756E-01,-2.641126E-08
1704794250
-9.994954E-01,-2.521918E-08
1704794260
-9.994931E-01,-2.636374E-08
1704794270
-9.995207E-01,-2.549886E-08
1704794280
-9.994764E-01,-2.672720E-08
1704794291
-9.995497E-01,-2.633039E-08
1704794301
-9.994969E-01,-2.615491E-08
1704794311
-9.995165E-01,-2.491906E-08
1704794322
-9.995422E-01,-2.588732E-08
1704794332
-9.995070E-01,-2.725487E-08
1704794342
-9.995508E-01,-2.686767E-08
1704794353
-9.995388E-01,-2.521417E-08
1704794363
-9.995438E-01,-2.601987E-08
1704794373
-9.995493E-01,-2.524292E-08
1704794383
-9.995010E-01,-2.581229E-08
1704794394
-9.995196E-01,-2.601195E-08
1704794404
-9.995072E-01,-2.540633E-08
1704794414
-9.995388E-01,-2.600653E-08
1704794425
-9.994593E-01,-2.673136E-08
1704794435
-9.994675E-01,-2.497783E-08
1704794445
-9.995217E-01,-2.574726E-08
1704794456
-9.995096E-01,-2.500743E-08
1704794466
-9.995013E-01,-2.543008E-08
1704794476
-9.995785E-01,-2.605154E-08
1704794487
-9.995213E-01,-2.471650E-08
1704794497
-9.994857E-01,-2.548552E-08
1704794507
-9.995605E-01,-2.411713E-08
1704794517
-9.995325E-01,-2.420883E-08
1704794528
-9.995673E-01,-2.443142E-08
1704794538
-9.995711E-01,-2.376994E-08
1704794548
-9.995418E-01,-2.333895E-08
1704794559
-9.995257E-01,-2.421091E-08
1704794569
-9.995665E-01,-2.364447E-08
1704794579
-9.995404E-01,-2.330643E-08
1704794589
-9.994697E-01,-2.343773E-08
1704794600
-9.995080E-01,-2.270456E-08
1704794610
-9.994919E-01,-2.210893E-08
1704794620
-9.994922E-01,-2.161001E-08
1704794630
-9.994932E-01,-2.260411E-08
1704794641
-9.995699E-01,-2.211769E-08
1704794651
-9.995831E-01,-2.242821E-08
1704794661
-9.994279E-01,-2.334811E-08
1704794672
-9.995427E-01,-2.358487E-08
1704794682
-9.994001E-01,-2.290922E-08
1704794692
-9.995505E-01,-2.301091E-08
1704794703
-9.995797E-01,-2.393498E-08
1704794713
-9.995081E-01,-2.316222E-08
1704794723
-9.994949E-01,-2.367781E-08
1704794733
-9.994888E-01,-2.376951E-08
1704794744
-9.994660E-01,-2.285170E-08
1704794754
-9.995174E-01,-2.324433E-08
1704794764
-9.995773E-01,-2.313304E-08
1704794775
-9.994901E-01,-2.382620E-08
1704794785
-9.994830E-01,-2.358486E-08
1704794795
-9.994949E-01,-2.322516E-08
1704794806
-9.994657E-01,-2.365447E-08
1704794816
-9.995641E-01,-2.356111E-08
1704794826
-9.995380E-01,-2.359822E-08
1704794836
-9.995005E-01,-2.408214E-08
1704794846
-9.995373E-01,-2.340816E-08
1704794857
-9.994928E-01,-2.211853E-08
1704794867
-9.995454E-01,-2.254618E-08
1704794877
-9.996172E-01,-2.251409E-08
1704794888
-9.995647E-01,-2.273667E-08
1704794898
-9.995469E-01,-2.249575E-08
1704794908
-9.995327E-01,-2.128824E-08
1704794918
-9.995403E-01,-2.255785E-08
1704794929
-9.994690E-01,-2.120198E-08
1704794939
-9.994954E-01,-2.189304E-08
1704794949
-9.993768E-01,-2.103983E-08
1704794959
-9.995022E-01,-2.197558E-08
1704794970
-9.995649E-01,-2.235404E-08
1704794980
-9.995031E-01,-2.335522E-08
1704794990
-9.996330E-01,-2.283712E-08
1704795000
-9.995041E-01,-2.224192E-08
1704795011
-9.994982E-01,-2.239030E-08
1704795021
-9.995721E-01,-2.180634E-08
1704795031
-9.995179E-01,-2.264622E-08
1704795042
-9.995496E-01,-2.431430E-08
1704795052
-9.995210E-01,-2.242032E-08
1704795062
-9.994638E-01,-2.188554E-08
1704795073
-9.995153E-01,-2.169755E-08
1704795083
-9.994961E-01,-2.258036E-08
1704795093
-9.995034E-01,-2.140954E-08
1704795103
-9.994734E-01,-2.139078E-08
1704795114
-9.995746E-01,-2.232652E-08
1704795124
-9.996269E-01,-2.278293E-08
1704795134
-9.995826E-01,-2.195222E-08
1704795145
-9.995511E-01,-2.267081E-08
1704795155
-9.995158E-01,-2.260244E-08
1704795165
-9.995611E-01,-2.317181E-08
1704795176
-9.995009E-01,-2.374242E-08
1704795186
-9.994810E-01,-2.338522E-08
1704795196
-9.994379E-01,-2.316098E-08
1704795206
-9.994475E-01,-2.230568E-08
1704795217
-9.995761E-01,-2.251325E-08
1704795227
-9.994128E-01,-2.252201E-08
1704795237
-9.995196E-01,-2.325476E-08
1704795248
-9.995110E-01,-2.374576E-08
1704795258
-9.995517E-01,-2.449227E-08
1704795268
-9.995246E-01,-2.372534E-08
1704795279
-9.994969E-01,-2.449685E-08
1704795289
-9.995052E-01,-2.406462E-08
1704795299
-9.994577E-01,-2.398001E-08
1704795309
-9.994149E-01,-2.261497E-08
1704795319
-9.995543E-01,-2.193346E-08
1704795329
-9.995743E-01,-2.398834E-08
1704795339
-9.995769E-01,-2.367907E-08
1704795350
-9.995376E-01,-2.351860E-08
1704795360
-9.995355E-01,-2.283129E-08
1704795370
-9.995214E-01,-2.246866E-08
1704795381
-9.994965E-01,-2.230527E-08
1704795391
-9.995022E-01,-2.183719E-08
1704795401
-9.995115E-01,-2.244699E-08
1704795412
-9.995400E-01,-2.248117E-08
1704795422
-9.995057E-01,-2.322434E-08
1704795432
-9.995300E-01,-2.188471E-08
1704795442
-9.994147E-01,-2.123240E-08
1704795453
-9.994925E-01,-2.271125E-08
1704795463
-9.995492E-01,-2.140246E-08
1704795473
-9.994550E-01,-2.062386E-08
1704795483
-9.995422E-01,-2.072389E-08
1704795494
-9.995123E-01,-2.131118E-08
1704795504
-9.994448E-01,-2.189388E-08
1704795514
-9.995613E-01,-2.280419E-08
1704795525
-9.995759E-01,-2.211730E-08
1704795535
-9.995418E-01,-2.218190E-08
1704795545
-9.996110E-01,-2.161337E-08
1704795555
-9.996126E-01,-2.209896E-08
1704795566
-9.995037E-01,-2.213271E-08
1704795576
-9.995473E-01,-2.148749E-08
1704795586
-9.994460E-01,-1.999073E-08
1704795597
-9.995649E-01,-2.138372E-08
1704795607
-9.995292E-01,-2.086188E-08
1704795617
-9.995216E-01,-2.041005E-08
1704795627
-9.995279E-01,-2.086437E-08
1704795638
-9.995206E-01,-2.006534E-08
1704795648
-9.994418E-01,-2.073390E-08
1704795658
-9.995074E-01,-1.980526E-08
1704795668
-9.994328E-01,-1.951973E-08
1704795679
-9.994655E-01,-1.917128E-08
1704795689
-9.994105E-01,-2.023915E-08
1704795699
-9.995649E-01,-2.024581E-08
1704795709
-9.995185E-01,-2.002282E-08
1704795719
-9.995578E-01,-1.889410E-08
1704795730
-9.995195E-01,-1.879198E-08
1704795740
-9.994700E-01,-1.871278E-08
1704795750
-9.995005E-01,-1.891536E-08
1704795760
-9.994804E-01,-1.834183E-08
1704795771
-9.995176E-01,-1.884491E-08
1704795781
-9.994671E-01,-1.810841E-08
1704795791
-9.995656E-01,-1.980857E-08
1704795801
-9.995343E-01,-1.972314E-08
1704795811
-9.995106E-01,-1.873695E-08
1704795822
-9.994877E-01,-1.877447E-08
1704795832
-9.995485E-01,-1.948347E-08
1704795842
-9.993840E-01,-1.966729E-08
1704795853
-9.994221E-01,-1.960268E-08
1704795863
-9.994438E-01,-1.844145E-08
1704795873
-9.994905E-01,-1.932425E-08
1704795884
-9.994125E-01,-1.937259E-08
1704795894
-9.994516E-01,-1.837600E-08
1704795904
-9.994394E-01,-1.986444E-08
1704795914
-9.994342E-01,-1.950932E-08
1704795924
-9.994602E-01,-1.907918E-08
1704795934
-9.994788E-01,-1.923589E-08
1704795944
-9.995280E-01,-1.876114E-08
1704795955
-9.994307E-01,-1.952891E-08
1704795965
-9.995545E-01,-1.961353E-08
1704795975
-9.994833E-01,-1.956351E-08
1704795986
-9.994107E-01,-1.848480E-08
1704795996
-9.994733E-01,-1.936177E-08
1704796006
-9.994761E-01,-2.050843E-08
1704796017
-9.994506E-01,-1.975192E-08
1704796027
-9.995314E-01,-2.055136E-08
1704796037
-9.995701E-01,-1.983319E-08
1704796048
-9.994002E-01,-2.012829E-08
1704796058
-9.995220E-01,-2.117824E-08
1704796068
-9.996055E-01,-1.907293E-08
1704796078
-9.995432E-01,-2.131119E-08
1704796088
-9.994702E-01,-2.089481E-08
1704796098
-9.995633E-01,-1.931300E-08
1704796108
-9.994948E-01,-1.898455E-08
1704796118
-9.995469E-01,-1.873114E-08
1704796129
-9.995890E-01,-1.869362E-08
1704796139
-9.994897E-01,-1.903915E-08
1704796149
-9.994913E-01,-1.828223E-08
1704796159
-9.994916E-01,-2.039921E-08
1704796170
-9.994804E-01,-1.934676E-08
1704796180
-9.994603E-01,-1.917295E-08
1704796190
-9.995878E-01,-1.890410E-08
1704796201
-9.994261E-01,-1.945596E-08
1704796211
-9.994368E-01,-2.022623E-08
1704796221
-9.994500E-01,-1.919211E-08
1704796231
-9.994194E-01,-2.001074E-08
1704796241
-9.995057E-01,-2.015203E-08
1704796252
-9.994809E-01,-2.044755E-08
1704796262
-9.994859E-01,-1.942178E-08
1704796272
-9.995418E-01,-1.889201E-08
1704796282
-9.994029E-01,-1.894871E-08
1704796292
-9.994370E-01,-1.892286E-08
1704796303
-9.995335E-01,-1.965436E-08
1704796313
-9.994870E-01,-1.975607E-08
1704796323
-9.994086E-01,-1.897246E-08
1704796333
-9.994491E-01,-2.051509E-08
1704796344
-9.994938E-01,-1.893580E-08
1704796354
-9.993367E-01,-2.111280E-08
1704796364
-9.994558E-01,-2.001075E-08
1704796374
-9.994870E-01,-1.894663E-08
1704796385
-9.994750E-01,-1.976650E-08
1704796395
-9.994740E-01,-1.983860E-08
1704796405
-9.993817E-01,-1.872447E-08
1704796415
-9.995000E-01,-1.962603E-08
1704796426
-9.994492E-01,-1.921089E-08
1704796436
-9.994858E-01,-1.974232E-08
1704796446
-9.995331E-01,-1.962811E-08
1704796456
-9.995480E-01,-1.938594E-08
1704796466
-9.995100E-01,-1.985528E-08
1704796477
-9.995627E-01,-1.979943E-08
1704796487
-9.994889E-01,-2.003785E-08
1704796497
-9.994754E-01,-2.016539E-08
1704796507
-9.994894E-01,-1.831183E-08
1704796517
-9.994693E-01,-1.945349E-08
1704796528
-9.994544E-01,-1.999159E-08
1704796538
-9.995189E-01,-1.960853E-08
1704796548
-9.994012E-01,-2.103446E-08
1704796559
-9.993919E-01,-2.006954E-08
1704796569
-9.994577E-01,-1.907753E-08
1704796579
-9.995332E-01,-1.973650E-08
1704796589
-9.994882E-01,-1.971482E-08
1704796599
-9.993854E-01,-2.016373E-08
1704796609
-9.993998E-01,-1.987530E-08
1704796620
-9.994861E-01,-2.043173E-08
1704796630
-9.994572E-01,-2.095734E-08
1704796640
-9.994125E-01,-2.069640E-08
1704796650
-9.994792E-01,-2.077810E-08
1704796661
-9.995798E-01,-2.042422E-08
1704796671
-9.993638E-01,-2.079602E-08
1704796681
-9.994633E-01,-2.081561E-08
1704796692
-9.994929E-01,-2.090480E-08
1704796702
-9.993731E-01,-1.954433E-08
1704796712
-9.994472E-01,-2.029418E-08
1704796722
-9.993915E-01,-2.118782E-08
1704796733
-9.994522E-01,-2.070640E-08
1704796743
-9.994622E-01,-2.029251E-08
1704796753
-9.994852E-01,-1.927341E-08
1704796763
-9.995007E-01,-1.994489E-08
1704796773
-9.994557E-01,-2.012287E-08
1704796784
-9.993248E-01,-2.105694E-08
1704796794
-9.994757E-01,-1.945057E-08
1704796804
-9.994178E-01,-2.032920E-08
1704796814
-9.995391E-01,-1.945430E-08
1704796825
-9.994608E-01,-2.022124E-08
1704796835
-9.994491E-01,-2.100026E-08
1704796845
-9.994833E-01,-2.035630E-08
1704796855
-9.994584E-01,-1.958895E-08
1704796866
-9.993340E-01,-1.903584E-08
1704796876
-9.994504E-01,-1.891996E-08
1704796886
-9.993977E-01,-1.872739E-08
1704796897
-9.994363E-01,-1.925966E-08
1704796907
-9.994681E-01,-2.029044E-08
1704796917
-9.995133E-01,-2.054887E-08
1704796928
-9.994097E-01,-2.043300E-08
1704796938
-9.993899E-01,-2.036714E-08
1704796948
-9.994274E-01,-1.921340E-08
1704796958
-9.993787E-01,-2.006786E-08
1704796969
-9.993644E-01,-1.902166E-08
1704796979
-9.994177E-01,-1.876490E-08
1704796989
-9.994189E-01,-1.962563E-08
1704796999
-9.994302E-01,-1.947723E-08
1704797009
-9.994338E-01,-2.065558E-08
1704797019
-9.993653E-01,-1.990448E-08
1704797030
-9.994437E-01,-2.050344E-08
1704797040
-9.994884E-01,-1.992824E-08
1704797050
-9.994679E-01,-1.968774E-08
1704797060
-9.994190E-01,-1.961437E-08
1704797070
-9.994184E-01,-2.165009E-08
1704797080
-9.993545E-01,-2.098736E-08
1704797091
-9.993662E-01,-2.062932E-08
1704797101
-9.993371E-01,-1.996451E-08
1704797111
-9.993785E-01,-2.061473E-08
1704797122
-9.995117E-01,-2.015875E-08
1704797132
-9.994120E-01,-2.160299E-08
1704797142
-9.994408E-01,-2.117159E-08
1704797152
-9.994843E-01,-2.067183E-08
1704797162
-9.994483E-01,-2.089774E-08
1704797172
-9.994960E-01,-2.065683E-08
1704797183
-9.995636E-01,-2.093607E-08
1704797193
-9.994744E-01,-2.076853E-08
1704797203
-9.994939E-01,-2.094567E-08
1704797213
-9.994431E-01,-2.227571E-08
1704797223
-9.994146E-01,-2.115907E-08
1704797234
-9.994205E-01,-1.957894E-08
1704797244
-9.995053E-01,-2.032670E-08
1704797254
-9.993870E-01,-2.033712E-08
1704797265
-9.994679E-01,-2.064431E-08
1704797275
-9.994116E-01,-2.128037E-08
1704797285
-9.993728E-01,-2.051553E-08
1704797295
-9.994195E-01,-2.028086E-08
1704797305
-9.994740E-01,-1.941682E-08
1704797315
-9.993837E-01,-1.986989E-08
1704797325
-9.993232E-01,-2.000744E-08
1704797335
-9.993748E-01,-2.093652E-08
1704797346
-9.993747E-01,-2.182474E-08
1704797356
-9.993759E-01,-2.211191E-08
1704797366
-9.993205E-01,-2.114450E-08
1704797377
-9.994072E-01,-2.284510E-08
1704797387
-9.994200E-01,-2.088358E-08
1704797397
-9.994962E-01,-2.050928E-08
1704797407
-9.994932E-01,-1.990908E-08
1704797418
-9.994335E-01,-1.948433E-08
1704797428
-9.993119E-01,-1.953477E-08
1704797438
-9.993780E-01,-2.047885E-08
1704797448
-9.994289E-01,-2.001578E-08
1704797458
-9.994559E-01,-2.016999E-08
1704797468
-9.994436E-01,-2.066850E-08
1704797479
-9.994206E-01,-2.057347E-08
1704797489
-9.993811E-01,-2.182640E-08
1704797499
-9.994583E-01,-2.088192E-08
1704797510
-9.994228E-01,-2.027003E-08
1704797520
-9.994363E-01,-1.987156E-08
1704797530
-9.994013E-01,-1.995909E-08
1704797541
-9.993178E-01,-2.061348E-08
1704797551
-9.994410E-01,-2.008663E-08
1704797561
-9.993398E-01,-2.077271E-08
1704797571
-9.993740E-01,-1.966524E-08
1704797581
-9.993675E-01,-2.003286E-08
1704797591
-9.993903E-01,-2.049010E-08
1704797601
-9.993771E-01,-2.107698E-08
1704797612
-9.994331E-01,-2.057639E-08
1704797622
-9.993426E-01,-2.124538E-08
1704797632
-9.993382E-01,-2.005121E-08
1704797642
-9.994010E-01,-2.196230E-08
1704797653
-9.994218E-01,-2.136501E-08
1704797663
-9.993876E-01,-2.063475E-08
1704797673
-9.993471E-01,-2.066892E-08
1704797683
-9.994024E-01,-1.989240E-08
1704797693
-9.994109E-01,-2.177682E-08
1704797704
-9.993820E-01,-2.046760E-08
1704797714
-9.993945E-01,-2.193186E-08
1704797724
-9.993911E-01,-2.054554E-08
1704797735
-9.993740E-01,-2.122620E-08
1704797745
-9.993993E-01,-2.074229E-08
1704797755
-9.994417E-01,-2.081689E-08
1704797765
-9.994208E-01,-2.074770E-08
1704797775
-9.993767E-01,-2.172388E-08
1704797786
-9.992998E-01,-2.066976E-08
1704797796
-9.993694E-01,-2.068767E-08
1704797806
-9.994007E-01,-2.109991E-08
1704797816
-9.993333E-01,-2.069394E-08
1704797826
-9.993061E-01,-2.091652E-08
1704797837
-9.993462E-01,-2.077981E-08
1704797847
-9.993821E-01,-2.123580E-08
1704797857
-9.993537E-01,-2.189019E-08
1704797867
-9.993728E-01,-2.184976E-08
1704797877
-9.993910E-01,-2.231784E-08
1704797888
-9.994034E-01,-2.298140E-08
1704797898
-9.994633E-01,-2.334153E-08
1704797908
-9.994897E-01,-2.230949E-08
1704797919
-9.993972E-01,-2.107198E-08
1704797929
-9.994664E-01,-2.203023E-08
1704797939
-9.994389E-01,-2.267504E-08
1704797949
-9.994006E-01,-2.247330E-08
1704797960
-9.993112E-01,-2.071268E-08
1704797970
-9.993649E-01,-2.234951E-08
1704797980
-9.993581E-01,-2.408970E-08
1704797990
-9.993415E-01,-2.288762E-08
1704798000
-9.994289E-01,-2.295722E-08
1704798011
-9.994476E-01,-2.230617E-08
1704798021
-9.995366E-01,-2.225906E-08
1704798031
-9.994355E-01,-2.238618E-08
1704798042
-9.993910E-01,-2.171930E-08
1704798052
-9.994155E-01,-2.178099E-08
1704798062
-9.994268E-01,-2.193479E-08
1704798073
-9.993725E-01,-2.117119E-08
1704798083
-9.993796E-01,-2.148004E-08
1704798093
-9.993321E-01,-2.092151E-08
1704798103
-9.993530E-01,-2.077771E-08
1704798113
-9.993548E-01,-2.055305E-08
1704798123
-9.993154E-01,-2.126204E-08
1704798133
-9.993750E-01,-2.063100E-08
1704798143
-9.994255E-01,-2.139626E-08
1704798154
-9.993500E-01,-2.077355E-08
1704798164
-9.993684E-01,-2.078939E-08
1704798174
-9.993827E-01,-2.000912E-08
1704798185
-9.993653E-01,-1.984406E-08
1704798195
-9.993753E-01,-1.988616E-08
1704798205
-9.994275E-01,-1.982071E-08
1704798215
-9.993717E-01,-1.871741E-08
1704798225
-9.993568E-01,-2.078606E-08
1704798236
-9.993317E-01,-1.979779E-08
1704798246
-9.993283E-01,-1.970276E-08
1704798256
-9.993024E-01,-1.976695E-08
1704798266
-9.993833E-01,-1.935097E-08
1704798276
-9.994190E-01,-1.933012E-08
1704798286
-9.993112E-01,-2.016124E-08
1704798297
-9.993810E-01,-1.972108E-08
1704798307
-9.993897E-01,-2.004079E-08
1704798317
-9.993697E-01,-1.942474E-08
1704798327
-9.993336E-01,-1.992908E-08
1704798337
-9.993630E-01,-2.098820E-08
1704798348
-9.993785E-01,-2.040174E-08
1704798358
-9.993263E-01,-2.088775E-08
1704798368
-9.993439E-01,-2.061849E-08
1704798378
-9.993487E-01,-2.131706E-08
1704798388
-9.994243E-01,-2.090191E-08
1704798398
-9.993623E-01,-2.081523E-08
1704798409
-9.994035E-01,-2.035089E-08
1704798419
-9.993002E-01,-2.004828E-08
1704798429
-9.993813E-01,-2.022460E-08
1704798439
-9.993765E-01,-2.115993E-08
1704798449
-9.992952E-01,-1.923133E-08
1704798459
-9.993559E-01,-1.817431E-08
1704798469
-9.994611E-01,-1.948519E-08
1704798480
-9.994043E-01,-1.924718E-08
1704798490
-9.993976E-01,-1.886830E-08
1704798500
-9.992649E-01,-1.928970E-08
1704798511
-9.993828E-01,-1.899251E-08
1704798521
-9.993647E-01,-1.962065E-08
1704798531
-9.994124E-01,-1.970736E-08
1704798541
-9.993666E-01,-1.878077E-08
1704798552
-9.993268E-01,-1.993951E-08
1704798562
-9.993725E-01,-2.100155E-08
1704798572
-9.994036E-01,-1.945893E-08
1704798582
-9.993128E-01,-2.030256E-08
1704798593
-9.993195E-01,-2.065768E-08
1704798603
-9.993553E-01,-1.985240E-08
1704798613
-9.993070E-01,-1.979613E-08
1704798623
-9.993210E-01,-2.090109E-08
1704798634
-9.994022E-01,-1.997203E-08
1704798644
-9.993227E-01,-2.087275E-08
1704798654
-9.993404E-01,-1.986657E-08
1704798665
-9.993342E-01,-2.006122E-08
1704798675
-9.993325E-01,-1.915340E-08
1704798685
-9.993299E-01,-2.011832E-08
1704798695
-9.992741E-01,-1.964107E-08
1704798706
-9.992543E-01,-1.962440E-08
1704798716
-9.993584E-01,-1.870326E-08
1704798726
-9.992859E-01,-2.033091E-08
1704798737
-9.993422E-01,-2.031381E-08
1704798747
-9.993789E-01,-2.000954E-08
1704798757
-9.993839E-01,-2.028797E-08
1704798767
-9.993423E-01,-2.046970E-08
1704798778
-9.994173E-01,-1.964025E-08
1704798788
-9.994047E-01,-1.882288E-08
1704798798
-9.994140E-01,-1.880829E-08
1704798808
-9.993146E-01,-1.991034E-08
1704798818
-9.994077E-01,-1.928680E-08
1704798829
-9.993458E-01,-1.950729E-08
1704798839
-9.993423E-01,-1.913549E-08
1704798849
-9.994109E-01,-1.875161E-08
1704798860
-9.993922E-01,-1.913173E-08
1704798870
-9.993132E-01,-1.969277E-08
1704798880
-9.993355E-01,-1.951687E-08
1704798890
-9.993687E-01,-1.985990E-08
1704798901
-9.993640E-01,-1.883955E-08
1704798911
-9.994570E-01,-1.935556E-08
1704798921
-9.993863E-01,-2.027880E-08
1704798931
-9.993079E-01,-2.011833E-08
1704798941
-9.992957E-01,-2.000204E-08
1704798951
-9.992946E-01,-1.928970E-08
1704798962
-9.992720E-01,-1.981780E-08
1704798972
-9.993390E-01,-2.084233E-08
1704798982
-9.993704E-01,-1.975862E-08
1704798993
-9.994259E-01,-2.068310E-08
1704799003
-9.994296E-01,-1.961607E-08
1704799013
-9.992805E-01,-2.010207E-08
1704799023
-9.993354E-01,-1.852152E-08
1704799033
-9.992710E-01,-1.980531E-08
1704799044
-9.993275E-01,-2.066353E-08
1704799054
-9.993383E-01,-2.049346E-08
1704799064
-9.993717E-01,-2.139003E-08
1704799074
-9.993224E-01,-2.068812E-08
1704799084
-9.993015E-01,-2.147506E-08
1704799095
-9.993476E-01,-2.031174E-08
1704799105
-9.993460E-01,-2.155301E-08
1704799115
-9.992714E-01,-2.196773E-08
1704799125
-9.992736E-01,-2.155799E-08
1704799135
-9.993250E-01,-2.108325E-08
1704799146
-9.992083E-01,-2.225492E-08
1704799156
-9.992429E-01,-2.213278E-08
1704799166
-9.993120E-01,-2.183017E-08
1704799176
-9.994389E-01,-2.249499E-08
1704799187
-9.993719E-01,-2.228408E-08
1704799197
-9.993170E-01,-2.131041E-08
1704799207
-9.992993E-01,-2.220947E-08
1704799217
-9.992906E-01,-2.341032E-08
1704799227
-9.993610E-01,-2.239287E-08
1704799237
-9.993797E-01,-2.211486E-08
1704799248
-9.993448E-01,-1.986741E-08
1704799258
-9.993372E-01,-2.140295E-08
1704799268
-9.993042E-01,-2.230492E-08
1704799279
-9.993912E-01,-2.241329E-08
1704799289
-9.993630E-01,-2.309354E-08
1704799299
-9.993089E-01,-2.367707E-08
1704799309
-9.992991E-01,-2.451237E-08
1704799320
-9.993074E-01,-2.551230E-08
1704799330
-9.993104E-01,-2.610876E-08
1704799340
-9.993253E-01,-2.455863E-08
1704799350
-9.993995E-01,-2.506005E-08
1704799360
-9.993471E-01,-2.544352E-08
1704799370
-9.993397E-01,-2.380545E-08
1704799381
-9.993113E-01,-2.422935E-08
1704799391
-9.993138E-01,-2.573738E-08
1704799401
-9.993181E-01,-2.615544E-08
1704799412
-9.993725E-01,-2.477955E-08
1704799422
-9.993429E-01,-2.529099E-08
1704799432
-9.994134E-01,-2.574781E-08
1704799443
-9.992672E-01,-2.591661E-08
1704799453
-9.992887E-01,-2.375962E-08
1704799463
-9.993580E-01,-2.507216E-08
1704799473
-9.992579E-01,-2.409766E-08
1704799484
-9.993135E-01,-2.485752E-08
1704799494
-9.993203E-01,-2.570697E-08
1704799504
-9.993340E-01,-2.548898E-08
1704799514
-9.993477E-01,-2.614045E-08
1704799525
-9.993843E-01,-2.625299E-08
1704799535
-9.993421E-01,-2.632635E-08
1704799545
-9.993504E-01,-2.662646E-08
1704799555
-9.993113E-01,-2.703077E-08
1704799565
-9.993142E-01,-2.719582E-08
1704799575
-9.993749E-01,-2.642762E-08
1704799585
-9.993674E-01,-2.701199E-08
1704799596
-9.993480E-01,-2.611001E-08
1704799606
-9.992557E-01,-2.605166E-08
1704799616
-9.993231E-01,-2.642637E-08
1704799626
-9.993599E-01,-2.639887E-08
1704799637
-9.993780E-01,-2.675356E-08
1704799647
-9.993112E-01,-2.654683E-08
1704799657
-9.993500E-01,-2.575695E-08
1704799668
-9.993506E-01,-2.613960E-08
1704799678
-9.994097E-01,-2.691821E-08
1704799688
-9.994260E-01,-2.757011E-08
1704799699
-9.994236E-01,-2.653017E-08
1704799709
-9.993724E-01,-2.681526E-08
1704799719
-9.994221E-01,-2.652098E-08
1704799729
-9.993055E-01,-2.698198E-08
1704799739
-9.993586E-01,-2.642470E-08
1704799749
-9.992608E-01,-2.690819E-08
1704799760
-9.993443E-01,-2.659100E-08
1704799770
-9.993210E-01,-2.683692E-08
1704799780
-9.993717E-01,-2.669395E-08
1704799790
-9.993400E-01,-2.619127E-08
1704799800
-9.992893E-01,-2.666144E-08
1704799811
-9.993074E-01,-2.678731E-08
1704799821
-9.993756E-01,-2.648222E-08
1704799831
-9.992864E-01,-2.749299E-08
1704799842
-9.993665E-01,-2.738796E-08
1704799852
-9.993306E-01,-2.723749E-08
1704799862
-9.993015E-01,-2.728167E-08
1704799872
-9.993174E-01,-2.777893E-08
1704799882
-9.993165E-01,-2.843374E-08
1704799893
-9.993193E-01,-3.013268E-08
1704799903
-9.993551E-01,-2.801860E-08
1704799913
-9.993411E-01,-2.747633E-08
1704799923
-9.993325E-01,-2.804653E-08
1704799933
-9.993673E-01,-2.808737E-08
1704799943
-9.993538E-01,-2.634551E-08
1704799954
-9.993290E-01,-2.755052E-08
1704799964
-9.993519E-01,-2.724373E-08
1704799974
-9.993458E-01,-2.762302E-08
1704799984
-9.993251E-01,-2.692362E-08
1704799994
-9.993039E-01,-2.601704E-08
