1710134369
+5.000489E+01,+5.197017E-08
1710134375
+5.000494E+01,+5.588485E-08
1710134380
+5.000497E+01,+5.769526E-08
1710134385
+5.000498E+01,+5.724893E-08
1710134390
+5.000504E+01,+6.051719E-08
1710134396
+5.000504E+01,+6.229015E-08
1710134401
+5.000500E+01,+6.293612E-08
1710134406
+5.000498E+01,+6.231932E-08
1710134412
+5.000506E+01,+6.410432E-08
1710134417
+5.000507E+01,+6.333579E-08
1710134422
+5.000500E+01,+6.426313E-08
1710134427
+5.000506E+01,+6.441734E-08
1710134432
+5.000506E+01,+6.441653E-08
1710134438
+5.000505E+01,+6.524920E-08
1710134443
+5.000503E+01,+6.634990E-08
1710134448
+5.000502E+01,+6.661080E-08
1710134454
+5.000499E+01,+6.740183E-08
1710134459
+5.000510E+01,+6.671249E-08
1710134464
+5.000505E+01,+6.671914E-08
1710134469
+5.000509E+01,+6.728720E-08
1710134475
+5.000504E+01,+6.718592E-08
1710134480
+5.000511E+01,+6.758268E-08
1710134485
+5.000513E+01,+6.860500E-08
1710134491
+5.000507E+01,+6.822992E-08
1710134496
+5.000507E+01,+6.670873E-08
1710134501
+5.000510E+01,+6.910265E-08
1710134506
+5.000505E+01,+6.897260E-08
1710134511
+5.000505E+01,+6.935352E-08
1710134517
+5.000508E+01,+6.863375E-08
1710134522
+5.000504E+01,+6.839373E-08
1710134527
+5.000504E+01,+7.019123E-08
1710134533
+5.000506E+01,+7.092350E-08
1710134538
+5.000510E+01,+7.230841E-08
1710134543
+5.000503E+01,+7.215337E-08
1710134548
+5.000495E+01,+7.249972E-08
1710134554
+5.000503E+01,+7.358123E-08
1710134559
+5.000510E+01,+7.311653E-08
1710134564
+5.000514E+01,+7.340577E-08
1710134569
+5.000502E+01,+7.264310E-08
1710134575
+5.000504E+01,+7.207420E-08
1710134580
+5.000501E+01,+7.013958E-08
1710134585
+5.000515E+01,+7.101728E-08
1710134591
+5.000509E+01,+7.329739E-08
1710134596
