1704860401
-9.999566E-01,-3.587929E-08
1704860412
-9.999600E-01,-3.677293E-08
1704860422
-9.998841E-01,-3.741606E-08
1704860432
-9.998261E-01,-3.850311E-08
1704860443
-9.998364E-01,-3.948051E-08
1704860453
-9.998305E-01,-3.937422E-08
1704860463
-9.998648E-01,-3.989732E-08
1704860473
-9.997858E-01,-4.106230E-08
1704860484
-9.998482E-01,-4.172710E-08
1704860494
-9.998089E-01,-4.143117E-08
1704860504
-9.998666E-01,-4.201554E-08
1704860515
-9.998887E-01,-4.333809E-08
1704860525
-9.998293E-01,-4.299338E-08
1704860535
-9.997644E-01,-4.439219E-08
1704860545
-9.998229E-01,-4.394413E-08
1704860556
-9.999233E-01,-4.533542E-08
1704860566
-9.998148E-01,-4.505452E-08
1704860576
-9.998580E-01,-4.564054E-08
1704860586
-9.999115E-01,-4.620907E-08
1704860597
-9.998557E-01,-4.601860E-08
1704860607
-9.999649E-01,-4.508411E-08
1704860617
-1.000039E+00,-4.646705E-08
1704860628
-9.999148E-01,-4.565597E-08
1704860638
-9.998811E-01,-4.650624E-08
1704860648
-9.999329E-01,-4.718522E-08
1704860658
-9.997866E-01,-4.743741E-08
1704860668
-9.998113E-01,-4.815556E-08
1704860679
-9.998578E-01,-4.888830E-08
1704860689
-9.998587E-01,-4.825976E-08
1704860699
-9.998962E-01,-5.016415E-08
1704860710
-9.999002E-01,-4.993698E-08
1704860720
-9.997168E-01,-5.088606E-08
1704860730
-9.997530E-01,-5.032213E-08
1704860741
-9.998873E-01,-5.015041E-08
1704860751
-9.998542E-01,-5.030131E-08
1704860761
-9.997922E-01,-5.023960E-08
1704860771
-9.997625E-01,-5.060141E-08
