1708270220
1708270230
1708270241
1708270251
1708270261
1708270272
1708270282
1708270292
1708270302
1708270313
1708270323
1708270333
1708270344
1708270354
1708270364
1708270375
1708270385
1708270395
1708270405
1708270416
1708270426
1708270436
1708270447
1708270457
1708270467
1708270477
1708270488
1708270498
1708270508
1708270519
1708270529
+1.000000E+00,-6.298104E-10,+9.910000E+37,+4.940820E+02,+2.150800E+04
1708270539
1708270549
1708270559
1708270570
1708270580
1708270590
1708270601
1708270611
1708270621
1708270631
1708270642
1708270652
1708270662
1708270673
1708270683
1708270693
1708270704
1708270714
1708270724
1708270734
1708270745
1708270755
1708270765
1708270776
1708270786
1708270796
1708270807
1708270817
1708270827
1708270837
1708270848
1708270858
1708270868
1708270879
1708270889
1708270899
1708270909
1708270920
1708270930
1708270940
1708270951
1708270961
