1706128356
-3.499571E-01,-1.632793E-08
1706128359
-3.295297E-01,-7.858247E-09
1706128362
-3.089982E-01,-6.938756E-09
1706128364
-2.885257E-01,-6.321867E-09
1706128367
-2.680041E-01,-6.356880E-09
1706128369
-2.508570E-01,-6.223083E-09
1706128372
-2.303787E-01,-5.443638E-09
1706128374
-2.098771E-01,-5.635373E-09
1706128377
-1.894222E-01,-5.996335E-09
1706128380
-1.688731E-01,-5.512413E-09
1706128382
-1.484157E-01,-5.386119E-09
1706128385
-1.279475E-01,-5.333183E-09
1706128387
-1.108803E-01,-5.746246E-09
1706128390
-9.038954E-02,-5.308590E-09
1706128393
-6.988461E-02,-6.136385E-09
1706128395
-4.928545E-02,-5.761668E-09
1706128398
-2.885390E-02,-5.739159E-09
1706128400
-8.373999E-03,-5.221476E-09
1706128403
+1.217065E-02,-7.255951E-09
1706128406
+3.266022E-02,-7.253449E-09
1706128408
+5.305723E-02,-6.269767E-09
1706128411
+7.343839E-02,-6.426072E-09
1706128413
+9.387628E-02,-6.376472E-09
1706128416
+1.109042E-01,-6.734097E-09
1706128418
+1.313554E-01,-6.642814E-09
1706128421
+1.518241E-01,-6.200157E-09
1706128424
+1.723070E-01,-5.998837E-09
1706128426
+1.928641E-01,-6.092202E-09
1706128429
+2.135013E-01,-5.674971E-09
1706128431
+2.339793E-01,-6.374388E-09
1706128434
+2.510505E-01,-6.140554E-09
1706128437
+2.716185E-01,-5.805435E-09
1706128439
+2.921365E-01,-5.858788E-09
1706128442
+3.125643E-01,-6.127217E-09
1706128444
+3.330973E-01,-6.407316E-09
1706128447
+3.535175E-01,-5.689558E-09
1706128450
+3.739562E-01,-5.371112E-09
1706128452
+3.945217E-01,-5.491155E-09
1706128455
+4.116106E-01,-6.460251E-09
1706128457
+4.320484E-01,-5.811269E-09
1706128460
+4.525906E-01,-5.712902E-09
1706128462
+4.731419E-01,-5.769172E-09
1706128465
+4.935180E-01,-5.012235E-09
1706128468
+5.140852E-01,-5.454477E-09
1706128470
+5.344888E-01,-5.185213E-09
1706128473
+5.515400E-01,-5.426966E-09
1706128475
+5.720971E-01,-5.300254E-09
1706128478
+5.925377E-01,-5.685810E-09
1706128481
+6.129338E-01,-5.621202E-09
1706128483
+6.335725E-01,-5.128109E-09
1706128486
+6.540662E-01,-5.289416E-09
1706128488
+6.745657E-01,-4.941792E-09
1706128491
+6.916873E-01,-5.598278E-09
1706128494
+7.120133E-01,-5.109769E-09
1706128496
+7.325539E-01,-4.572078E-09
1706128499
+7.530298E-01,-5.376114E-09
1706128501
+7.735671E-01,-5.460311E-09
1706128504
+7.940143E-01,-5.280248E-09
1706128506
+8.144854E-01,-6.130550E-09
1706128509
+8.315735E-01,-5.915474E-09
1706128512
+8.520488E-01,-4.647105E-09
1706128514
+8.726041E-01,-5.682056E-09
1706128517
+8.930844E-01,-4.855095E-09
1706128519
+9.135650E-01,-4.660860E-09
1706128522
+9.340111E-01,-4.441614E-09
1706128525
+9.545373E-01,-4.988892E-09
1706128527
+9.715554E-01,-5.510746E-09
1706128530
+9.920499E-01,-5.407375E-09
1706128532
+1.012519E+00,-5.166040E-09
1706128535
+1.032897E+00,-4.339498E-09
1706128538
+1.053309E+00,-4.966802E-09
1706128540
+1.074132E+00,-5.050582E-09
1706128543
+1.094689E+00,-4.082736E-09
1706128545
+1.111671E+00,-5.048082E-09
1706128548
+1.132231E+00,-4.437031E-09
1706128551
+1.152692E+00,-4.694621E-09
1706128553
+1.173380E+00,-5.706648E-09
1706128556
+1.193796E+00,-5.887546E-09
1706128558
+1.214257E+00,-4.806744E-09
1706128561
+1.234767E+00,-4.634599E-09
1706128564
+1.251779E+00,-5.336934E-09
1706128566
+1.272259E+00,-4.599171E-09
1706128569
+1.292742E+00,-4.964718E-09
1706128571
+1.313235E+00,-4.684617E-09
1706128574
+1.333716E+00,-4.480378E-09
1706128576
+1.354184E+00,-3.863075E-09
1706128579
+1.374623E+00,-4.776734E-09
1706128582
+1.395186E+00,-4.616260E-09
1706128584
+1.412242E+00,-5.073505E-09
1706128587
+1.432667E+00,-3.759706E-09
1706128589
+1.453162E+00,-5.122274E-09
1706128592
+1.473608E+00,-4.422857E-09
1706128595
+1.494258E+00,-4.569994E-09
1706128597
+1.514812E+00,-4.503719E-09
1706128600
+1.535271E+00,-4.386595E-09
1706128602
+1.552382E+00,-5.225226E-09
1706128605
+1.572815E+00,-5.338183E-09
1706128608
+1.593329E+00,-4.236125E-09
1706128610
+1.613845E+00,-4.182772E-09
1706128613
+1.634318E+00,-4.261134E-09
