1706071792
+1.153136E+00,-1.944075E-09
1706071797
+1.153116E+00,-2.036997E-09
1706071802
+1.153232E+00,-2.179127E-09
1706071808
+1.153252E+00,-1.202584E-09
1706071813
+1.153239E+00,-2.073258E-09
1706071818
+1.153168E+00,-1.944063E-09
1706071823
+1.153206E+00,-2.078682E-09
1706071829
+1.153232E+00,-1.978234E-09
1706071834
+1.153276E+00,-1.738587E-09
1706071839
+1.153219E+00,-1.367637E-09
1706071845
+1.153230E+00,-1.728159E-09
1706071850
+1.153206E+00,-1.595186E-09
1706071855
+1.153190E+00,-1.994063E-09
1706071860
+1.153125E+00,-1.025483E-09
1706071866
+1.153127E+00,-1.653547E-09
1706071871
+1.153097E+00,-1.661044E-09
1706071876
+1.153132E+00,-1.685651E-09
1706071881
+1.153223E+00,-1.419334E-09
1706071887
+1.153136E+00,-1.915306E-09
1706071892
+1.153198E+00,-1.505181E-09
1706071897
+1.153159E+00,-1.785678E-09
1706071902
+1.153176E+00,-2.195797E-09
1706071908
+1.153109E+00,-1.702724E-09
1706071913
+1.153095E+00,-2.528411E-09
1706071918
+1.153127E+00,-2.591766E-09
1706071924
+1.153145E+00,-1.697731E-09
1706071929
+1.153209E+00,-1.796097E-09
1706071934
+1.153200E+00,-1.542279E-09
1706071939
+1.153282E+00,-9.070877E-10
1706071945
+1.153251E+00,-1.591032E-09
1706071950
+1.153229E+00,-2.124107E-09
1706071955
+1.153259E+00,-1.688140E-09
1706071960
+1.153212E+00,-1.628533E-09
1706071966
+1.153180E+00,-1.821543E-09
1706071971
+1.153209E+00,-1.514765E-09
1706071976
+1.153214E+00,-2.189130E-09
1706071982
+1.153196E+00,-1.810282E-09
1706071987
+1.153131E+00,-1.754415E-09
1706071992
+1.153254E+00,-1.717329E-09
1706071997
+1.153233E+00,-1.577282E-09
1706072003
+1.153232E+00,-1.375968E-09
1706072008
+1.153236E+00,-1.825269E-09
1706072013
+1.153157E+00,-1.452656E-09
1706072019
+1.153229E+00,-1.871125E-09
1706072024
+1.153280E+00,-1.678555E-09
1706072029
+1.153259E+00,-1.904465E-09
1706072034
+1.153194E+00,-2.194140E-09
1706072040
+1.153165E+00,-2.131193E-09
1706072045
+1.153149E+00,-1.332612E-09
1706072050
+1.153232E+00,-1.487247E-09
1706072056
+1.153256E+00,-2.288332E-09
1706072061
+1.153358E+00,-1.604384E-09
1706072066
+1.153231E+00,-2.310002E-09
1706072071
+1.153186E+00,-1.533521E-09
1706072077
+1.153169E+00,-1.712730E-09
1706072082
+1.153242E+00,-2.270005E-09
1706072087
+1.153296E+00,-1.915307E-09
1706072092
+1.153202E+00,-2.076184E-09
1706072098
+1.153242E+00,-1.540179E-09
1706072103
+1.153196E+00,-1.841133E-09
1706072108
+1.153202E+00,-1.748169E-09
1706072114
+1.153295E+00,-1.342627E-09
1706072119
+1.153285E+00,-1.472656E-09
1706072124
+1.153237E+00,-1.949880E-09
1706072129
+1.153178E+00,-1.353895E-09
1706072135
+1.153166E+00,-1.709396E-09
1706072140
+1.153120E+00,-1.865689E-09
1706072145
+1.153166E+00,-3.353264E-09
1706072151
+1.153149E+00,-2.048255E-09
1706072156
+1.153171E+00,-1.673135E-09
1706072161
+1.153201E+00,-1.261764E-09
1706072166
+1.153254E+00,-1.978235E-09
1706072172
+1.153254E+00,-2.255406E-09
1706072177
+1.153118E+00,-1.516410E-09
1706072182
+1.153119E+00,-1.779429E-09
1706072188
+1.153219E+00,-2.076613E-09
1706072193
+1.153246E+00,-1.655249E-09
1706072198
+1.153204E+00,-2.655946E-09
1706072203
+1.153151E+00,-1.656899E-09
1706072209
+1.153253E+00,-1.709402E-09
1706072214
+1.153210E+00,-2.413796E-09
1706072219
+1.153226E+00,-8.691608E-10
1706072224
+1.153163E+00,-2.195802E-09
1706072230
+1.153185E+00,-2.355859E-09
1706072235
+1.153124E+00,-2.512569E-09
1706072240
+1.153162E+00,-2.249188E-09
1706072246
+1.153132E+00,-1.543514E-09
1706072251
+1.153157E+00,-1.967806E-09
1706072256
+1.153124E+00,-1.892781E-09
1706072261
+1.153150E+00,-1.404321E-09
1706072267
+1.153242E+00,-2.187471E-09
1706072272
+1.153208E+00,-1.721910E-09
1706072277
+1.153170E+00,-1.143406E-09
1706072283
+1.153191E+00,-1.764414E-09
1706072288
+1.153288E+00,-2.215410E-09
1706072293
+1.153167E+00,-1.797363E-09
1706072298
+1.153222E+00,-2.582173E-09
1706072304
+1.153117E+00,-1.964060E-09
1706072309
+1.153135E+00,-1.839452E-09
1706072314
+1.153124E+00,-2.841023E-09
1706072320
+1.153158E+00,-2.050758E-09
1706072325
+1.153181E+00,-1.857798E-09
1706072330
+1.153213E+00,-2.660948E-09
1706072335
+1.153219E+00,-2.521751E-09
1706072341
+1.153131E+00,-1.935725E-09
1706072346
+1.153122E+00,-2.324599E-09
1706072351
+1.153159E+00,-2.346289E-09
1706072356
+1.153145E+00,-1.971564E-09
1706072362
+1.153175E+00,-1.658129E-09
1706072367
+1.153158E+00,-2.113698E-09
1706072372
+1.153263E+00,-1.792767E-09
1706072378
+1.153174E+00,-2.189129E-09
1706072383
+1.153173E+00,-2.088688E-09
1706072388
+1.153279E+00,-1.315543E-09
1706072393
+1.153217E+00,-1.571040E-09
1706072399
+1.153252E+00,-2.708890E-09
1706072404
+1.153190E+00,-1.690641E-09
1706072409
+1.153176E+00,-1.240514E-09
1706072415
+1.153187E+00,-1.993652E-09
1706072420
+1.153135E+00,-2.192461E-09
1706072425
+1.153167E+00,-2.074511E-09
1706072430
+1.153250E+00,-1.689393E-09
1706072436
+1.153191E+00,-2.278738E-09
1706072441
+1.153217E+00,-1.826925E-09
1706072446
+1.153117E+00,-1.256767E-09
1706072452
+1.153078E+00,-1.663156E-09
1706072457
+1.153152E+00,-1.654794E-09
1706072462
+1.153116E+00,-1.511852E-09
1706072467
+1.153056E+00,-2.181624E-09
1706072473
+1.153107E+00,-2.503814E-09
1706072478
+1.153132E+00,-2.029088E-09
1706072483
+1.153137E+00,-1.508924E-09
1706072488
+1.153136E+00,-1.959899E-09
1706072494
+1.153135E+00,-2.289994E-09
1706072499
+1.153173E+00,-2.188720E-09
1706072504
+1.153189E+00,-1.511839E-09
1706072510
+1.153169E+00,-1.518513E-09
1706072515
+1.153205E+00,-2.393781E-09
1706072520
+1.153236E+00,-2.003671E-09
1706072525
+1.153165E+00,-2.241657E-09
1706072531
+1.153220E+00,-1.764423E-09
1706072536
+1.153188E+00,-1.976983E-09
1706072541
+1.153212E+00,-1.996588E-09
1706072547
+1.153188E+00,-2.212052E-09
1706072552
+1.153171E+00,-2.518407E-09
1706072557
+1.153167E+00,-1.504365E-09
1706072562
+1.153219E+00,-2.379195E-09
1706072568
+1.153303E+00,-1.954906E-09
1706072573
+1.153219E+00,-2.033255E-09
1706072578
+1.153268E+00,-2.652612E-09
1706072584
+1.153178E+00,-2.204551E-09
1706072589
+1.153182E+00,-2.472976E-09
1706072594
+1.153122E+00,-1.992019E-09
1706072599
+1.153100E+00,-2.129951E-09
1706072605
+1.153196E+00,-2.319592E-09
1706072610
+1.153248E+00,-2.048262E-09
1706072615
+1.153181E+00,-1.862794E-09
1706072620
+1.153170E+00,-2.015343E-09
1706072626
+1.153142E+00,-2.032833E-09
1706072631
+1.153097E+00,-2.155367E-09
1706072636
+1.153115E+00,-1.528094E-09
1706072642
+1.153110E+00,-1.851110E-09
1706072647
+1.153155E+00,-1.719399E-09
1706072652
+1.153171E+00,-1.697307E-09
1706072657
+1.153191E+00,-2.039097E-09
1706072663
+1.153171E+00,-1.791498E-09
1706072668
+1.153125E+00,-2.097430E-09
1706072673
+1.153171E+00,-2.176640E-09
1706072679
+1.153123E+00,-2.279995E-09
1706072684
+1.153089E+00,-1.502673E-09
1706072689
+1.153107E+00,-1.844020E-09
1706072694
+1.153181E+00,-1.569388E-09
1706072700
+1.153195E+00,-2.790996E-09
1706072705
+1.153263E+00,-1.681476E-09
1706072710
+1.153208E+00,-2.059507E-09
1706072716
+1.153140E+00,-2.159976E-09
1706072721
+1.153167E+00,-2.252080E-09
1706072726
+1.153266E+00,-2.091627E-09
1706072731
+1.153152E+00,-1.235926E-09
1706072737
+1.153270E+00,-2.118286E-09
1706072742
+1.153194E+00,-1.729411E-09
1706072747
+1.153142E+00,-2.305015E-09
1706072752
+1.153150E+00,-1.935324E-09
1706072758
+1.153172E+00,-1.675645E-09
1706072763
+1.153120E+00,-2.095348E-09
1706072768
+1.153178E+00,-2.478804E-09
1706072774
+1.153152E+00,-2.442560E-09
1706072779
+1.153128E+00,-1.967803E-09
1706072784
+1.153183E+00,-1.718989E-09
1706072789
+1.153239E+00,-2.482559E-09
1706072795
+1.153261E+00,-2.588007E-09
1706072800
+1.153333E+00,-1.645621E-09
1706072805
+1.153125E+00,-1.976977E-09
1706072811
+1.153150E+00,-1.744841E-09
1706072816
+1.153089E+00,-2.336689E-09
1706072821
+1.153086E+00,-1.517683E-09
1706072826
+1.153234E+00,-2.432539E-09
1706072832
+1.153119E+00,-1.733159E-09
1706072837
+1.153232E+00,-1.552263E-09
1706072842
+1.153132E+00,-2.057415E-09
1706072848
+1.153197E+00,-2.037832E-09
1706072853
+1.153171E+00,-2.890609E-09
1706072858
+1.153196E+00,-2.062849E-09
1706072863
+1.153152E+00,-1.876541E-09
1706072869
+1.153092E+00,-1.618121E-09
1706072874
+1.153164E+00,-2.067421E-09
1706072879
+1.153210E+00,-2.144534E-09
1706072884
+1.153118E+00,-2.622606E-09
1706072890
+1.153106E+00,-1.761064E-09
1706072895
+1.153196E+00,-1.967391E-09
1706072900
+1.153176E+00,-1.859439E-09
1706072906
+1.153161E+00,-2.137037E-09
1706072911
+1.153187E+00,-2.706385E-09
1706072916
+1.153177E+00,-2.038251E-09
1706072921
+1.153189E+00,-2.515482E-09
1706072927
+1.153183E+00,-1.611037E-09
1706072932
+1.153171E+00,-1.870288E-09
1706072937
+1.153169E+00,-1.374309E-09
1706072943
+1.153174E+00,-2.075757E-09
1706072948
+1.153175E+00,-1.354715E-09
1706072953
+1.153198E+00,-1.511004E-09
1706072958
+1.153225E+00,-2.511732E-09
1706072964
+1.153053E+00,-1.814011E-09
1706072969
+1.153128E+00,-2.169540E-09
1706072974
+1.153097E+00,-1.281786E-09
1706072980
+1.153132E+00,-2.185373E-09
1706072985
+1.153143E+00,-1.738993E-09
1706072990
+1.153199E+00,-2.370856E-09
1706072995
+1.153198E+00,-2.031172E-09
1706073001
+1.153172E+00,-1.656894E-09
1706073006
+1.153267E+00,-1.805273E-09
1706073011
+1.153193E+00,-1.520182E-09
1706073016
+1.153199E+00,-1.230095E-09
1706073022
+1.153122E+00,-1.227585E-09
1706073027
+1.153075E+00,-1.948227E-09
1706073032
+1.153204E+00,-1.628139E-09
1706073038
+1.153171E+00,-1.879866E-09
1706073043
+1.153180E+00,-2.416297E-09
1706073048
+1.153197E+00,-1.811503E-09
1706073053
+1.153156E+00,-1.516005E-09
1706073059
+1.153139E+00,-1.994074E-09
1706073064
+1.153175E+00,-1.816091E-09
1706073069
+1.153220E+00,-2.032408E-09
1706073075
+1.153276E+00,-1.655221E-09
1706073080
+1.153211E+00,-1.666495E-09
1706073085
+1.153189E+00,-1.728564E-09
1706073090
+1.153173E+00,-2.112869E-09
1706073096
+1.153228E+00,-1.906134E-09
1706073101
+1.153204E+00,-2.709714E-09
1706073106
+1.153199E+00,-1.643962E-09
1706073112
+1.153239E+00,-2.563417E-09
1706073117
+1.153130E+00,-1.875294E-09
1706073122
+1.153151E+00,-2.324170E-09
1706073127
+1.153134E+00,-1.970730E-09
1706073133
+1.153152E+00,-2.495477E-09
1706073138
+1.153173E+00,-1.678559E-09
1706073143
+1.153188E+00,-1.595225E-09
1706073148
+1.153152E+00,-1.753597E-09
1706073154
+1.153146E+00,-1.921131E-09
1706073159
+1.153147E+00,-2.380028E-09
1706073164
+1.153231E+00,-1.570201E-09
1706073170
+1.153220E+00,-1.676493E-09
1706073175
+1.153195E+00,-1.723570E-09
1706073180
+1.153139E+00,-2.278321E-09
1706073185
+1.153148E+00,-3.074842E-09
1706073191
+1.153252E+00,-2.015324E-09
1706073196
+1.153194E+00,-2.030753E-09
1706073201
+1.153192E+00,-2.156209E-09
1706073207
+1.153227E+00,-2.304185E-09
1706073212
+1.153234E+00,-1.483930E-09
1706073217
+1.153319E+00,-2.024091E-09
1706073222
+1.153182E+00,-2.380447E-09
1706073228
+1.153193E+00,-2.407531E-09
1706073233
+1.153210E+00,-2.342936E-09
1706073238
+1.153270E+00,-1.362236E-09
1706073244
+1.153259E+00,-2.122442E-09
1706073249
+1.153272E+00,-2.789745E-09
1706073254
+1.153213E+00,-1.471417E-09
1706073259
+1.153213E+00,-2.117441E-09
1706073265
+1.153183E+00,-2.151631E-09
1706073270
+1.153104E+00,-1.696894E-09
1706073275
+1.153183E+00,-2.397951E-09
1706073280
+1.153161E+00,-2.447128E-09
1706073286
+1.153138E+00,-1.821933E-09
1706073291
+1.153220E+00,-2.578845E-09
1706073296
+1.153147E+00,-1.870291E-09
1706073302
+1.153272E+00,-1.483496E-09
1706073307
+1.153190E+00,-2.114523E-09
1706073312
+1.153175E+00,-2.821420E-09
1706073317
+1.153257E+00,-1.946561E-09
1706073323
+1.153181E+00,-2.281245E-09
1706073328
+1.153190E+00,-2.399630E-09
1706073333
+1.153177E+00,-2.143704E-09
1706073339
+1.153213E+00,-1.885717E-09
1706073344
+1.153261E+00,-1.911554E-09
1706073349
+1.153280E+00,-2.042839E-09
1706073354
+1.153358E+00,-1.695642E-09
1706073360
+1.153267E+00,-1.894038E-09
1706073365
+1.153220E+00,-2.449224E-09
1706073370
+1.153190E+00,-1.536460E-09
1706073376
+1.153272E+00,-1.755248E-09
1706073381
+1.153272E+00,-1.868191E-09
1706073386
+1.153332E+00,-1.251345E-09
1706073391
+1.153251E+00,-2.355032E-09
1706073397
+1.153159E+00,-1.483095E-09
1706073402
+1.153164E+00,-2.479230E-09
1706073407
+1.153200E+00,-1.822360E-09
1706073412
+1.153224E+00,-1.668147E-09
1706073418
+1.153208E+00,-1.958644E-09
1706073423
+1.153227E+00,-1.965315E-09
1706073428
+1.153255E+00,-2.505067E-09
1706073434
+1.153209E+00,-2.268328E-09
1706073439
+1.153280E+00,-2.342511E-09
1706073444
+1.153248E+00,-2.046586E-09
1706073449
+1.153193E+00,-2.062833E-09
1706073455
+1.153146E+00,-2.451295E-09
1706073460
+1.153199E+00,-2.528826E-09
1706073465
+1.153163E+00,-1.554354E-09
1706073471
+1.153111E+00,-1.858608E-09
1706073476
+1.153089E+00,-2.829754E-09
1706073481
+1.153161E+00,-2.006157E-09
1706073486
+1.153162E+00,-2.285000E-09
1706073492
+1.153129E+00,-1.518092E-09
1706073497
+1.153138E+00,-1.761070E-09
1706073502
+1.153149E+00,-2.351688E-09
1706073508
+1.153085E+00,-2.674702E-09
1706073513
+1.153069E+00,-2.000743E-09
1706073518
+1.153202E+00,-1.707310E-09
1706073523
+1.153190E+00,-2.093269E-09
1706073529
+1.153172E+00,-2.520073E-09
1706073534
+1.153243E+00,-2.442965E-09
1706073539
+1.153098E+00,-1.778592E-09
1706073544
+1.153132E+00,-1.310956E-09
1706073550
+1.153190E+00,-2.141194E-09
1706073555
+1.153192E+00,-1.751087E-09
1706073560
+1.153134E+00,-1.177996E-09
1706073566
+1.153103E+00,-2.205379E-09
1706073571
+1.153180E+00,-2.600510E-09
1706073576
+1.153134E+00,-1.476842E-09
1706073581
+1.153197E+00,-1.841518E-09
1706073587
+1.153129E+00,-1.640625E-09
1706073592
+1.153199E+00,-2.225391E-09
1706073597
+1.153236E+00,-2.679286E-09
1706073603
+1.153145E+00,-1.658565E-09
1706073608
+1.153190E+00,-1.682733E-09
1706073613
+1.153214E+00,-2.034935E-09
1706073618
+1.153205E+00,-2.020751E-09
1706073624
+1.153198E+00,-2.272085E-09
1706073629
+1.153142E+00,-2.147041E-09
1706073634
+1.153215E+00,-1.965732E-09
1706073640
+1.153220E+00,-1.712742E-09
1706073645
+1.153117E+00,-2.263333E-09
1706073650
+1.153189E+00,-2.189551E-09
1706073655
+1.153258E+00,-1.531002E-09
1706073661
+1.153203E+00,-1.894466E-09
1706073666
+1.153234E+00,-2.197464E-09
1706073671
+1.153205E+00,-1.412234E-09
1706073676
+1.153299E+00,-1.914044E-09
1706073682
+1.153236E+00,-2.132864E-09
1706073687
+1.153152E+00,-1.620624E-09
1706073692
+1.153264E+00,-2.609681E-09
1706073698
+1.153238E+00,-2.102439E-09
1706073703
+1.153284E+00,-2.310439E-09
1706073708
+1.153219E+00,-2.495903E-09
1706073713
+1.153206E+00,-1.944476E-09
1706073719
+1.153169E+00,-1.809446E-09
1706073724
+1.153217E+00,-1.916129E-09
1706073729
+1.153203E+00,-2.861015E-09
1706073735
+1.153237E+00,-2.051161E-09
1706073740
+1.153150E+00,-2.605948E-09
1706073745
+1.153286E+00,-2.042416E-09
1706073750
+1.153237E+00,-2.081174E-09
1706073756
+1.153288E+00,-2.470889E-09
1706073761
+1.153122E+00,-1.833192E-09
1706073766
+1.153120E+00,-2.306678E-09
1706073772
+1.153166E+00,-1.668967E-09
1706073777
+1.153150E+00,-1.282609E-09
1706073782
+1.153120E+00,-2.595934E-09
1706073787
+1.153196E+00,-1.429727E-09
1706073793
+1.153203E+00,-2.043671E-09
1706073798
+1.153204E+00,-2.149114E-09
1706073803
+1.153197E+00,-1.852353E-09
1706073808
+1.153223E+00,-1.228420E-09
1706073814
+1.153179E+00,-1.125498E-09
1706073819
+1.153185E+00,-2.639275E-09
1706073824
+1.153258E+00,-2.143294E-09
1706073830
+1.153191E+00,-1.842778E-09
1706073835
+1.153271E+00,-2.009531E-09
1706073840
+1.153183E+00,-1.711064E-09
1706073845
+1.153249E+00,-1.790262E-09
1706073851
+1.153244E+00,-2.416701E-09
1706073856
+1.153162E+00,-2.252076E-09
1706073861
+1.153144E+00,-2.022439E-09
1706073867
+1.153120E+00,-2.227489E-09
1706073872
+1.153205E+00,-1.666474E-09
1706073877
+1.153206E+00,-2.561749E-09
1706073882
+1.153201E+00,-1.642715E-09
1706073888
+1.153199E+00,-2.087011E-09
1706073893
+1.153242E+00,-2.143299E-09
1706073898
+1.153178E+00,-2.190374E-09
1706073904
+1.153208E+00,-2.421293E-09
1706073909
+1.153158E+00,-1.880290E-09
1706073914
+1.153176E+00,-1.861141E-09
1706073919
+1.153210E+00,-1.987398E-09
1706073925
+1.153239E+00,-2.510481E-09
1706073930
+1.153184E+00,-1.920725E-09
1706073935
+1.153238E+00,-2.372944E-09
1706073940
+1.153230E+00,-1.781508E-09
1706073946
+1.153177E+00,-2.064529E-09
1706073951
+1.153223E+00,-1.881967E-09
1706073956
+1.153249E+00,-1.950299E-09
1706073962
+1.153198E+00,-2.019086E-09
1706073967
+1.153129E+00,-2.347937E-09
1706073972
+1.153259E+00,-1.490574E-09
1706073977
+1.153263E+00,-2.255404E-09
1706073983
+1.153214E+00,-1.800683E-09
1706073988
+1.153173E+00,-1.394328E-09
1706073993
+1.153231E+00,-2.635940E-09
1706073999
+1.153118E+00,-1.976171E-09
1706074004
+1.153243E+00,-1.819441E-09
1706074009
+1.153151E+00,-1.819430E-09
1706074014
+1.153134E+00,-1.614371E-09
1706074019
+1.153169E+00,-1.754418E-09
1706074025
+1.153273E+00,-1.345539E-09
1706074030
+1.153296E+00,-2.515069E-09
1706074035
+1.153243E+00,-1.999073E-09
1706074041
+1.153217E+00,-2.115353E-09
1706074046
+1.153281E+00,-2.173718E-09
1706074051
+1.153321E+00,-2.107879E-09
1706074056
+1.153192E+00,-1.760241E-09
1706074062
+1.153203E+00,-1.970750E-09
1706074067
+1.153196E+00,-2.513412E-09
1706074072
+1.153216E+00,-2.204555E-09
1706074078
+1.153287E+00,-1.541841E-09
1706074083
+1.153227E+00,-1.898614E-09
1706074088
+1.153301E+00,-1.766082E-09
1706074093
+1.153225E+00,-2.554662E-09
1706074099
+1.153198E+00,-2.180379E-09
1706074104
+1.153177E+00,-2.596343E-09
1706074109
+1.153193E+00,-2.466312E-09
1706074114
+1.153190E+00,-2.168288E-09
1706074120
+1.153240E+00,-1.916993E-09
1706074125
+1.153237E+00,-1.780671E-09
1706074130
+1.153251E+00,-1.393894E-09
1706074136
+1.153166E+00,-1.681896E-09
1706074141
+1.153176E+00,-1.914481E-09
1706074146
+1.153290E+00,-1.877376E-09
1706074151
+1.153226E+00,-1.330970E-09
1706074157
+1.153231E+00,-2.102431E-09
1706074162
+1.153261E+00,-1.734836E-09
1706074167
+1.153278E+00,-1.996576E-09
1706074173
+1.153135E+00,-2.112030E-09
1706074178
+1.153225E+00,-1.878641E-09
1706074183
+1.153142E+00,-1.955716E-09
1706074188
+1.153206E+00,-1.754841E-09
1706074194
+1.153205E+00,-1.895700E-09
1706074199
+1.153131E+00,-2.367944E-09
1706074204
+1.153157E+00,-1.968217E-09
1706074210
+1.153124E+00,-2.491312E-09
1706074215
+1.153074E+00,-2.328340E-09
1706074220
+1.153156E+00,-2.110777E-09
1706074225
+1.153195E+00,-2.432124E-09
1706074231
+1.153185E+00,-2.339175E-09
1706074236
+1.153254E+00,-1.114663E-09
1706074241
+1.153157E+00,-2.077859E-09
1706074246
+1.153239E+00,-1.740668E-09
1706074252
+1.153267E+00,-2.330843E-09
1706074257
+1.153281E+00,-2.705971E-09
1706074262
+1.153220E+00,-1.476412E-09
1706074268
+1.153320E+00,-1.918221E-09
1706074273
+1.153231E+00,-2.117021E-09
1706074278
+1.153248E+00,-6.815951E-10
1706074283
+1.153284E+00,-2.385441E-09
1706074289
+1.153259E+00,-2.259568E-09
1706074294
+1.153229E+00,-2.187469E-09
1706074299
+1.153241E+00,-1.743173E-09
1706074305
+1.153259E+00,-2.412955E-09
1706074310
+1.153290E+00,-1.877374E-09
1706074315
+1.153131E+00,-1.811532E-09
1706074320
+1.153188E+00,-2.071601E-09
1706074326
+1.153210E+00,-2.424207E-09
1706074331
+1.153250E+00,-2.730977E-09
1706074336
+1.153141E+00,-2.055774E-09
1706074342
+1.153134E+00,-1.656885E-09
1706074347
+1.153196E+00,-1.767325E-09
1706074352
+1.153283E+00,-2.475477E-09
1706074357
+1.153193E+00,-2.060761E-09
1706074363
+1.153164E+00,-2.254980E-09
1706074368
+1.153124E+00,-1.142154E-09
1706074373
+1.153116E+00,-2.095368E-09
1706074378
+1.153168E+00,-1.931991E-09
1706074384
+1.153214E+00,-1.886128E-09
1706074389
+1.153188E+00,-2.125371E-09
1706074394
+1.153248E+00,-1.805256E-09
1706074400
+1.153175E+00,-1.882376E-09
1706074405
+1.153167E+00,-1.741490E-09
1706074410
+1.153198E+00,-1.603115E-09
1706074415
+1.153211E+00,-1.955311E-09
1706074421
+1.153235E+00,-1.876957E-09
1706074426
+1.153183E+00,-1.683956E-09
1706074431
+1.153193E+00,-1.795262E-09
1706074437
+1.153197E+00,-1.778183E-09
1706074442
+1.153161E+00,-2.224552E-09
1706074447
+1.153198E+00,-2.184553E-09
1706074452
+1.153225E+00,-1.989909E-09
1706074458
+1.153161E+00,-2.308750E-09
1706074463
+1.153101E+00,-1.427660E-09
1706074468
+1.153147E+00,-2.597603E-09
1706074474
+1.153173E+00,-2.587172E-09
1706074479
+1.153173E+00,-2.417139E-09
1706074484
+1.153296E+00,-1.942812E-09
1706074489
+1.153223E+00,-1.664794E-09
1706074495
+1.153230E+00,-1.935748E-09
1706074500
+1.153160E+00,-1.725644E-09
1706074505
+1.153050E+00,-1.591461E-09
1706074510
+1.153129E+00,-2.110779E-09
1706074516
+1.153177E+00,-2.715132E-09
1706074521
+1.153230E+00,-1.408055E-09
1706074526
+1.153247E+00,-2.063273E-09
1706074532
+1.153343E+00,-1.652305E-09
1706074537
+1.153244E+00,-1.503094E-09
1706074542
+1.153290E+00,-1.906962E-09
1706074547
+1.153197E+00,-1.750234E-09
1706074553
+1.153242E+00,-2.184550E-09
1706074558
+1.153166E+00,-1.871955E-09
1706074563
+1.153174E+00,-1.691476E-09
1706074569
+1.153196E+00,-1.755675E-09
1706074574
+1.153250E+00,-1.787771E-09
1706074579
+1.153282E+00,-1.747749E-09
1706074584
+1.153231E+00,-1.576878E-09
1706074590
+1.153230E+00,-2.169958E-09
1706074595
+1.153251E+00,-2.152462E-09
1706074600
+1.153220E+00,-1.827771E-09
1706074606
+1.153160E+00,-1.884883E-09
1706074611
+1.153237E+00,-1.879441E-09
1706074616
+1.153256E+00,-1.863191E-09
1706074621
+1.153268E+00,-1.497254E-09
1706074627
+1.153149E+00,-2.733472E-09
1706074632
+1.153193E+00,-1.348035E-09
1706074637
+1.153270E+00,-1.566040E-09
1706074642
+1.153132E+00,-2.533422E-09
1706074648
+1.153155E+00,-1.640213E-09
1706074653
+1.153124E+00,-1.886114E-09
1706074658
+1.153278E+00,-2.006179E-09
1706074663
+1.153190E+00,-1.879020E-09
1706074669
+1.153139E+00,-2.538828E-09
1706074674
+1.153107E+00,-2.410454E-09
1706074679
+1.153239E+00,-2.289161E-09
1706074684
+1.153200E+00,-1.581869E-09
1706074690
+1.153163E+00,-1.504766E-09
1706074695
+1.153157E+00,-2.016566E-09
1706074700
+1.153112E+00,-1.826100E-09
1706074706
+1.153242E+00,-1.861519E-09
1706074711
+1.153167E+00,-2.069097E-09
1706074716
+1.153240E+00,-1.200911E-09
1706074721
+1.153168E+00,-2.331672E-09
1706074727
+1.153197E+00,-2.036173E-09
1706074732
+1.153144E+00,-1.765257E-09
1706074737
+1.153218E+00,-1.814029E-09
1706074743
+1.153265E+00,-1.377224E-09
1706074748
+1.153264E+00,-2.074086E-09
1706074753
+1.153204E+00,-2.432551E-09
1706074758
+1.153150E+00,-2.492144E-09
1706074764
+1.153220E+00,-2.115354E-09
1706074769
+1.153230E+00,-1.844017E-09
1706074774
+1.153200E+00,-1.221745E-09
1706074779
+1.153165E+00,-1.630222E-09
1706074785
+1.153189E+00,-2.212904E-09
1706074790
+1.153138E+00,-1.460598E-09
1706074795
+1.153110E+00,-1.939056E-09
1706074801
+1.153196E+00,-1.634807E-09
1706074806
+1.153059E+00,-2.367937E-09
1706074811
+1.153203E+00,-1.976153E-09
1706074816
+1.153149E+00,-1.986984E-09
1706074822
+1.153054E+00,-2.026992E-09
1706074827
+1.153087E+00,-1.988640E-09
1706074832
+1.153234E+00,-1.886115E-09
1706074838
+1.153213E+00,-1.864031E-09
1706074843
+1.153293E+00,-9.629274E-10
1706074848
+1.153223E+00,-2.016999E-09
1706074853
+1.153131E+00,-1.797764E-09
1706074859
+1.153222E+00,-1.984062E-09
1706074864
+1.153253E+00,-1.804858E-09
1706074869
+1.153206E+00,-1.890701E-09
1706074875
+1.153174E+00,-2.111201E-09
1706074880
+1.153175E+00,-2.190380E-09
1706074885
+1.153202E+00,-2.211231E-09
1706074890
+1.153249E+00,-2.350013E-09
1706074896
+1.153217E+00,-2.106608E-09
1706074901
+1.153128E+00,-1.825266E-09
1706074906
+1.153157E+00,-1.600614E-09
1706074911
+1.153157E+00,-2.132453E-09
1706074917
+1.153173E+00,-2.114113E-09
1706074922
+1.153214E+00,-1.758996E-09
1706074927
+1.153239E+00,-2.452134E-09
1706074933
+1.153139E+00,-1.937805E-09
1706074938
+1.153161E+00,-2.229144E-09
1706074943
+1.153148E+00,-1.971141E-09
1706074948
+1.153195E+00,-2.118270E-09
1706074954
+1.153149E+00,-2.755980E-09
1706074959
+1.153132E+00,-2.622602E-09
1706074964
+1.153259E+00,-1.810252E-09
1706074970
+1.153208E+00,-1.562263E-09
1706074975
+1.153229E+00,-2.176207E-09
1706074980
+1.153299E+00,-1.558951E-09
1706074985
+1.153219E+00,-2.006584E-09
1706074991
+1.153214E+00,-2.068674E-09
1706074996
+1.153202E+00,-1.738997E-09
1706075001
+1.153113E+00,-2.442543E-09
1706075007
+1.153204E+00,-1.981983E-09
1706075012
+1.153182E+00,-1.621465E-09
1706075017
+1.153108E+00,-1.765668E-09
1706075022
+1.153131E+00,-2.162867E-09
1706075028
+1.153159E+00,-2.128281E-09
1706075033
+1.153219E+00,-1.882789E-09
1706075038
+1.153208E+00,-1.798589E-09
1706075043
+1.153200E+00,-1.982832E-09
1706075049
+1.153251E+00,-1.806514E-09
1706075054
+1.153231E+00,-1.360143E-09
1706075059
+1.153259E+00,-1.850275E-09
1706075065
+1.153185E+00,-2.092024E-09
1706075070
+1.153132E+00,-2.488814E-09
1706075075
+1.153164E+00,-2.068266E-09
1706075080
+1.153162E+00,-1.674382E-09
1706075086
+1.153221E+00,-2.420041E-09
1706075091
+1.153222E+00,-1.947400E-09
1706075096
+1.153239E+00,-2.067019E-09
1706075102
+1.153155E+00,-2.509237E-09
1706075107
+1.153257E+00,-1.977392E-09
1706075112
+1.153246E+00,-1.870277E-09
1706075117
+1.153298E+00,-2.242893E-09
1706075123
+1.153195E+00,-2.287508E-09
1706075128
+1.153151E+00,-2.522988E-09
1706075133
+1.153176E+00,-1.858619E-09
1706075139
+1.153212E+00,-2.042432E-09
1706075144
+1.153267E+00,-2.318749E-09
1706075149
+1.153215E+00,-1.945314E-09
1706075154
+1.153131E+00,-1.442641E-09
1706075160
+1.153168E+00,-1.100060E-09
1706075165
+1.153184E+00,-1.885705E-09
1706075170
+1.153166E+00,-1.957401E-09
1706075175
+1.153220E+00,-2.441294E-09
1706075181
+1.153185E+00,-1.932392E-09
1706075186
+1.153191E+00,-2.127441E-09
1706075191
+1.153160E+00,-1.853212E-09
1706075196
+1.153198E+00,-2.102027E-09
1706075202
+1.153310E+00,-2.026159E-09
1706075207
+1.153202E+00,-2.028665E-09
1706075212
+1.153229E+00,-1.468488E-09
1706075217
+1.153206E+00,-1.756502E-09
1706075223
+1.153194E+00,-2.152863E-09
1706075228
+1.153093E+00,-1.953228E-09
1706075233
+1.153076E+00,-1.413059E-09
1706075239
+1.153171E+00,-1.716908E-09
1706075244
+1.153216E+00,-2.524235E-09
1706075249
+1.153179E+00,-2.184546E-09
1706075254
+1.153237E+00,-1.828179E-09
1706075260
+1.153290E+00,-2.082843E-09
1706075265
+1.153218E+00,-1.962798E-09
1706075270
+1.153216E+00,-1.998648E-09
1706075276
+1.153142E+00,-2.284167E-09
1706075281
+1.153159E+00,-2.284590E-09
1706075286
+1.153196E+00,-1.889878E-09
1706075291
+1.153222E+00,-1.548112E-09
1706075297
+1.153272E+00,-1.911951E-09
1706075302
+1.153238E+00,-1.686479E-09
1706075307
+1.153249E+00,-1.878205E-09
1706075313
+1.153278E+00,-2.987311E-09
1706075318
+1.153230E+00,-2.039927E-09
1706075323
+1.153263E+00,-2.007833E-09
1706075328
+1.153239E+00,-1.789419E-09
1706075334
+1.153171E+00,-2.095792E-09
1706075339
+1.153128E+00,-2.223306E-09
1706075344
+1.153185E+00,-2.613852E-09
1706075349
+1.153207E+00,-2.510066E-09
1706075355
+1.153193E+00,-2.601762E-09
1706075360
+1.153242E+00,-2.551763E-09
1706075365
+1.153247E+00,-2.020327E-09
1706075371
+1.153211E+00,-2.039499E-09
1706075376
+1.153190E+00,-2.310839E-09
1706075381
+1.153182E+00,-1.857788E-09
1706075386
+1.153251E+00,-2.177047E-09
1706075392
+1.153287E+00,-1.759001E-09
1706075397
+1.153173E+00,-1.403888E-09
1706075402
+1.153163E+00,-2.471725E-09
1706075408
+1.153177E+00,-2.838508E-09
1706075413
+1.153212E+00,-2.188291E-09
1706075418
+1.153160E+00,-2.310000E-09
1706075423
+1.153154E+00,-1.982806E-09
1706075429
+1.153121E+00,-2.071188E-09
1706075434
+1.153073E+00,-1.907414E-09
1706075439
+1.153229E+00,-2.450892E-09
1706075445
+1.153272E+00,-1.402220E-09
1706075450
+1.153208E+00,-2.724724E-09
1706075455
+1.153279E+00,-2.124947E-09
1706075460
+1.153200E+00,-2.447543E-09
1706075466
+1.153184E+00,-1.749827E-09
1706075471
+1.153149E+00,-1.530168E-09
1706075476
+1.153255E+00,-2.362938E-09
1706075481
+1.153182E+00,-1.774844E-09
1706075487
+1.153204E+00,-1.916538E-09
1706075492
+1.153213E+00,-2.124535E-09
1706075497
+1.153198E+00,-1.708148E-09
1706075503
+1.153159E+00,-1.992417E-09
1706075508
+1.153178E+00,-2.137446E-09
1706075513
+1.153114E+00,-1.865292E-09
1706075518
+1.153173E+00,-2.166212E-09
1706075524
+1.153069E+00,-2.102011E-09
1706075529
+1.153121E+00,-2.525901E-09
1706075534
+1.153206E+00,-1.369715E-09
1706075540
+1.153152E+00,-1.583110E-09
1706075545
+1.153269E+00,-1.853196E-09
1706075550
+1.153201E+00,-1.801093E-09
1706075555
+1.153236E+00,-2.101204E-09
1706075561
+1.153226E+00,-2.103683E-09
1706075566
+1.153185E+00,-2.004068E-09
1706075571
+1.153165E+00,-2.613021E-09
1706075577
+1.153211E+00,-1.806946E-09
1706075582
+1.153175E+00,-1.308858E-09
1706075587
+1.153258E+00,-1.729818E-09
1706075592
+1.153285E+00,-2.216640E-09
1706075598
+1.153267E+00,-1.546412E-09
1706075603
+1.153190E+00,-1.383042E-09
1706075608
+1.153179E+00,-1.312203E-09
1706075613
+1.153217E+00,-2.155372E-09
1706075619
+1.153177E+00,-2.187048E-09
1706075624
+1.153223E+00,-1.763165E-09
1706075629
+1.153249E+00,-1.534342E-09
1706075635
+1.153310E+00,-1.645619E-09
1706075640
+1.153235E+00,-1.868602E-09
1706075645
+1.153251E+00,-2.177874E-09
1706075650
+1.153176E+00,-1.734444E-09
1706075656
+1.153144E+00,-2.515500E-09
1706075661
+1.153185E+00,-1.768581E-09
1706075666
+1.153160E+00,-2.077425E-09
1706075672
+1.153147E+00,-2.055750E-09
1706075677
+1.153194E+00,-2.242061E-09
1706075682
+1.153105E+00,-1.590601E-09
1706075687
+1.153056E+00,-1.345949E-09
1706075693
+1.153201E+00,-1.760250E-09
1706075698
+1.153040E+00,-1.717331E-09
1706075703
+1.153193E+00,-1.874871E-09
1706075708
+1.153215E+00,-2.399203E-09
1706075714
+1.153198E+00,-2.277075E-09
1706075719
+1.153226E+00,-2.217068E-09
1706075724
+1.153227E+00,-2.944374E-09
1706075729
+1.153147E+00,-1.544363E-09
1706075734
+1.153181E+00,-2.442548E-09
1706075740
+1.153166E+00,-1.630223E-09
1706075745
+1.153169E+00,-2.235395E-09
1706075750
+1.153127E+00,-1.784419E-09
1706075755
+1.153204E+00,-2.443792E-09
1706075761
+1.153190E+00,-1.808597E-09
1706075766
+1.153138E+00,-1.980307E-09
1706075771
+1.153136E+00,-1.780672E-09
1706075776
+1.153088E+00,-2.454634E-09
1706075782
+1.153142E+00,-1.736895E-09
1706075787
+1.153063E+00,-2.355851E-09
1706075792
+1.153152E+00,-1.885701E-09
1706075798
+1.153039E+00,-1.859024E-09
1706075803
+1.153069E+00,-1.591886E-09
1706075808
+1.153038E+00,-1.822783E-09
1706075813
+1.153237E+00,-2.589265E-09
1706075819
+1.153144E+00,-1.981973E-09
1706075824
+1.153108E+00,-1.948632E-09
1706075829
+1.153215E+00,-1.698144E-09
1706075834
+1.153231E+00,-2.250399E-09
1706075840
+1.153164E+00,-2.092856E-09
1706075845
+1.153198E+00,-1.974073E-09
1706075850
+1.153167E+00,-2.141613E-09
1706075856
+1.153107E+00,-1.955718E-09
1706075861
+1.153162E+00,-1.894048E-09
1706075866
+1.153180E+00,-1.929060E-09
1706075871
+1.153175E+00,-2.205382E-09
1706075877
+1.153197E+00,-2.199147E-09
1706075882
+1.153121E+00,-1.909874E-09
1706075887
+1.153175E+00,-2.554253E-09
1706075893
+1.153282E+00,-1.612700E-09
1706075898
+1.153197E+00,-2.015748E-09
1706075903
+1.153219E+00,-2.214553E-09
1706075908
+1.153168E+00,-1.877369E-09
1706075914
+1.153204E+00,-2.230395E-09
1706075919
+1.153224E+00,-1.951134E-09
1706075924
+1.153209E+00,-2.475474E-09
1706075930
+1.153193E+00,-2.151623E-09
1706075935
+1.153104E+00,-2.052442E-09
1706075940
+1.153169E+00,-2.375454E-09
1706075945
+1.153256E+00,-1.928648E-09
1706075951
+1.153265E+00,-2.434219E-09
1706075956
+1.153125E+00,-2.046164E-09
1706075961
+1.153181E+00,-2.340429E-09
1706075966
+1.153147E+00,-2.045762E-09
1706075972
+1.153141E+00,-2.196651E-09
1706075977
+1.153199E+00,-1.722331E-09
1706075982
+1.153190E+00,-1.921133E-09
1706075987
+1.153157E+00,-2.396280E-09
1706075993
+1.153146E+00,-2.609682E-09
1706075998
+1.153121E+00,-1.818188E-09
1706076003
+1.153091E+00,-1.796506E-09
1706076008
+1.153248E+00,-1.426404E-09
1706076014
+1.153221E+00,-1.629374E-09
1706076019
+1.153203E+00,-2.200405E-09
1706076024
+1.153229E+00,-2.006578E-09
1706076030
+1.153235E+00,-1.882779E-09
1706076035
+1.153214E+00,-2.386708E-09
1706076040
+1.153211E+00,-1.432250E-09
1706076045
+1.153173E+00,-1.629796E-09
1706076051
+1.153199E+00,-1.809029E-09
1706076056
+1.153161E+00,-2.319609E-09
1706076061
+1.153227E+00,-2.101595E-09
1706076067
+1.153247E+00,-1.670639E-09
1706076072
+1.153195E+00,-1.749433E-09
1706076077
+1.153319E+00,-1.750683E-09
1706076082
+1.153284E+00,-1.858613E-09
1706076088
+1.153304E+00,-2.397974E-09
1706076093
+1.153321E+00,-2.369616E-09
1706076098
+1.153189E+00,-1.629795E-09
1706076103
+1.153219E+00,-2.069917E-09
1706076109
+1.153145E+00,-2.387532E-09
1706076114
+1.153175E+00,-2.387941E-09
1706076119
+1.153163E+00,-2.077844E-09
1706076124
+1.153267E+00,-1.969484E-09
1706076130
+1.153194E+00,-2.490478E-09
1706076135
+1.153176E+00,-2.605098E-09
1706076140
+1.153203E+00,-2.065333E-09
1706076145
+1.153187E+00,-2.588847E-09
1706076151
+1.153158E+00,-1.997827E-09
1706076156
+1.153253E+00,-1.881966E-09
1706076161
+1.153170E+00,-2.687627E-09
1706076167
+1.153207E+00,-2.223314E-09
1706076172
+1.153193E+00,-1.964470E-09
1706076177
+1.153220E+00,-2.464665E-09
1706076182
+1.153199E+00,-2.064517E-09
1706076188
+1.153221E+00,-1.345140E-09
1706076193
+1.153149E+00,-1.563955E-09
1706076198
+1.153181E+00,-2.403365E-09
1706076204
+1.153197E+00,-2.434628E-09
1706076209
+1.153193E+00,-2.593424E-09
1706076214
+1.153073E+00,-1.688570E-09
1706076219
+1.153185E+00,-2.167887E-09
1706076224
+1.153220E+00,-2.027832E-09
1706076230
+1.153218E+00,-2.045764E-09
1706076235
+1.153190E+00,-2.064499E-09
1706076240
+1.153154E+00,-2.298749E-09
1706076246
+1.153202E+00,-2.204984E-09
1706076251
+1.153206E+00,-1.997815E-09
1706076256
+1.153175E+00,-2.142468E-09
1706076261
+1.153161E+00,-2.094518E-09
1706076267
+1.153164E+00,-1.814870E-09
1706076272
+1.153211E+00,-2.440466E-09
1706076277
+1.153267E+00,-1.788588E-09
1706076283
+1.153234E+00,-2.388779E-09
1706076288
+1.153181E+00,-2.356688E-09
1706076293
+1.153232E+00,-1.589378E-09
1706076298
+1.153235E+00,-1.458073E-09
1706076304
+1.153267E+00,-1.379319E-09
1706076309
+1.153170E+00,-2.351681E-09
1706076314
+1.153170E+00,-1.582678E-09
1706076319
+1.153072E+00,-1.638530E-09
1706076325
+1.153130E+00,-2.251660E-09
1706076330
+1.153149E+00,-1.730252E-09
1706076335
+1.153285E+00,-2.379604E-09
1706076341
+1.153321E+00,-2.567999E-09
1706076346
+1.153342E+00,-2.104518E-09
1706076351
+1.153138E+00,-2.517574E-09
1706076356
+1.153201E+00,-1.923623E-09
1706076362
+1.153177E+00,-2.311255E-09
1706076367
+1.153126E+00,-2.092024E-09
1706076372
+1.153170E+00,-2.279569E-09
1706076378
+1.153229E+00,-1.577282E-09
1706076383
+1.153200E+00,-1.861124E-09
1706076388
+1.153178E+00,-1.824020E-09
1706076393
+1.153174E+00,-1.974068E-09
1706076399
+1.153154E+00,-2.192880E-09
1706076404
+1.153217E+00,-3.106510E-09
1706076409
+1.153153E+00,-2.094941E-09
1706076415
+1.153241E+00,-2.405448E-09
1706076420
+1.153297E+00,-2.467549E-09
1706076425
+1.153265E+00,-1.619391E-09
1706076430
+1.153197E+00,-1.935727E-09
1706076436
+1.153255E+00,-2.369197E-09
1706076441
+1.153222E+00,-1.947806E-09
1706076446
+1.153233E+00,-2.107447E-09
1706076451
+1.153332E+00,-1.601865E-09
1706076457
+1.153355E+00,-2.078687E-09
1706076462
+1.153208E+00,-1.413468E-09
1706076467
+1.153154E+00,-2.229149E-09
1706076473
+1.153206E+00,-2.078260E-09
1706076478
+1.153260E+00,-2.316665E-09
1706076483
+1.153227E+00,-1.877368E-09
1706076488
+1.153139E+00,-1.628967E-09
1706076493
+1.153187E+00,-1.794844E-09
1706076499
+1.153165E+00,-2.280828E-09
1706076504
+1.153200E+00,-2.109119E-09
1706076509
+1.153168E+00,-2.726802E-09
1706076515
+1.153241E+00,-2.192879E-09
1706076520
+1.153236E+00,-1.803593E-09
1706076525
+1.153058E+00,-2.195804E-09
1706076530
+1.153101E+00,-2.413372E-09
1706076536
+1.153167E+00,-2.186209E-09
1706076541
+1.153283E+00,-2.735137E-09
1706076546
+1.153320E+00,-1.794837E-09
1706076552
+1.153286E+00,-2.287909E-09
1706076557
+1.153181E+00,-2.198311E-09
1706076562
+1.153293E+00,-1.928215E-09
1706076567
+1.153256E+00,-2.185377E-09
1706076573
+1.153173E+00,-2.018671E-09
1706076578
+1.153214E+00,-1.924879E-09
1706076583
+1.153151E+00,-1.851103E-09
1706076588
+1.153174E+00,-2.135362E-09
1706076594
+1.153150E+00,-1.556874E-09
1706076599
+1.153232E+00,-1.868622E-09
1706076604
+1.153226E+00,-2.605095E-09
1706076610
+1.153240E+00,-1.699832E-09
1706076615
+1.153208E+00,-2.277903E-09
1706076620
+1.153132E+00,-1.827760E-09
1706076625
+1.153174E+00,-2.357098E-09
1706076631
+1.153197E+00,-1.954465E-09
1706076636
+1.153247E+00,-1.798590E-09
1706076641
+1.153229E+00,-2.307079E-09
1706076647
+1.153228E+00,-2.429208E-09
1706076652
+1.153289E+00,-2.127029E-09
1706076657
+1.153204E+00,-1.113390E-09
1706076662
+1.153201E+00,-2.508814E-09
1706076668
+1.153319E+00,-2.221652E-09
1706076673
+1.153330E+00,-2.505493E-09
1706076678
+1.153231E+00,-2.039504E-09
1706076684
+1.153218E+00,-2.154541E-09
1706076689
+1.153283E+00,-2.054516E-09
1706076694
+1.153200E+00,-2.286680E-09
1706076699
+1.153163E+00,-2.865185E-09
1706076705
+1.153221E+00,-1.639376E-09
1706076710
+1.153269E+00,-2.047011E-09
1706076715
+1.153224E+00,-2.352100E-09
1706076720
+1.153191E+00,-2.796825E-09
1706076726
+1.153237E+00,-1.464764E-09
1706076731
+1.153253E+00,-1.837367E-09
1706076736
+1.153187E+00,-2.626364E-09
1706076742
+1.153251E+00,-2.449209E-09
1706076747
+1.153258E+00,-2.745160E-09
1706076752
+1.153146E+00,-2.571753E-09
1706076757
+1.153172E+00,-2.432124E-09
1706076763
+1.153213E+00,-1.107568E-09
1706076768
+1.153111E+00,-1.579367E-09
1706076773
+1.153138E+00,-1.733157E-09
1706076779
+1.153209E+00,-2.218735E-09
1706076784
+1.153239E+00,-1.804841E-09
1706076789
+1.153219E+00,-1.599366E-09
1706076794
+1.153214E+00,-1.593535E-09
1706076800
+1.153159E+00,-1.560200E-09
1706076805
+1.153248E+00,-1.754831E-09
1706076810
+1.153205E+00,-1.853618E-09
1706076816
+1.153206E+00,-2.274164E-09
1706076821
+1.153166E+00,-2.976884E-09
1706076826
+1.153147E+00,-1.995312E-09
1706076831
+1.153151E+00,-2.183715E-09
1706076837
+1.153190E+00,-1.946132E-09
1706076842
+1.153213E+00,-1.395127E-09
1706076847
+1.153220E+00,-1.997409E-09
1706076852
+1.153175E+00,-1.785666E-09
1706076858
+1.153168E+00,-2.238723E-09
1706076863
+1.153177E+00,-2.450465E-09
1706076868
+1.153211E+00,-1.415966E-09
1706076873
+1.153291E+00,-1.357219E-09
1706076879
+1.153342E+00,-1.653543E-09
1706076884
+1.153242E+00,-1.906129E-09
1706076889
+1.153194E+00,-1.598957E-09
1706076894
+1.153191E+00,-2.324181E-09
1706076899
+1.153234E+00,-2.222890E-09
1706076905
+1.153186E+00,-2.302930E-09
1706076910
+1.153121E+00,-2.996474E-09
1706076915
+1.153161E+00,-2.170788E-09
1706076921
+1.153228E+00,-1.629378E-09
1706076926
+1.153132E+00,-2.693050E-09
1706076931
+1.153132E+00,-2.058253E-09
1706076936
+1.153108E+00,-2.192877E-09
1706076942
+1.153126E+00,-1.495601E-09
1706076947
+1.153177E+00,-2.310829E-09
1706076952
+1.153199E+00,-2.102436E-09
1706076958
+1.153122E+00,-2.460882E-09
1706076963
+1.153117E+00,-2.248735E-09
1706076968
+1.153134E+00,-2.006564E-09
1706076973
+1.153110E+00,-2.508816E-09
1706076978
+1.153074E+00,-2.247902E-09
1706076984
+1.153157E+00,-2.460051E-09
1706076989
+1.153116E+00,-1.925719E-09
1706076994
+1.153242E+00,-1.543089E-09
1706077000
+1.153148E+00,-2.538408E-09
1706077005
+1.153179E+00,-1.763181E-09
1706077010
+1.153126E+00,-1.829017E-09
1706077015
+1.153201E+00,-1.671057E-09
1706077021
+1.153170E+00,-1.326809E-09
1706077026
+1.153213E+00,-2.759745E-09
1706077031
+1.153162E+00,-1.846524E-09
1706077037
+1.153214E+00,-1.870689E-09
1706077042
+1.153204E+00,-1.924062E-09
1706077047
+1.153123E+00,-2.363775E-09
1706077052
+1.153194E+00,-1.559364E-09
1706077058
+1.153229E+00,-1.557700E-09
1706077063
+1.153154E+00,-1.738583E-09
1706077068
+1.153124E+00,-2.069508E-09
1706077074
+1.153216E+00,-1.916122E-09
1706077079
+1.153177E+00,-1.741915E-09
1706077084
+1.153192E+00,-1.508917E-09
1706077089
+1.153197E+00,-1.640631E-09
1706077095
+1.153208E+00,-2.048247E-09
1706077100
+1.153207E+00,-1.816519E-09
1706077105
+1.153253E+00,-1.840703E-09
1706077110
+1.153265E+00,-2.360852E-09
1706077116
+1.153192E+00,-2.088703E-09
1706077121
+1.153153E+00,-2.097013E-09
1706077126
+1.153134E+00,-2.215810E-09
1706077132
+1.153152E+00,-2.184552E-09
1706077137
+1.153137E+00,-2.167470E-09
1706077142
+1.153152E+00,-1.184237E-09
1706077147
+1.153165E+00,-1.688557E-09
1706077153
+1.153146E+00,-1.223441E-09
1706077158
+1.153174E+00,-1.710238E-09
1706077163
+1.153174E+00,-2.533823E-09
1706077169
+1.153132E+00,-2.244567E-09
1706077174
+1.153237E+00,-1.551027E-09
1706077179
+1.153160E+00,-2.536332E-09
1706077184
+1.153160E+00,-2.099103E-09
1706077190
+1.153150E+00,-1.949049E-09
1706077195
+1.153225E+00,-1.395976E-09
1706077200
+1.153247E+00,-2.019513E-09
1706077206
+1.153187E+00,-1.737334E-09
1706077211
+1.153211E+00,-2.416282E-09
1706077216
+1.153181E+00,-1.896529E-09
1706077221
+1.153130E+00,-1.794843E-09
1706077226
+1.153239E+00,-1.801519E-09
1706077232
+1.153159E+00,-2.444628E-09
1706077237
+1.153180E+00,-2.745141E-09
1706077242
+1.153213E+00,-1.943236E-09
1706077247
+1.153243E+00,-1.798168E-09
1706077253
+1.153172E+00,-1.950320E-09
1706077258
+1.153252E+00,-2.073678E-09
1706077263
+1.153187E+00,-1.933213E-09
1706077269
+1.153152E+00,-2.369185E-09
1706077274
+1.153215E+00,-2.055346E-09
1706077279
+1.153118E+00,-2.221644E-09
1706077284
+1.153090E+00,-2.217481E-09
1706077290
+1.153170E+00,-2.107017E-09
1706077295
+1.153186E+00,-2.291661E-09
1706077300
+1.153171E+00,-1.911148E-09
1706077305
+1.153268E+00,-1.510595E-09
1706077310
+1.153171E+00,-1.479750E-09
1706077316
+1.153199E+00,-1.766082E-09
1706077321
+1.153186E+00,-2.192470E-09
1706077326
+1.153239E+00,-1.741084E-09
1706077331
+1.153222E+00,-1.500604E-09
1706077337
+1.153154E+00,-1.938643E-09
1706077342
+1.153199E+00,-2.322918E-09
1706077347
+1.153137E+00,-2.032008E-09
1706077353
+1.153137E+00,-1.799425E-09
1706077358
+1.153182E+00,-2.288323E-09
1706077363
+1.153180E+00,-1.900710E-09
1706077368
+1.153159E+00,-2.223306E-09
1706077373
+1.153200E+00,-1.887384E-09
1706077378
+1.153148E+00,-2.103281E-09
1706077383
+1.153175E+00,-2.047420E-09
1706077389
+1.153128E+00,-1.922400E-09
1706077394
+1.153190E+00,-1.756088E-09
1706077399
+1.153192E+00,-1.911954E-09
1706077405
+1.153176E+00,-2.107022E-09
1706077410
+1.153076E+00,-1.151746E-09
1706077415
+1.153117E+00,-2.303755E-09
1706077420
+1.153162E+00,-1.931968E-09
1706077426
+1.153156E+00,-1.541439E-09
1706077431
+1.153125E+00,-1.579786E-09
1706077436
+1.153156E+00,-2.639273E-09
1706077441
+1.153204E+00,-2.615534E-09
1706077447
+1.153172E+00,-2.077025E-09
1706077452
+1.153197E+00,-1.894447E-09
1706077457
+1.153105E+00,-1.271351E-09
1706077462
+1.153136E+00,-1.974080E-09
1706077468
+1.153176E+00,-2.690540E-09
1706077473
+1.153212E+00,-2.174542E-09
1706077478
+1.153233E+00,-1.751486E-09
1706077483
+1.153177E+00,-2.114531E-09
1706077489
+1.153083E+00,-1.974486E-09
1706077494
+1.153204E+00,-1.343871E-09
1706077499
+1.153133E+00,-1.956971E-09
1706077504
+1.153165E+00,-2.138274E-09
1706077510
+1.153098E+00,-2.130368E-09
1706077515
+1.153131E+00,-1.704822E-09
1706077520
+1.153197E+00,-2.104940E-09
1706077525
+1.153225E+00,-2.823921E-09
1706077531
+1.153189E+00,-1.691485E-09
1706077536
+1.153268E+00,-2.490484E-09
1706077541
+1.153199E+00,-2.734720E-09
1706077547
+1.153204E+00,-2.270400E-09
1706077552
+1.153163E+00,-2.592591E-09
1706077557
+1.153205E+00,-1.694392E-09
1706077562
+1.153241E+00,-2.162462E-09
1706077568
+1.153188E+00,-1.953236E-09
1706077573
+1.153232E+00,-2.907279E-09
1706077578
+1.153211E+00,-2.244153E-09
1706077584
+1.153210E+00,-2.500064E-09
1706077589
+1.153163E+00,-2.132881E-09
1706077594
+1.153232E+00,-1.643559E-09
1706077599
+1.153281E+00,-2.140776E-09
1706077605
+1.153249E+00,-1.828608E-09
1706077610
+1.153141E+00,-2.390024E-09
1706077615
+1.153177E+00,-2.321669E-09
1706077620
+1.153250E+00,-2.529237E-09
1706077626
+1.153214E+00,-2.187881E-09
1706077631
+1.153121E+00,-1.820679E-09
1706077636
+1.153125E+00,-1.427640E-09
1706077641
+1.153135E+00,-2.091178E-09
1706077647
+1.153120E+00,-2.452976E-09
1706077652
+1.153187E+00,-1.922797E-09
1706077657
+1.153134E+00,-1.829440E-09
1706077663
+1.153185E+00,-2.892279E-09
1706077668
+1.153107E+00,-2.520486E-09
1706077673
+1.153196E+00,-2.100786E-09
1706077678
+1.153281E+00,-2.223721E-09
1706077684
+1.153117E+00,-1.067137E-09
1706077689
+1.153142E+00,-2.104104E-09
1706077694
+1.153145E+00,-1.680216E-09
1706077699
+1.153212E+00,-2.111189E-09
1706077705
+1.153234E+00,-1.733989E-09
1706077710
+1.153158E+00,-1.819842E-09
1706077715
+1.153186E+00,-1.252593E-09
1706077720
+1.153222E+00,-2.351274E-09
1706077726
+1.153285E+00,-2.068670E-09
1706077731
+1.153274E+00,-1.796934E-09
1706077736
+1.153234E+00,-2.170812E-09
1706077741
+1.153179E+00,-2.441724E-09
1706077746
+1.153153E+00,-1.736933E-09
1706077751
+1.153241E+00,-1.577685E-09
1706077757
+1.153069E+00,-2.273733E-09
1706077762
+1.153119E+00,-2.105346E-09
1706077767
+1.153073E+00,-1.601882E-09
1706077773
+1.153176E+00,-1.773597E-09
1706077778
+1.153175E+00,-2.062420E-09
1706077783
+1.153185E+00,-1.613136E-09
1706077788
+1.153053E+00,-1.915282E-09
1706077793
+1.153137E+00,-1.825702E-09
1706077798
+1.153202E+00,-2.141212E-09
1706077804
+1.153144E+00,-2.194540E-09
1706077809
+1.153158E+00,-2.190810E-09
1706077814
+1.153132E+00,-1.593111E-09
1706077820
+1.153141E+00,-2.042433E-09
1706077825
+1.153142E+00,-1.611464E-09
1706077830
+1.153193E+00,-1.804015E-09
1706077835
+1.153209E+00,-1.907385E-09
1706077840
+1.153180E+00,-1.801108E-09
1706077845
+1.153146E+00,-1.295114E-09
1706077851
+1.153253E+00,-2.054911E-09
1706077856
+1.153232E+00,-2.723058E-09
1706077861
+1.153223E+00,-1.242604E-09
1706077867
+1.153156E+00,-1.977821E-09
1706077872
+1.153174E+00,-2.043664E-09
1706077877
+1.153176E+00,-2.077436E-09
1706077882
+1.153125E+00,-2.019922E-09
1706077887
+1.153163E+00,-2.194554E-09
1706077893
+1.153125E+00,-1.867372E-09
1706077898
+1.153165E+00,-1.298040E-09
1706077903
+1.153069E+00,-2.030332E-09
1706077909
+1.153195E+00,-2.605106E-09
1706077914
+1.153134E+00,-1.829031E-09
1706077919
+1.153184E+00,-2.336676E-09
1706077924
+1.153137E+00,-2.049935E-09
1706077930
+1.153172E+00,-1.916122E-09
1706077935
+1.153130E+00,-2.160791E-09
1706077940
+1.153147E+00,-1.757337E-09
1706077945
+1.153129E+00,-1.668976E-09
1706077951
+1.153106E+00,-1.843598E-09
1706077956
+1.153146E+00,-2.933126E-09
1706077961
+1.153229E+00,-1.879029E-09
1706077966
+1.153218E+00,-1.166333E-09
1706077972
+1.153212E+00,-2.369600E-09
1706077977
+1.153158E+00,-1.899450E-09
1706077982
+1.153178E+00,-2.512579E-09
1706077988
+1.153186E+00,-1.230942E-09
1706077993
+1.153317E+00,-2.024499E-09
1706077998
+1.153211E+00,-2.404617E-09
1706078003
+1.153155E+00,-2.863109E-09
1706078009
+1.153152E+00,-1.746075E-09
1706078014
+1.153182E+00,-1.573112E-09
1706078019
+1.153173E+00,-2.499646E-09
1706078024
+1.153199E+00,-2.394199E-09
1706078030
+1.153183E+00,-2.570083E-09
1706078035
+1.153186E+00,-1.786086E-09
1706078040
+1.153271E+00,-2.620519E-09
1706078045
+1.153168E+00,-1.174244E-09
1706078050
+1.153250E+00,-2.200796E-09
1706078056
+1.153132E+00,-2.268758E-09
1706078061
+1.153240E+00,-1.817766E-09
1706078066
+1.153183E+00,-2.126626E-09
1706078071
+1.153200E+00,-2.061191E-09
1706078077
+1.153210E+00,-2.608846E-09
1706078082
+1.153228E+00,-2.240814E-09
1706078087
+1.153197E+00,-1.886964E-09
1706078092
+1.153152E+00,-1.737341E-09
1706078098
+1.153185E+00,-2.295433E-09
1706078103
+1.153191E+00,-1.834025E-09
1706078108
+1.153126E+00,-1.996568E-09
1706078113
+1.153167E+00,-2.283741E-09
1706078119
+1.153233E+00,-2.327516E-09
1706078124
+1.153273E+00,-1.904493E-09
1706078129
+1.153195E+00,-2.047835E-09
1706078135
+1.153180E+00,-2.342098E-09
1706078140
+1.153134E+00,-2.591757E-09
1706078145
+1.153201E+00,-1.767760E-09
1706078150
+1.153128E+00,-2.208733E-09
1706078156
+1.153233E+00,-2.788906E-09
1706078161
+1.153205E+00,-1.214664E-09
1706078166
+1.153220E+00,-1.564360E-09
1706078172
+1.153129E+00,-1.918628E-09
1706078177
+1.153152E+00,-2.197051E-09
1706078182
+1.153188E+00,-2.368348E-09
1706078187
+1.153219E+00,-1.683572E-09
1706078192
+1.153217E+00,-1.586878E-09
1706078198
+1.153214E+00,-2.069929E-09
1706078203
+1.153231E+00,-2.514233E-09
1706078208
+1.153313E+00,-1.327625E-09
1706078214
+1.153297E+00,-2.442540E-09
1706078219
+1.153242E+00,-1.849032E-09
1706078224
+1.153198E+00,-2.269570E-09
1706078229
+1.153191E+00,-2.277486E-09
1706078234
+1.153156E+00,-1.836525E-09
1706078239
+1.153183E+00,-2.065342E-09
1706078245
+1.153192E+00,-2.077449E-09
1706078250
+1.153170E+00,-1.926981E-09
1706078255
+1.153201E+00,-2.310421E-09
1706078260
+1.153252E+00,-2.379617E-09
1706078266
+1.153256E+00,-1.248857E-09
1706078271
+1.153211E+00,-2.542989E-09
1706078276
+1.153097E+00,-2.492147E-09
1706078281
+1.153140E+00,-1.608963E-09
1706078287
+1.153192E+00,-1.132568E-09
1706078292
+1.153180E+00,-1.527691E-09
1706078297
+1.153218E+00,-2.224154E-09
1706078302
+1.153208E+00,-2.026571E-09
1706078308
+1.153187E+00,-1.846100E-09
1706078313
+1.153061E+00,-1.996157E-09
1706078318
+1.153146E+00,-1.556856E-09
1706078323
+1.153236E+00,-1.645628E-09
1706078328
+1.153156E+00,-2.033664E-09
1706078334
+1.153182E+00,-2.117438E-09
1706078339
+1.153142E+00,-2.166209E-09
1706078344
+1.153120E+00,-2.347511E-09
1706078350
+1.153183E+00,-2.268736E-09
1706078355
+1.153173E+00,-1.591456E-09
1706078360
+1.153153E+00,-2.351260E-09
1706078365
+1.153155E+00,-1.727317E-09
1706078370
+1.153145E+00,-1.644385E-09
1706078376
+1.153223E+00,-2.074942E-09
1706078381
+1.153270E+00,-1.893207E-09
1706078386
+1.153249E+00,-2.610517E-09
1706078392
+1.153212E+00,-2.102440E-09
1706078397
+1.153154E+00,-2.397110E-09
1706078402
+1.153208E+00,-1.736486E-09
1706078407
+1.153271E+00,-2.286661E-09
1706078413
+1.153253E+00,-2.089114E-09
1706078418
+1.153132E+00,-1.698978E-09
1706078423
+1.153204E+00,-2.027824E-09
1706078428
+1.153240E+00,-2.077007E-09
1706078434
+1.153219E+00,-2.079094E-09
1706078439
+1.153285E+00,-1.938229E-09
1706078444
+1.153282E+00,-1.814426E-09
1706078449
+1.153274E+00,-2.785578E-09
1706078455
+1.153290E+00,-2.057453E-09
1706078460
+1.153240E+00,-1.897787E-09
1706078465
+1.153176E+00,-1.749003E-09
1706078470
+1.153204E+00,-1.868605E-09
1706078475
+1.153148E+00,-1.767328E-09
1706078480
+1.153195E+00,-2.635113E-09
1706078486
+1.153240E+00,-2.039924E-09
1706078491
+1.153296E+00,-2.267499E-09
1706078496
+1.153213E+00,-2.172883E-09
1706078502
+1.153161E+00,-2.309169E-09
1706078507
+1.153230E+00,-1.947388E-09
1706078512
+1.153247E+00,-2.597176E-09
1706078517
+1.153206E+00,-1.821921E-09
1706078522
+1.153139E+00,-1.941135E-09
1706078528
+1.153211E+00,-1.837762E-09
1706078533
+1.153200E+00,-2.224967E-09
1706078538
+1.153251E+00,-1.651874E-09
1706078544
+1.153214E+00,-2.159132E-09
1706078549
+1.153202E+00,-2.239983E-09
1706078554
+1.153165E+00,-2.167884E-09
1706078559
+1.153191E+00,-1.789001E-09
1706078564
