1705939324
+2.137588E-03,-1.680421E-08
1705939330
+2.147597E-03,-1.704513E-08
1705939335
+2.195128E-03,-1.777955E-08
1705939340
+2.155932E-03,-1.752487E-08
1705939345
+2.249333E-03,-1.698469E-08
1705939351
+2.276852E-03,-1.801004E-08
1705939356
+2.291029E-03,-1.718934E-08
1705939361
+2.170941E-03,-1.778329E-08
1705939367
+2.215144E-03,-1.761199E-08
1705939372
+2.264346E-03,-1.744693E-08
1705939377
+2.304373E-03,-1.757906E-08
1705939382
+2.310210E-03,-1.737274E-08
1705939388
+2.326890E-03,-1.812342E-08
1705939393
+2.308546E-03,-1.775288E-08
1705939398
+2.141762E-03,-1.732981E-08
1705939404
+2.217649E-03,-1.803631E-08
1705939409
+2.258514E-03,-1.780624E-08
1705939414
+2.295205E-03,-1.800255E-08
1705939419
+2.283530E-03,-1.762325E-08
1705939425
+2.246008E-03,-1.683173E-08
1705939430
+2.277696E-03,-1.800506E-08
1705939435
+2.229324E-03,-1.777747E-08
1705939441
+2.309382E-03,-1.692676E-08
1705939446
+2.288535E-03,-1.732232E-08
1705939451
+2.209310E-03,-1.725812E-08
1705939456
+2.105068E-03,-1.671585E-08
1705939462
+2.255177E-03,-1.745528E-08
1705939467
+2.135091E-03,-1.790585E-08
1705939472
+2.210143E-03,-1.603811E-08
1705939477
+2.119247E-03,-1.655955E-08
1705939483
+2.263516E-03,-1.694885E-08
1705939488
+2.255173E-03,-1.709973E-08
1705939493
+2.282697E-03,-1.696344E-08
1705939499
+2.247671E-03,-1.733065E-08
1705939504
+2.314386E-03,-1.670877E-08
1705939509
+2.282696E-03,-1.734732E-08
1705939514
+2.285199E-03,-1.731898E-08
1705939520
+2.180961E-03,-1.691176E-08
1705939525
+2.276024E-03,-1.663791E-08
1705939530
+2.147597E-03,-1.626194E-08
1705939536
+2.210146E-03,-1.732732E-08
1705939541
+2.303546E-03,-1.737984E-08
1705939546
+2.241834E-03,-1.750238E-08
1705939551
+2.203474E-03,-1.731189E-08
1705939557
+2.141764E-03,-1.793753E-08
1705939562
+2.220986E-03,-1.666000E-08
1705939567
+2.261848E-03,-1.693301E-08
1705939572
+2.268520E-03,-1.703680E-08
1705939577
+2.246003E-03,-1.761158E-08
1705939583
+2.175121E-03,-1.708598E-08
1705939588
+2.315218E-03,-1.745319E-08
1705939593
+2.354416E-03,-1.677796E-08
1705939598
+2.316055E-03,-1.653788E-08
1705939604
+2.214313E-03,-1.671377E-08
1705939609
+2.269356E-03,-1.696678E-08
1705939614
+2.214316E-03,-1.697720E-08
1705939620
+2.276857E-03,-1.725229E-08
1705939625
+2.170119E-03,-1.721562E-08
1705939630
+2.145938E-03,-1.735233E-08
1705939635
+2.261851E-03,-1.727105E-08
1705939641
+2.230991E-03,-1.734440E-08
1705939646
+2.279359E-03,-1.787459E-08
1705939651
+2.261014E-03,-1.711391E-08
1705939656
+2.182624E-03,-1.776747E-08
1705939662
+2.266019E-03,-1.730189E-08
1705939667
+2.269357E-03,-1.715851E-08
1705939672
+2.319390E-03,-1.816052E-08
1705939678
+2.311887E-03,-1.708807E-08
1705939683
+2.343576E-03,-1.639408E-08
1705939688
+2.304382E-03,-1.751989E-08
1705939693
+2.338574E-03,-1.714643E-08
1705939699
+2.196807E-03,-1.737984E-08
1705939704
+2.209316E-03,-1.687050E-08
1705939709
+2.240172E-03,-1.724813E-08
1705939715
+2.249342E-03,-1.705806E-08
1705939720
+2.291874E-03,-1.726564E-08
1705939725
+2.231827E-03,-1.767410E-08
1705939730
+2.226826E-03,-1.759658E-08
1705939736
+2.231833E-03,-1.756783E-08
1705939741
+2.205984E-03,-1.745779E-08
1705939746
+2.137600E-03,-1.743070E-08
1705939752
+2.185966E-03,-1.729231E-08
1705939757
+2.162613E-03,-1.712433E-08
1705939762
+2.214315E-03,-1.711558E-08
1705939767
+2.222657E-03,-1.762076E-08
1705939772
+2.232662E-03,-1.720311E-08
1705939778
+2.205148E-03,-1.765702E-08
1705939783
+2.248511E-03,-1.730190E-08
1705939788
+2.266021E-03,-1.744653E-08
1705939793
+2.330236E-03,-1.760701E-08
1705939799
+2.283531E-03,-1.726063E-08
1705939804
+2.291873E-03,-1.720395E-08
1705939809
+2.303547E-03,-1.749863E-08
1705939815
+2.260184E-03,-1.826223E-08
1705939820
+2.231834E-03,-1.743737E-08
1705939825
+2.239338E-03,-1.708266E-08
1705939830
+2.254351E-03,-1.734567E-08
1705939836
+2.229334E-03,-1.726981E-08
1705939841
+2.199311E-03,-1.754323E-08
1705939846
+2.193477E-03,-1.712893E-08
1705939851
+2.204318E-03,-1.739360E-08
1705939857
+2.244351E-03,-1.779584E-08
1705939862
+2.318568E-03,-1.727440E-08
1705939867
+2.253526E-03,-1.676798E-08
1705939872
+2.198483E-03,-1.683550E-08
1705939878
+2.261861E-03,-1.681007E-08
1705939883
+2.240179E-03,-1.803758E-08
1705939888
+2.264365E-03,-1.761702E-08
1705939894
+2.159287E-03,-1.776248E-08
1705939899
+2.254354E-03,-1.759576E-08
1705939904
+2.108420E-03,-1.740111E-08
1705939909
+2.200982E-03,-1.782667E-08
1705939915
+2.213492E-03,-1.813804E-08
1705939920
+2.143441E-03,-1.753532E-08
1705939925
+2.197652E-03,-1.768288E-08
1705939930
+2.195150E-03,-1.737361E-08
1705939936
+2.293552E-03,-1.709768E-08
1705939941
+2.213492E-03,-1.726231E-08
1705939946
+2.190141E-03,-1.767037E-08
1705939952
+2.181801E-03,-1.780166E-08
1705939957
+2.232665E-03,-1.727564E-08
1705939962
+2.244342E-03,-1.750822E-08
1705939967
+2.205150E-03,-1.757117E-08
1705939973
+2.227664E-03,-1.756866E-08
1705939978
+2.272697E-03,-1.754574E-08
1705939983
+2.254352E-03,-1.739652E-08
1705939989
+2.174294E-03,-1.750656E-08
1705939994
+2.122590E-03,-1.726647E-08
1705939999
+2.125094E-03,-1.733900E-08
1705940004
+2.271029E-03,-1.832726E-08
1705940010
+2.238508E-03,-1.755783E-08
1705940015
+2.241838E-03,-1.728147E-08
1705940020
+2.328569E-03,-1.742445E-08
1705940026
+2.286043E-03,-1.729899E-08
1705940031
+2.254355E-03,-1.688968E-08
1705940036
+2.244341E-03,-1.750447E-08
1705940041
+2.270196E-03,-1.720437E-08
1705940047
+2.319397E-03,-1.769996E-08
1705940052
+2.215158E-03,-1.725439E-08
1705940057
+2.155948E-03,-1.683674E-08
1705940062
+2.225999E-03,-1.704348E-08
1705940068
+2.137599E-03,-1.744903E-08
1705940073
+2.202643E-03,-1.720269E-08
1705940078
+2.214317E-03,-1.735650E-08
1705940084
+2.279367E-03,-1.690510E-08
1705940089
+2.327732E-03,-1.740568E-08
1705940094
+2.241843E-03,-1.730024E-08
1705940099
+2.187639E-03,-1.682257E-08
1705940105
+2.287710E-03,-1.710559E-08
1705940110
+2.193475E-03,-1.735484E-08
1705940115
+2.145938E-03,-1.695678E-08
1705940120
+2.295211E-03,-1.664876E-08
1705940125
+2.224329E-03,-1.770079E-08
1705940131
+2.187639E-03,-1.764494E-08
1705940136
+2.205985E-03,-1.689843E-08
1705940141
+2.189308E-03,-1.721104E-08
1705940146
+2.200983E-03,-1.683716E-08
1705940152
+2.213497E-03,-1.722147E-08
1705940157
+2.256865E-03,-1.678591E-08
1705940162
+2.246851E-03,-1.748906E-08
1705940168
+2.301056E-03,-1.722439E-08
1705940173
+2.178475E-03,-1.773666E-08
1705940178
+2.175134E-03,-1.691678E-08
1705940183
+2.114260E-03,-1.748365E-08
1705940189
+2.210994E-03,-1.725106E-08
1705940194
+2.196813E-03,-1.724064E-08
1705940199
+2.277709E-03,-1.736319E-08
1705940204
+2.268536E-03,-1.704641E-08
1705940210
+2.262698E-03,-1.702348E-08
1705940215
+2.273540E-03,-1.768288E-08
1705940220
+2.220168E-03,-1.754116E-08
1705940225
+2.256858E-03,-1.754867E-08
1705940231
+2.217666E-03,-1.745905E-08
1705940236
+2.325244E-03,-1.742613E-08
1705940241
+2.238510E-03,-1.688510E-08
1705940246
+2.286053E-03,-1.734819E-08
1705940252
+2.189312E-03,-1.774290E-08
1705940257
+2.138444E-03,-1.697722E-08
1705940262
+2.176799E-03,-1.727857E-08
1705940267
+2.101745E-03,-1.751990E-08
1705940273
+2.148445E-03,-1.767495E-08
1705940278
+2.143441E-03,-1.796464E-08
1705940283
+2.205151E-03,-1.765995E-08
1705940288
+2.128433E-03,-1.698472E-08
1705940294
+2.117593E-03,-1.724189E-08
1705940299
+2.175135E-03,-1.804842E-08
1705940304
+2.142610E-03,-1.747239E-08
1705940310
+2.212656E-03,-1.733275E-08
1705940315
+2.205990E-03,-1.701431E-08
1705940320
+2.162625E-03,-1.782376E-08
1705940325
+2.106749E-03,-1.796631E-08
1705940331
+2.134274E-03,-1.747364E-08
1705940336
+2.201822E-03,-1.702640E-08
1705940341
+2.197653E-03,-1.684175E-08
1705940347
+2.256857E-03,-1.740111E-08
1705940352
+2.195145E-03,-1.714477E-08
1705940357
+2.256020E-03,-1.742570E-08
1705940362
+2.226835E-03,-1.752199E-08
1705940368
+2.281874E-03,-1.745113E-08
1705940373
+2.239344E-03,-1.806801E-08
1705940378
+2.251024E-03,-1.741529E-08
1705940383
+2.216829E-03,-1.762786E-08
1705940389
+2.163457E-03,-1.756408E-08
1705940394
+2.172631E-03,-1.700764E-08
1705940399
+2.212662E-03,-1.709393E-08
1705940405
+2.236009E-03,-1.772539E-08
1705940410
+2.212660E-03,-1.746238E-08
1705940415
+2.240177E-03,-1.786210E-08
1705940420
+2.180137E-03,-1.744613E-08
1705940426
+2.126766E-03,-1.784502E-08
1705940431
+2.112586E-03,-1.732816E-08
1705940436
+2.178472E-03,-1.764745E-08
1705940442
+2.218499E-03,-1.703099E-08
1705940447
+2.229338E-03,-1.806384E-08
1705940452
+2.264362E-03,-1.741278E-08
1705940457
+2.220999E-03,-1.767246E-08
1705940463
+2.106747E-03,-1.688551E-08
1705940468
+2.113420E-03,-1.747197E-08
1705940473
+2.184304E-03,-1.764244E-08
1705940479
+2.119257E-03,-1.742612E-08
1705940484
+2.228505E-03,-1.750948E-08
1705940489
+2.155118E-03,-1.732150E-08
1705940494
+2.063389E-03,-1.753241E-08
1705940500
+2.148450E-03,-1.752741E-08
1705940505
+2.188477E-03,-1.793672E-08
1705940510
+2.064223E-03,-1.705850E-08
1705940515
+2.103417E-03,-1.793797E-08
1705940521
+2.182640E-03,-1.735110E-08
1705940526
+2.052546E-03,-1.717770E-08
1705940531
+2.070890E-03,-1.755491E-08
1705940537
+2.120097E-03,-1.736985E-08
1705940542
+2.090909E-03,-1.775582E-08
1705940547
+2.053379E-03,-1.750781E-08
1705940552
+2.200985E-03,-1.773706E-08
1705940558
+2.210159E-03,-1.753449E-08
1705940563
+2.253524E-03,-1.721438E-08
1705940568
+2.145111E-03,-1.808718E-08
1705940574
+2.152617E-03,-1.751240E-08
1705940579
+2.090071E-03,-1.818763E-08
1705940584
+2.135106E-03,-1.817888E-08
1705940589
+2.120927E-03,-1.745988E-08
1705940595
+2.094241E-03,-1.788920E-08
1705940600
+2.189315E-03,-1.726274E-08
1705940605
+2.261860E-03,-1.820389E-08
1705940611
+2.281048E-03,-1.764413E-08
1705940616
+2.180973E-03,-1.836062E-08
1705940621
+2.190979E-03,-1.760035E-08
1705940626
+2.176803E-03,-1.766579E-08
1705940632
+2.140109E-03,-1.774748E-08
1705940637
+2.221002E-03,-1.750449E-08
1705940642
+2.119262E-03,-1.764328E-08
1705940647
+2.243513E-03,-1.778541E-08
1705940652
+2.316070E-03,-1.739070E-08
1705940658
+2.216826E-03,-1.719562E-08
1705940663
+2.091742E-03,-1.751157E-08
1705940668
+2.132606E-03,-1.791630E-08
1705940674
+2.173469E-03,-1.822849E-08
1705940679
+2.213500E-03,-1.739612E-08
1705940684
+2.201822E-03,-1.753867E-08
1705940689
+2.132607E-03,-1.879327E-08
1705940695
+2.170969E-03,-1.782794E-08
1705940700
+2.108423E-03,-1.761869E-08
1705940705
+2.181807E-03,-1.760285E-08
1705940711
+2.161792E-03,-1.810428E-08
1705940716
+2.202655E-03,-1.815179E-08
1705940721
+2.106756E-03,-1.834561E-08
1705940726
+2.145946E-03,-1.783501E-08
1705940732
+2.158457E-03,-1.818556E-08
1705940737
+2.210163E-03,-1.797215E-08
1705940742
+2.165963E-03,-1.826517E-08
1705940748
+2.106753E-03,-1.787170E-08
1705940753
+2.229340E-03,-1.760952E-08
1705940758
+2.110093E-03,-1.752741E-08
1705940763
+2.170965E-03,-1.739028E-08
1705940769
+2.170963E-03,-1.801008E-08
1705940774
+2.130939E-03,-1.728024E-08
1705940779
+2.200987E-03,-1.766537E-08
1705940785
+2.195153E-03,-1.762161E-08
1705940790
+2.275208E-03,-1.742613E-08
1705940795
+2.165965E-03,-1.772332E-08
1705940800
+2.167632E-03,-1.754158E-08
1705940805
+2.210166E-03,-1.720522E-08
1705940811
+2.201824E-03,-1.721522E-08
1705940816
+2.211833E-03,-1.755076E-08
1705940821
+2.201824E-03,-1.721439E-08
1705940826
+2.211830E-03,-1.718646E-08
1705940832
+2.178478E-03,-1.777334E-08
1705940837
+2.118430E-03,-1.747656E-08
1705940842
+2.266044E-03,-1.751909E-08
1705940848
+2.157629E-03,-1.712019E-08
1705940853
+2.133445E-03,-1.752033E-08
1705940858
+2.156795E-03,-1.696806E-08
1705940863
+2.210165E-03,-1.735027E-08
1705940869
+2.165967E-03,-1.802468E-08
1705940874
+2.307738E-03,-1.826477E-08
1705940879
+2.314407E-03,-1.771540E-08
1705940885
+2.291895E-03,-1.785004E-08
1705940890
+2.207668E-03,-1.700474E-08
1705940895
+2.262704E-03,-1.830436E-08
1705940900
+2.266879E-03,-1.766831E-08
1705940906
+2.319410E-03,-1.662002E-08
1705940911
+2.246023E-03,-1.738112E-08
1705940916
+2.231851E-03,-1.774208E-08
1705940921
+2.128443E-03,-1.770290E-08
1705940926
+2.247693E-03,-1.752950E-08
1705940932
+2.171803E-03,-1.722231E-08
1705940937
+2.144282E-03,-1.746906E-08
1705940942
+2.109258E-03,-1.747448E-08
1705940947
+2.120095E-03,-1.794297E-08
1705940953
+2.219338E-03,-1.727483E-08
1705940958
+2.120098E-03,-1.789712E-08
1705940963
+2.152619E-03,-1.761036E-08
1705940969
+2.245185E-03,-1.776666E-08
1705940974
+2.279374E-03,-1.740945E-08
1705940979
+2.150115E-03,-1.694929E-08
1705940984
+2.130937E-03,-1.737944E-08
1705940990
+2.100085E-03,-1.669421E-08
1705940995
+2.109257E-03,-1.805343E-08
1705941000
+2.103419E-03,-1.749698E-08
1705941005
+2.145949E-03,-1.804051E-08
1705941010
+2.060049E-03,-1.789545E-08
1705941015
+1.997508E-03,-1.737444E-08
1705941021
+2.075062E-03,-1.714394E-08
1705941026
+2.074232E-03,-1.713519E-08
1705941031
+2.115095E-03,-1.820098E-08
1705941037
+2.122605E-03,-1.735236E-08
1705941042
+2.120932E-03,-1.728649E-08
1705941047
+2.141785E-03,-1.769873E-08
1705941052
+2.168472E-03,-1.714896E-08
1705941058
+2.209336E-03,-1.759537E-08
1705941063
+2.132607E-03,-1.709601E-08
1705941068
+2.195989E-03,-1.762871E-08
1705941073
+2.301067E-03,-1.788755E-08
1705941079
+2.230179E-03,-1.726566E-08
1705941084
+2.265205E-03,-1.796716E-08
1705941089
+2.189315E-03,-1.702807E-08
1705941094
+2.062558E-03,-1.830768E-08
1705941100
+2.091747E-03,-1.780293E-08
1705941105
+2.025865E-03,-1.779209E-08
1705941110
+2.126770E-03,-1.775583E-08
1705941116
+2.083407E-03,-1.835979E-08
1705941121
+2.179308E-03,-1.755242E-08
1705941126
+2.088410E-03,-1.829977E-08
1705941131
+2.080074E-03,-1.767789E-08
1705941136
+2.142622E-03,-1.831020E-08
1705941142
+2.195158E-03,-1.768206E-08
1705941147
+2.150123E-03,-1.781752E-08
1705941152
+2.217668E-03,-1.752158E-08
1705941158
+2.128439E-03,-1.773207E-08
1705941163
+2.125101E-03,-1.746364E-08
1705941168
+2.081740E-03,-1.797216E-08
1705941173
+2.073396E-03,-1.841022E-08
1705941179
+2.047545E-03,-1.811553E-08
1705941184
+2.047544E-03,-1.732234E-08
1705941189
+2.032534E-03,-1.768622E-08
1705941194
+2.002512E-03,-1.739736E-08
1705941200
+2.099248E-03,-1.790421E-08
1705941205
+2.102584E-03,-1.780167E-08
1705941210
+2.097581E-03,-1.797798E-08
1705941216
+2.080903E-03,-1.755200E-08
1705941221
+2.014188E-03,-1.776999E-08
1705941226
+2.065055E-03,-1.806092E-08
1705941231
+2.052547E-03,-1.784210E-08
1705941237
+2.109254E-03,-1.751490E-08
1705941242
+2.058384E-03,-1.720104E-08
1705941247
+2.005845E-03,-1.791004E-08
1705941253
+2.016686E-03,-1.745905E-08
1705941258
+2.082564E-03,-1.785335E-08
1705941263
+2.097578E-03,-1.750907E-08
1705941268
+2.089242E-03,-1.759327E-08
1705941274
+2.085075E-03,-1.848317E-08
1705941279
+2.143448E-03,-1.762078E-08
1705941284
+2.181810E-03,-1.815597E-08
1705941290
+2.143451E-03,-1.766580E-08
1705941295
+2.130943E-03,-1.723773E-08
1705941300
+2.159295E-03,-1.825350E-08
1705941305
+2.106759E-03,-1.795006E-08
1705941311
+2.172638E-03,-1.737320E-08
1705941316
+2.156794E-03,-1.790714E-08
1705941321
+2.162636E-03,-1.796883E-08
1705941326
+2.255199E-03,-1.793798E-08
1705941332
+2.130111E-03,-1.799467E-08
1705941337
+2.239359E-03,-1.799009E-08
1705941342
+2.277716E-03,-1.806053E-08
1705941348
+2.173475E-03,-1.820141E-08
1705941353
+2.246860E-03,-1.751492E-08
1705941358
+2.135949E-03,-1.778168E-08
1705941363
+2.138451E-03,-1.749408E-08
1705941369
+2.140957E-03,-1.797675E-08
1705941374
+2.159300E-03,-1.832395E-08
1705941379
+2.096755E-03,-1.828894E-08
1705941385
+2.149293E-03,-1.816181E-08
1705941390
+2.207673E-03,-1.758370E-08
1705941395
+2.067568E-03,-1.767914E-08
1705941400
+2.134285E-03,-1.690638E-08
1705941406
+2.088418E-03,-1.773375E-08
1705941411
+2.182651E-03,-1.797050E-08
1705941416
+2.130116E-03,-1.770666E-08
1705941422
+2.126780E-03,-1.796383E-08
1705941427
+2.055059E-03,-1.762662E-08
1705941432
+2.130948E-03,-1.752451E-08
1705941437
+2.103433E-03,-1.843650E-08
1705941443
+2.066740E-03,-1.844984E-08
1705941448
+2.086753E-03,-1.761955E-08
1705941453
+2.117606E-03,-1.795424E-08
1705941458
+2.058399E-03,-1.774042E-08
1705941464
+2.108431E-03,-1.756619E-08
1705941469
+2.089255E-03,-1.728818E-08
1705941474
+2.103430E-03,-1.747449E-08
1705941480
+2.200170E-03,-1.757245E-08
1705941485
+2.129284E-03,-1.748825E-08
1705941490
+2.139292E-03,-1.811389E-08
1705941495
+2.202674E-03,-1.829896E-08
1705941500
+2.130949E-03,-1.740280E-08
1705941506
+2.165142E-03,-1.759621E-08
1705941511
+2.131785E-03,-1.714771E-08
1705941516
+2.218517E-03,-1.758162E-08
1705941522
+2.252709E-03,-1.765082E-08
1705941527
+2.174320E-03,-1.792925E-08
1705941532
+2.205178E-03,-1.824478E-08
1705941537
+2.199335E-03,-1.806596E-08
1705941542
+2.184325E-03,-1.777627E-08
1705941548
+2.195165E-03,-1.798676E-08
1705941553
+2.125949E-03,-1.816474E-08
1705941558
+2.151800E-03,-1.750367E-08
1705941564
+2.135119E-03,-1.772041E-08
1705941569
+2.117608E-03,-1.743573E-08
1705941574
+2.130947E-03,-1.791131E-08
1705941579
+2.100092E-03,-1.762538E-08
1705941585
+2.058398E-03,-1.717064E-08
1705941590
+2.143453E-03,-1.784086E-08
1705941595
+2.153465E-03,-1.748200E-08
1705941600
+2.060063E-03,-1.797341E-08
1705941606
+2.088421E-03,-1.795216E-08
1705941611
+2.190159E-03,-1.790006E-08
1705941616
+2.097595E-03,-1.763455E-08
1705941621
+2.126788E-03,-1.807930E-08
1705941626
+2.239367E-03,-1.765957E-08
1705941632
+2.212682E-03,-1.808555E-08
1705941637
+2.195997E-03,-1.780586E-08
1705941642
+2.161808E-03,-1.829687E-08
1705941647
+2.221852E-03,-1.779795E-08
1705941653
+2.104263E-03,-1.795341E-08
1705941658
+2.127614E-03,-1.779711E-08
1705941663
+2.137626E-03,-1.815016E-08
1705941668
+2.134286E-03,-1.796967E-08
1705941673
+2.091754E-03,-1.825935E-08
1705941678
+2.227680E-03,-1.769540E-08
1705941684
+2.256871E-03,-1.829812E-08
1705941689
+2.164307E-03,-1.762288E-08
1705941694
+2.200164E-03,-1.779252E-08
1705941700
+2.120937E-03,-1.787588E-08
1705941705
+2.089253E-03,-1.848026E-08
1705941710
+2.076744E-03,-1.749367E-08
1705941715
+2.089255E-03,-1.843025E-08
1705941720
+2.115102E-03,-1.814973E-08
1705941725
+2.123442E-03,-1.768790E-08
1705941731
+2.095925E-03,-1.861948E-08
1705941736
+2.106762E-03,-1.839189E-08
1705941741
+2.099260E-03,-1.842149E-08
1705941747
+2.097598E-03,-1.803803E-08
1705941752
+2.111768E-03,-1.852153E-08
1705941757
+2.105935E-03,-1.760830E-08
1705941762
+2.144296E-03,-1.782004E-08
1705941768
+2.189331E-03,-1.851195E-08
1705941773
+2.178485E-03,-1.777752E-08
1705941778
+2.149296E-03,-1.765247E-08
1705941784
+2.193494E-03,-1.831604E-08
1705941789
+2.163474E-03,-1.786588E-08
1705941794
+2.245200E-03,-1.849319E-08
1705941799
+2.171817E-03,-1.828979E-08
1705941804
+2.120944E-03,-1.845567E-08
1705941809
+2.150969E-03,-1.834272E-08
1705941814
+2.145964E-03,-1.859739E-08
1705941819
+2.098430E-03,-1.833689E-08
1705941825
+2.065072E-03,-1.838065E-08
1705941830
+2.125123E-03,-1.806388E-08
1705941835
+2.132627E-03,-1.780254E-08
1705941840
+2.060073E-03,-1.768166E-08
1705941845
+2.183495E-03,-1.875537E-08
1705941851
+2.119280E-03,-1.878288E-08
1705941856
+2.215181E-03,-1.831563E-08
1705941861
+2.076752E-03,-1.827562E-08
1705941866
+2.094263E-03,-1.745325E-08
1705941872
+2.077583E-03,-1.767916E-08
1705941877
+2.144297E-03,-1.827686E-08
1705941882
+2.184329E-03,-1.774835E-08
1705941888
+2.098430E-03,-1.826353E-08
1705941893
+2.175990E-03,-1.781171E-08
1705941898
+2.217685E-03,-1.811390E-08
1705941903
+2.110104E-03,-1.819767E-08
1705941909
+2.215181E-03,-1.755786E-08
1705941914
+2.180153E-03,-1.834188E-08
1705941919
+2.153469E-03,-1.775960E-08
1705941924
+2.191829E-03,-1.833647E-08
1705941929
+2.140124E-03,-1.802344E-08
1705941934
+2.255207E-03,-1.788298E-08
1705941940
+2.192659E-03,-1.767623E-08
1705941945
+2.095091E-03,-1.769082E-08
1705941950
+2.120106E-03,-1.761912E-08
1705941955
+2.207672E-03,-1.704393E-08
1705941960
+2.144294E-03,-1.798634E-08
1705941966
+2.125121E-03,-1.779587E-08
1705941971
+2.096763E-03,-1.767791E-08
1705941976
+2.087586E-03,-1.812972E-08
1705941981
+2.030049E-03,-1.817391E-08
1705941987
+2.015038E-03,-1.811639E-08
1705941992
+2.065073E-03,-1.788839E-08
1705941997
+2.050898E-03,-1.891334E-08
1705942002
+2.176819E-03,-1.803928E-08
1705942008
+2.142627E-03,-1.835647E-08
1705942013
+2.135123E-03,-1.800844E-08
1705942018
+1.990855E-03,-1.745241E-08
1705942023
+2.045060E-03,-1.817391E-08
1705942029
+2.052564E-03,-1.821351E-08
1705942034
+2.099263E-03,-1.837231E-08
1705942039
+2.003359E-03,-1.765372E-08
1705942045
+2.076746E-03,-1.824060E-08
1705942050
+2.112605E-03,-1.782837E-08
1705942055
+2.108438E-03,-1.739906E-08
1705942060
+2.124283E-03,-1.837315E-08
1705942066
+2.156807E-03,-1.835773E-08
1705942071
+2.085089E-03,-1.757662E-08
1705942076
+2.091760E-03,-1.758871E-08
1705942082
+2.109275E-03,-1.825144E-08
1705942087
+2.153469E-03,-1.841608E-08
1705942092
+2.121783E-03,-1.720900E-08
1705942097
+2.126786E-03,-1.854988E-08
1705942103
+2.135124E-03,-1.778920E-08
1705942108
+2.129290E-03,-1.757954E-08
1705942113
+2.198505E-03,-1.806471E-08
1705942118
+2.124288E-03,-1.821185E-08
1705942124
+2.165979E-03,-1.849486E-08
1705942129
+2.218524E-03,-1.743908E-08
1705942134
+2.179326E-03,-1.800636E-08
1705942140
+2.165148E-03,-1.726943E-08
1705942145
+2.171816E-03,-1.765165E-08
1705942150
+2.199339E-03,-1.843734E-08
1705942155
+2.153474E-03,-1.808764E-08
1705942161
+2.201006E-03,-1.804637E-08
1705942166
+2.161814E-03,-1.734946E-08
1705942171
+2.201838E-03,-1.796634E-08
1705942177
+2.266886E-03,-1.789840E-08
1705942182
+2.181824E-03,-1.796926E-08
1705942187
+2.221859E-03,-1.782589E-08
1705942192
+2.130959E-03,-1.751369E-08
1705942198
+2.190170E-03,-1.778545E-08
1705942203
+2.226863E-03,-1.798844E-08
1705942208
+2.230195E-03,-1.814058E-08
1705942214
+2.239368E-03,-1.845360E-08
1705942219
+2.251872E-03,-1.784296E-08
1705942224
+2.180160E-03,-1.754578E-08
1705942229
+2.307747E-03,-1.783713E-08
1705942235
+2.209344E-03,-1.820643E-08
1705942240
+2.267719E-03,-1.839816E-08
1705942245
+2.301080E-03,-1.806347E-08
1705942250
+2.237704E-03,-1.784298E-08
1705942256
+2.252710E-03,-1.750660E-08
1705942261
+2.249375E-03,-1.790091E-08
1705942266
+2.175155E-03,-1.847736E-08
1705942272
+2.171818E-03,-1.714022E-08
1705942277
+2.257719E-03,-1.819227E-08
1705942282
+2.160148E-03,-1.818351E-08
1705942287
+2.147636E-03,-1.771709E-08
1705942293
+2.149305E-03,-1.773710E-08
1705942298
+2.180157E-03,-1.737155E-08
1705942303
+2.162645E-03,-1.740865E-08
1705942308
+2.170151E-03,-1.745450E-08
1705942314
+2.237696E-03,-1.830604E-08
1705942319
+2.212681E-03,-1.758538E-08
1705942324
+2.211014E-03,-1.811348E-08
1705942329
+2.226864E-03,-1.776170E-08
1705942335
+2.251044E-03,-1.829855E-08
1705942340
+2.233533E-03,-1.799469E-08
1705942345
+2.176822E-03,-1.784714E-08
1705942351
+2.158474E-03,-1.843025E-08
1705942356
+2.160977E-03,-1.764915E-08
1705942361
+2.137627E-03,-1.770834E-08
1705942366
+2.080922E-03,-1.786173E-08
1705942372
+2.131790E-03,-1.800219E-08
1705942377
+2.112606E-03,-1.756870E-08
1705942382
+2.152637E-03,-1.863574E-08
1705942387
+2.151804E-03,-1.809972E-08
1705942393
+2.144296E-03,-1.862240E-08
1705942398
+2.093425E-03,-1.873536E-08
1705942403
+2.105102E-03,-1.783129E-08
1705942408
+2.081750E-03,-1.804053E-08
1705942414
+2.140959E-03,-1.721566E-08
1705942419
+2.163479E-03,-1.767166E-08
1705942424
+2.221850E-03,-1.819058E-08
1705942429
+2.141792E-03,-1.770791E-08
1705942435
+2.140962E-03,-1.792341E-08
1705942440
+2.181826E-03,-1.850695E-08
1705942445
+2.196834E-03,-1.841191E-08
1705942450
+2.181825E-03,-1.793258E-08
1705942456
+2.145129E-03,-1.741823E-08
1705942461
+2.211014E-03,-1.777836E-08
1705942466
+2.252706E-03,-1.744866E-08
1705942471
+2.144298E-03,-1.791757E-08
1705942477
+2.148473E-03,-1.834690E-08
1705942482
+2.142632E-03,-1.790757E-08
1705942487
+2.183499E-03,-1.859074E-08
1705942493
+2.125961E-03,-1.772752E-08
1705942498
+2.155145E-03,-1.856239E-08
1705942503
+2.126791E-03,-1.790550E-08
1705942508
+2.118454E-03,-1.806764E-08
1705942514
+2.058411E-03,-1.801846E-08
1705942519
+2.188505E-03,-1.817143E-08
1705942524
+2.085936E-03,-1.777338E-08
1705942530
+2.074261E-03,-1.767751E-08
1705942535
+2.236039E-03,-1.762457E-08
1705942540
+2.241048E-03,-1.807265E-08
1705942545
+2.288580E-03,-1.801847E-08
1705942551
+2.141806E-03,-1.759164E-08
1705942556
+2.131799E-03,-1.728237E-08
1705942561
+2.101779E-03,-1.799721E-08
1705942567
+2.236875E-03,-1.748578E-08
1705942572
+2.219361E-03,-1.825646E-08
1705942577
+2.313596E-03,-1.740866E-08
1705942582
+2.231871E-03,-1.828647E-08
1705942588
+2.141801E-03,-1.762373E-08
1705942593
+2.211855E-03,-1.763374E-08
1705942598
+2.142640E-03,-1.772377E-08
1705942603
+2.219362E-03,-1.773128E-08
1705942609
+2.156815E-03,-1.837442E-08
1705942614
+2.211852E-03,-1.757788E-08
1705942619
+2.161814E-03,-1.747326E-08
1705942625
+2.204347E-03,-1.795093E-08
1705942630
+2.233535E-03,-1.784131E-08
1705942635
+2.080092E-03,-1.753703E-08
1705942640
+2.140970E-03,-1.781797E-08
1705942646
+2.181828E-03,-1.733196E-08
1705942651
+2.118452E-03,-1.828521E-08
1705942656
+2.075088E-03,-1.882582E-08
1705942662
+2.107617E-03,-1.809516E-08
1705942667
+2.187670E-03,-1.822436E-08
1705942672
+2.070087E-03,-1.763666E-08
1705942677
+2.127629E-03,-1.740658E-08
1705942683
+2.036734E-03,-1.736573E-08
1705942688
+2.178500E-03,-1.770460E-08
1705942693
+2.212691E-03,-1.783215E-08
1705942699
+2.190171E-03,-1.714523E-08
1705942704
+2.097606E-03,-1.828605E-08
1705942709
+2.145140E-03,-1.782964E-08
1705942714
+2.256885E-03,-1.758789E-08
1705942720
+2.261053E-03,-1.810890E-08
1705942725
+2.145973E-03,-1.769126E-08
1705942730
+2.140132E-03,-1.737823E-08
1705942735
+2.159317E-03,-1.779796E-08
1705942741
+2.105109E-03,-1.792759E-08
1705942746
+2.016714E-03,-1.773627E-08
1705942751
+2.050904E-03,-1.823353E-08
1705942756
+2.078425E-03,-1.724235E-08
1705942762
+2.062578E-03,-1.757079E-08
1705942767
+2.070090E-03,-1.812767E-08
1705942772
+2.162656E-03,-1.759039E-08
1705942777
+2.130962E-03,-1.777879E-08
1705942783
+2.170152E-03,-1.764123E-08
1705942788
+2.116784E-03,-1.751869E-08
1705942793
+2.123455E-03,-1.817517E-08
1705942799
+2.084263E-03,-1.766583E-08
1705942804
+2.077590E-03,-1.822895E-08
1705942809
+2.135129E-03,-1.801553E-08
1705942814
+2.073419E-03,-1.811390E-08
1705942820
+2.085092E-03,-1.812849E-08
1705942825
+2.102606E-03,-1.746576E-08
1705942830
+2.086765E-03,-1.765208E-08
1705942836
+2.125959E-03,-1.756580E-08
1705942841
+2.125960E-03,-1.763707E-08
1705942846
+2.170156E-03,-1.800095E-08
1705942851
+2.136805E-03,-1.815601E-08
1705942857
+2.028394E-03,-1.793260E-08
1705942862
+2.072591E-03,-1.817393E-08
1705942867
+2.120963E-03,-1.783132E-08
1705942873
+2.167657E-03,-1.804847E-08
1705942878
+2.115119E-03,-1.824270E-08
1705942883
+2.085100E-03,-1.832982E-08
1705942888
+2.051743E-03,-1.762374E-08
1705942894
+2.087607E-03,-1.844153E-08
1705942899
+2.084269E-03,-1.787133E-08
1705942904
+2.201854E-03,-1.799721E-08
1705942909
+2.206023E-03,-1.736365E-08
1705942915
+2.183508E-03,-1.797554E-08
1705942920
+2.165156E-03,-1.776462E-08
1705942925
+2.118460E-03,-1.826981E-08
1705942931
+2.125969E-03,-1.805890E-08
1705942936
+2.056749E-03,-1.792927E-08
1705942941
+2.083434E-03,-1.762291E-08
1705942946
+2.110118E-03,-1.756997E-08
1705942952
+2.197685E-03,-1.769794E-08
1705942957
+2.150984E-03,-1.768585E-08
1705942962
+2.088440E-03,-1.793594E-08
1705942968
+2.221869E-03,-1.741159E-08
1705942973
+2.180174E-03,-1.778756E-08
1705942978
+2.079268E-03,-1.809308E-08
1705942983
+2.030900E-03,-1.818144E-08
1705942989
+2.070094E-03,-1.782548E-08
1705942994
+2.039237E-03,-1.783382E-08
1705942999
+2.081766E-03,-1.800721E-08
1705943005
+2.080935E-03,-1.807891E-08
1705943010
+2.064259E-03,-1.817686E-08
1705943015
+2.125970E-03,-1.850615E-08
1705943020
+2.125971E-03,-1.839653E-08
1705943026
+2.026733E-03,-1.815686E-08
1705943031
+2.179344E-03,-1.759375E-08
1705943036
+2.186846E-03,-1.812685E-08
1705943041
+2.135977E-03,-1.792969E-08
1705943047
+2.070929E-03,-1.756915E-08
1705943052
+2.080933E-03,-1.824271E-08
1705943057
+2.060088E-03,-1.778797E-08
1705943063
+2.095946E-03,-1.786967E-08
1705943068
+2.225208E-03,-1.832858E-08
1705943073
+2.221037E-03,-1.811934E-08
1705943078
+2.198518E-03,-1.791427E-08
1705943083
+2.154321E-03,-1.847655E-08
1705943088
+2.164328E-03,-1.783299E-08
1705943093
+2.138480E-03,-1.780215E-08
1705943099
+2.135972E-03,-1.754580E-08
1705943104
+2.199347E-03,-1.786382E-08
1705943109
+2.150148E-03,-1.745952E-08
1705943115
+2.116789E-03,-1.790342E-08
1705943120
+2.204355E-03,-1.799012E-08
1705943125
+2.120962E-03,-1.838901E-08
1705943130
+2.145142E-03,-1.839526E-08
1705943136
+2.120960E-03,-1.800971E-08
1705943141
+2.034229E-03,-1.769209E-08
1705943146
+2.105111E-03,-1.797094E-08
1705943152
+2.072594E-03,-1.815226E-08
1705943157
+2.149313E-03,-1.823270E-08
1705943162
+2.097616E-03,-1.775380E-08
1705943167
+2.187675E-03,-1.825522E-08
1705943173
+2.176835E-03,-1.794594E-08
1705943178
+2.189342E-03,-1.748119E-08
1705943183
+2.243544E-03,-1.754996E-08
1705943189
+2.177668E-03,-1.801930E-08
1705943194
+2.061748E-03,-1.711731E-08
1705943199
+2.044236E-03,-1.824937E-08
1705943204
+2.049243E-03,-1.795886E-08
1705943210
+2.045906E-03,-1.753829E-08
1705943215
+2.080095E-03,-1.709522E-08
1705943220
+2.072590E-03,-1.773253E-08
1705943225
+2.169333E-03,-1.734949E-08
1705943231
+2.196846E-03,-1.785215E-08
1705943236
+2.166825E-03,-1.798887E-08
1705943241
+2.160989E-03,-1.751870E-08
1705943247
+2.145976E-03,-1.800387E-08
1705943252
+2.217701E-03,-1.825189E-08
1705943257
+2.239380E-03,-1.756623E-08
1705943262
+2.125132E-03,-1.752913E-08
1705943268
+2.072594E-03,-1.781965E-08
1705943273
+2.178507E-03,-1.792761E-08
1705943278
+2.061758E-03,-1.898757E-08
1705943284
+2.090110E-03,-1.757957E-08
1705943289
+2.105119E-03,-1.817769E-08
1705943294
+2.162662E-03,-1.725654E-08
1705943299
+2.069265E-03,-1.822772E-08
1705943304
+2.150157E-03,-1.751872E-08
1705943310
+2.160996E-03,-1.713983E-08
1705943315
+2.086776E-03,-1.783841E-08
1705943320
+2.098449E-03,-1.837068E-08
1705943326
+2.163497E-03,-1.778172E-08
1705943331
+2.152654E-03,-1.768335E-08
1705943336
+2.090944E-03,-1.688932E-08
1705943341
+2.119299E-03,-1.752705E-08
1705943347
+2.164325E-03,-1.727570E-08
1705943352
+2.174339E-03,-1.764376E-08
1705943357
+2.086772E-03,-1.709189E-08
1705943362
+2.090941E-03,-1.758915E-08
1705943368
+2.098447E-03,-1.745285E-08
1705943373
+2.140142E-03,-1.716858E-08
1705943378
+2.022560E-03,-1.734490E-08
1705943384
+2.071763E-03,-1.745577E-08
1705943389
+2.201022E-03,-1.741534E-08
1705943394
+2.110124E-03,-1.767210E-08
1705943399
+2.138479E-03,-1.765293E-08
1705943405
+2.056755E-03,-1.772545E-08
1705943410
+2.115963E-03,-1.806224E-08
1705943415
+2.101786E-03,-1.771378E-08
1705943421
+2.203525E-03,-1.791969E-08
1705943426
+2.155993E-03,-1.736491E-08
1705943431
+2.167669E-03,-1.732698E-08
1705943436
+2.182678E-03,-1.836777E-08
1705943441
+2.059256E-03,-1.814310E-08
1705943446
+2.100955E-03,-1.793136E-08
1705943452
+2.103457E-03,-1.800639E-08
1705943457
+2.176006E-03,-1.775588E-08
1705943462
+2.088443E-03,-1.764167E-08
1705943468
+2.107621E-03,-1.764084E-08
1705943473
+2.107622E-03,-1.825439E-08
1705943478
+2.114295E-03,-1.839319E-08
1705943483
+2.055085E-03,-1.821104E-08
1705943488
+2.102617E-03,-1.785716E-08
1705943493
+2.021727E-03,-1.765459E-08
1705943499
+2.050914E-03,-1.819228E-08
1705943504
+2.140975E-03,-1.793510E-08
1705943509
+2.129304E-03,-1.836359E-08
1705943515
+1.991704E-03,-1.747119E-08
1705943520
+2.075100E-03,-1.787717E-08
1705943525
+2.060086E-03,-1.817977E-08
1705943530
+2.071762E-03,-1.845696E-08
1705943536
+2.075098E-03,-1.809641E-08
1705943541
+2.127632E-03,-1.823021E-08
1705943546
+2.104286E-03,-1.780590E-08
1705943551
+2.031736E-03,-1.754372E-08
1705943557
+2.108453E-03,-1.806265E-08
1705943562
+2.194349E-03,-1.790635E-08
1705943567
+2.196850E-03,-1.768168E-08
1705943572
+2.162658E-03,-1.755080E-08
1705943578
+2.188512E-03,-1.824605E-08
1705943583
+2.151821E-03,-1.788593E-08
1705943588
+2.116796E-03,-1.767502E-08
1705943593
+2.171002E-03,-1.841570E-08
1705943599
+2.180175E-03,-1.842445E-08
1705943604
+2.085106E-03,-1.748495E-08
1705943609
+2.145984E-03,-1.702271E-08
1705943615
+2.160992E-03,-1.739075E-08
1705943620
+2.130136E-03,-1.765542E-08
1705943625
+2.154323E-03,-1.760208E-08
1705943630
+2.158488E-03,-1.764750E-08
1705943636
+2.199357E-03,-1.717901E-08
1705943641
+2.111796E-03,-1.790219E-08
1705943646
+2.103455E-03,-1.694435E-08
1705943651
+2.100119E-03,-1.813352E-08
1705943657
+2.161000E-03,-1.693769E-08
1705943662
+2.163503E-03,-1.741369E-08
1705943667
+2.191853E-03,-1.813686E-08
1705943672
+2.122636E-03,-1.746495E-08
1705943678
+2.175176E-03,-1.702188E-08
1705943683
+2.133476E-03,-1.675053E-08
1705943688
+2.015894E-03,-1.784883E-08
1705943694
+2.155993E-03,-1.796846E-08
1705943699
+2.081775E-03,-1.701062E-08
1705943704
+2.167667E-03,-1.773921E-08
1705943709
+2.238552E-03,-1.762709E-08
1705943714
+2.207701E-03,-1.758667E-08
1705943720
+2.225212E-03,-1.722737E-08
1705943725
+2.192689E-03,-1.733949E-08
1705943730
+2.118468E-03,-1.735616E-08
1705943736
+2.140154E-03,-1.723946E-08
1705943741
+1.995047E-03,-1.788010E-08
1705943746
+2.060928E-03,-1.684182E-08
1705943751
+2.118467E-03,-1.712441E-08
1705943757
+2.160999E-03,-1.696936E-08
1705943762
+2.165167E-03,-1.702188E-08
1705943767
+2.116800E-03,-1.733032E-08
1705943772
+2.165166E-03,-1.782591E-08
1705943778
+2.133476E-03,-1.668759E-08
1705943783
+2.157660E-03,-1.721194E-08
1705943788
+2.233545E-03,-1.783757E-08
1705943794
+2.130971E-03,-1.721694E-08
1705943799
+2.054252E-03,-1.734990E-08
1705943804
+2.120132E-03,-1.685973E-08
1705943809
+2.169331E-03,-1.777838E-08
1705943815
+2.127633E-03,-1.768543E-08
1705943820
+2.199349E-03,-1.796678E-08
1705943825
+2.134307E-03,-1.805015E-08
1705943831
+2.125967E-03,-1.743368E-08
1705943836
+2.160989E-03,-1.757289E-08
1705943841
+2.100113E-03,-1.764458E-08
1705943846
+2.145143E-03,-1.780089E-08
1705943852
+2.086770E-03,-1.733072E-08
1705943857
+2.101780E-03,-1.775754E-08
1705943862
+2.017556E-03,-1.773295E-08
1705943868
+2.153485E-03,-1.730655E-08
1705943873
+2.191012E-03,-1.739283E-08
1705943878
+2.100115E-03,-1.823480E-08
1705943883
+2.114288E-03,-1.783840E-08
1705943889
+2.116793E-03,-1.740533E-08
1705943894
+2.116794E-03,-1.806432E-08
1705943899
+2.057584E-03,-1.854240E-08
1705943904
+2.087607E-03,-1.803639E-08
1705943909
+2.052578E-03,-1.760165E-08
1705943915
+2.092607E-03,-1.792385E-08
1705943920
+2.094277E-03,-1.725653E-08
1705943925
+2.132634E-03,-1.765750E-08
1705943931
+2.115958E-03,-1.753538E-08
1705943936
+2.115128E-03,-1.768919E-08
1705943941
+2.179337E-03,-1.791301E-08
1705943946
+2.160157E-03,-1.734198E-08
1705943951
+2.085108E-03,-1.742535E-08
1705943957
+2.143480E-03,-1.709898E-08
1705943962
+2.129302E-03,-1.787800E-08
1705943967
+2.136810E-03,-1.748162E-08
1705943973
+2.072596E-03,-1.817478E-08
1705943978
+2.100950E-03,-1.768127E-08
1705943983
+2.096778E-03,-1.738158E-08
1705943988
+2.160157E-03,-1.804348E-08
1705943994
+2.193516E-03,-1.804181E-08
1705943999
+2.105121E-03,-1.708564E-08
1705944004
+2.106788E-03,-1.741659E-08
1705944010
+2.055084E-03,-1.835984E-08
1705944015
+2.165169E-03,-1.722612E-08
1705944020
+2.084276E-03,-1.763084E-08
1705944025
+2.104292E-03,-1.745370E-08
1705944030
+2.182680E-03,-1.763376E-08
1705944035
+2.190185E-03,-1.731031E-08
1705944041
+2.225211E-03,-1.798514E-08
1705944046
+2.115969E-03,-1.791762E-08
1705944051
+2.012556E-03,-1.750079E-08
1705944057
+2.117635E-03,-1.791261E-08
1705944062
+2.140980E-03,-1.663340E-08
1705944067
+2.208533E-03,-1.736992E-08
1705944072
+2.166002E-03,-1.804224E-08
1705944078
+2.202695E-03,-1.804557E-08
1705944083
+2.135149E-03,-1.714318E-08
1705944088
+2.085111E-03,-1.676345E-08
1705944093
+2.076772E-03,-1.763543E-08
1705944099
+2.164332E-03,-1.801431E-08
1705944104
+2.181849E-03,-1.767961E-08
1705944109
+2.269408E-03,-1.724904E-08
1705944115
+2.188517E-03,-1.787176E-08
1705944120
+2.076770E-03,-1.794012E-08
1705944125
+2.130979E-03,-1.796638E-08
1705944130
+2.112628E-03,-1.778131E-08
1705944136
+2.126809E-03,-1.706106E-08
1705944141
+2.180179E-03,-1.673303E-08
1705944146
+2.105125E-03,-1.817020E-08
1705944152
+2.100119E-03,-1.709315E-08
1705944157
+2.119302E-03,-1.732699E-08
1705944162
+2.128475E-03,-1.771837E-08
1705944167
+2.132647E-03,-1.752623E-08
1705944173
+2.072605E-03,-1.794054E-08
1705944178
+2.120137E-03,-1.769420E-08
1705944183
+2.124307E-03,-1.788385E-08
1705944189
+2.132647E-03,-1.783675E-08
1705944194
+2.211868E-03,-1.747495E-08
1705944199
+2.118469E-03,-1.760917E-08
1705944204
+2.163500E-03,-1.738034E-08
1705944210
+2.133479E-03,-1.741619E-08
1705944215
+2.068436E-03,-1.827691E-08
1705944220
+2.172673E-03,-1.739201E-08
1705944225
+2.091783E-03,-1.710691E-08
1705944230
+2.123470E-03,-1.835401E-08
1705944236
+2.082608E-03,-1.750746E-08
1705944241
+2.040914E-03,-1.742785E-08
1705944246
+2.000884E-03,-1.772421E-08
1705944251
+1.948348E-03,-1.761375E-08
1705944257
+2.077612E-03,-1.763794E-08
1705944262
+2.108462E-03,-1.777590E-08
1705944267
+2.176015E-03,-1.727198E-08
1705944272
+2.125144E-03,-1.733491E-08
1705944277
+2.095956E-03,-1.758166E-08
1705944283
+2.222712E-03,-1.758917E-08
1705944288
+2.181017E-03,-1.801223E-08
1705944293
+2.141823E-03,-1.761793E-08
1705944299
+2.149328E-03,-1.754290E-08
1705944304
+2.234390E-03,-1.750873E-08
1705944309
+2.205204E-03,-1.802891E-08
1705944314
+2.178517E-03,-1.770755E-08
1705944320
+2.089284E-03,-1.815853E-08
1705944325
+2.123474E-03,-1.764502E-08
1705944330
+2.061763E-03,-1.765794E-08
1705944335
+2.067601E-03,-1.737117E-08
1705944340
+2.166838E-03,-1.828024E-08
1705944346
+2.088449E-03,-1.755249E-08
1705944351
+1.988378E-03,-1.720820E-08
1705944356
+2.050921E-03,-1.798055E-08
1705944361
+2.081775E-03,-1.768795E-08
1705944366
+2.017564E-03,-1.825148E-08
1705944372
+2.100123E-03,-1.772004E-08
1705944377
+2.079272E-03,-1.787217E-08
1705944382
+2.089284E-03,-1.806225E-08
1705944388
+2.100960E-03,-1.792512E-08
1705944393
+2.093453E-03,-1.868622E-08
1705944398
+2.018401E-03,-1.806142E-08
1705944403
+2.107633E-03,-1.702439E-08
1705944409
+2.048425E-03,-1.834402E-08
1705944414
+2.151832E-03,-1.772672E-08
1705944419
+2.032579E-03,-1.763252E-08
1705944425
+2.049259E-03,-1.831693E-08
1705944430
+2.078444E-03,-1.692727E-08
1705944435
+2.024237E-03,-1.731657E-08
1705944440
+2.035910E-03,-1.734949E-08
1705944446
+2.007558E-03,-1.773672E-08
1705944451
+2.045089E-03,-1.702897E-08
1705944456
+1.972536E-03,-1.815020E-08
1705944461
+2.035078E-03,-1.757750E-08
1705944467
+1.989212E-03,-1.734783E-08
1705944472
+1.946683E-03,-1.718152E-08
1705944477
+1.973370E-03,-1.792720E-08
1705944482
+1.950016E-03,-1.781049E-08
1705944487
+1.969197E-03,-1.840445E-08
1705944492
+2.012564E-03,-1.752623E-08
1705944497
+2.027580E-03,-1.794930E-08
1705944502
+2.089287E-03,-1.841405E-08
1705944508
+2.120141E-03,-1.784134E-08
1705944513
+2.093459E-03,-1.796431E-08
1705944518
+2.075946E-03,-1.776632E-08
1705944523
+2.155167E-03,-1.836278E-08
1705944528
+2.174345E-03,-1.784759E-08
1705944534
+2.177682E-03,-1.742411E-08
1705944539
+2.095118E-03,-1.820355E-08
1705944544
+2.156834E-03,-1.786260E-08
1705944549
+2.125146E-03,-1.721279E-08
1705944555
+2.186855E-03,-1.812728E-08
1705944560
+2.158499E-03,-1.788177E-08
1705944565
+2.168506E-03,-1.781258E-08
1705944570
+2.185184E-03,-1.760334E-08
1705944576
+2.151827E-03,-1.799889E-08
1705944581
+2.077610E-03,-1.826649E-08
1705944586
+2.029248E-03,-1.719404E-08
1705944591
+2.108465E-03,-1.747496E-08
1705944596
+2.037576E-03,-1.767419E-08
1705944601
+2.189357E-03,-1.780133E-08
1705944606
+2.146827E-03,-1.750914E-08
1705944612
+2.118475E-03,-1.741453E-08
1705944617
+2.070935E-03,-1.768253E-08
1705944622
+2.085954E-03,-1.810644E-08
1705944627
+2.211872E-03,-1.784801E-08
1705944633
+2.166007E-03,-1.763585E-08
1705944638
+2.225215E-03,-1.748663E-08
1705944643
+2.178519E-03,-1.763586E-08
1705944648
+2.125980E-03,-1.764002E-08
1705944654
+2.122643E-03,-1.739035E-08
1705944659
+2.108470E-03,-1.728907E-08
1705944664
+2.056766E-03,-1.816813E-08
1705944670
+2.020904E-03,-1.725613E-08
1705944675
+2.040919E-03,-1.788803E-08
1705944680
+2.077614E-03,-1.756542E-08
1705944685
+2.088458E-03,-1.761836E-08
1705944690
+2.121816E-03,-1.788512E-08
1705944695
+2.121813E-03,-1.752624E-08
1705944700
+2.044257E-03,-1.740077E-08
1705944706
+2.082617E-03,-1.790345E-08
1705944711
+2.154334E-03,-1.783926E-08
1705944716
+2.101795E-03,-1.792304E-08
1705944721
+2.120975E-03,-1.738993E-08
1705944726
+2.087619E-03,-1.765670E-08
1705944731
+2.085952E-03,-1.731283E-08
1705944737
+2.125983E-03,-1.794764E-08
1705944742
+2.148498E-03,-1.707941E-08
1705944747
+2.028410E-03,-1.815812E-08
1705944752
+2.066772E-03,-1.780091E-08
1705944758
+2.157669E-03,-1.762002E-08
1705944763
+2.173515E-03,-1.722946E-08
1705944768
+2.140158E-03,-1.757625E-08
1705944773
+2.097633E-03,-1.768797E-08
1705944779
+2.155171E-03,-1.758543E-08
1705944784
+2.030082E-03,-1.759251E-08
1705944789
+2.031748E-03,-1.747830E-08
1705944794
+2.055932E-03,-1.728448E-08
1705944800
+2.012567E-03,-1.734951E-08
1705944805
+2.059266E-03,-1.747455E-08
1705944810
+2.164346E-03,-1.783093E-08
1705944815
+2.095130E-03,-1.758001E-08
1705944820
+2.081790E-03,-1.813938E-08
1705944826
+2.061773E-03,-1.806185E-08
1705944831
+2.063439E-03,-1.783135E-08
1705944836
+2.135154E-03,-1.797181E-08
1705944841
+2.116809E-03,-1.834653E-08
1705944846
+2.109306E-03,-1.795764E-08
1705944852
+2.187697E-03,-1.846158E-08
1705944857
+2.148503E-03,-1.832278E-08
1705944862
+2.066776E-03,-1.805351E-08
1705944867
+2.030085E-03,-1.751999E-08
1705944872
+2.075953E-03,-1.782844E-08
1705944878
+2.043428E-03,-1.864456E-08
1705944883
+2.077626E-03,-1.805353E-08
1705944888
+2.127657E-03,-1.900344E-08
1705944894
+2.115147E-03,-1.827860E-08
1705944899
+2.150173E-03,-1.874960E-08
1705944904
+2.170192E-03,-1.751500E-08
1705944909
+2.085964E-03,-1.851369E-08
1705944914
+2.094304E-03,-1.822025E-08
1705944919
+2.063441E-03,-1.761252E-08
1705944924
+2.056768E-03,-1.783677E-08
1705944929
+2.101804E-03,-1.756501E-08
1705944935
+2.035924E-03,-1.798516E-08
1705944940
+2.151842E-03,-1.786179E-08
1705944945
+2.005901E-03,-1.773799E-08
1705944950
+2.093473E-03,-1.771716E-08
1705944956
+2.199380E-03,-1.796975E-08
1705944961
+2.070121E-03,-1.737203E-08
1705944966
+2.095971E-03,-1.790931E-08
1705944971
+2.094305E-03,-1.780260E-08
1705944976
+2.041767E-03,-1.797475E-08
1705944981
+2.086801E-03,-1.805061E-08
1705944986
+2.119322E-03,-1.782303E-08
1705944992
+2.042605E-03,-1.756628E-08
1705944997
+2.110982E-03,-1.826068E-08
1705945002
+2.089299E-03,-1.757085E-08
1705945007
+2.088467E-03,-1.781553E-08
1705945012
+2.071787E-03,-1.807061E-08
1705945018
+2.025926E-03,-1.803811E-08
1705945023
+2.177699E-03,-1.822693E-08
1705945028
+2.130167E-03,-1.735745E-08
1705945033
+2.136002E-03,-1.713362E-08
1705945039
+2.051779E-03,-1.757044E-08
1705945044
+2.025926E-03,-1.720948E-08
1705945049
+2.017587E-03,-1.710028E-08
1705945055
+1.994236E-03,-1.799476E-08
1705945060
+1.954206E-03,-1.776718E-08
1705945065
+2.150176E-03,-1.762921E-08
1705945070
+2.046773E-03,-1.761921E-08
1705945075
+2.063446E-03,-1.771757E-08
1705945080
+2.109315E-03,-1.762671E-08
1705945085
+2.151014E-03,-1.864791E-08
1705945090
+2.135997E-03,-1.735452E-08
1705945095
+2.152676E-03,-1.721447E-08
1705945100
+2.098466E-03,-1.779425E-08
1705945106
+2.087630E-03,-1.749791E-08
1705945111
+2.188534E-03,-1.824109E-08
1705945116
+2.186036E-03,-1.705400E-08
1705945121
+2.125993E-03,-1.804435E-08
1705945126
+2.016745E-03,-1.809937E-08
1705945132
+2.084296E-03,-1.769340E-08
1705945137
+2.143507E-03,-1.768798E-08
1705945142
+2.020081E-03,-1.813438E-08
1705945147
+2.125156E-03,-1.771590E-08
1705945152
+2.070952E-03,-1.775341E-08
1705945157
+2.050101E-03,-1.730450E-08
1705945162
+2.035093E-03,-1.784095E-08
1705945168
+2.031753E-03,-1.762086E-08
1705945173
+2.082629E-03,-1.797600E-08
1705945178
+2.095133E-03,-1.779176E-08
1705945183
+2.142663E-03,-1.803767E-08
1705945188
+2.126826E-03,-1.747082E-08
1705945193
+2.183529E-03,-1.770714E-08
1705945199
+2.148502E-03,-1.823233E-08
1705945204
+2.072615E-03,-1.831486E-08
1705945209
+2.023413E-03,-1.748748E-08
1705945214
+1.998395E-03,-1.808352E-08
1705945219
+2.045930E-03,-1.803476E-08
1705945224
+2.029253E-03,-1.794098E-08
1705945229
+2.019244E-03,-1.818273E-08
1705945235
+2.050932E-03,-1.893549E-08
1705945240
+1.945856E-03,-1.759293E-08
1705945245
+2.095134E-03,-1.724823E-08
1705945250
+1.995897E-03,-1.764087E-08
1705945255
+2.066783E-03,-1.802351E-08
1705945261
+1.989221E-03,-1.804226E-08
1705945266
+1.966713E-03,-1.796016E-08
1705945271
+2.031753E-03,-1.793764E-08
1705945276
+2.046766E-03,-1.831486E-08
1705945282
+2.033423E-03,-1.782885E-08
1705945287
+1.993397E-03,-1.765046E-08
1705945292
+2.073453E-03,-1.754709E-08
1705945297
+2.017580E-03,-1.791139E-08
1705945302
+2.032591E-03,-1.773508E-08
1705945307
+2.006735E-03,-1.813646E-08
1705945313
+2.067612E-03,-1.787095E-08
1705945318
+2.088460E-03,-1.880920E-08
1705945323
+2.106809E-03,-1.742246E-08
1705945328
+2.076778E-03,-1.780091E-08
1705945333
+2.015906E-03,-1.806727E-08
1705945338
+2.067609E-03,-1.773340E-08
1705945343
+2.145167E-03,-1.805893E-08
1705945348
+2.072614E-03,-1.777758E-08
1705945354
+1.996725E-03,-1.778842E-08
1705945359
+1.920000E-03,-1.779133E-08
1705945364
+1.980046E-03,-1.764086E-08
1705945369
+1.957528E-03,-1.799848E-08
1705945374
+1.939181E-03,-1.777299E-08
1705945379
+2.047590E-03,-1.799056E-08
1705945384
+2.083451E-03,-1.729532E-08
1705945390
+2.051762E-03,-1.770130E-08
1705945395
+2.085952E-03,-1.816688E-08
1705945400
+2.095123E-03,-1.841738E-08
1705945405
+2.095959E-03,-1.735784E-08
1705945410
+2.040918E-03,-1.787344E-08
1705945415
+2.096795E-03,-1.782926E-08
1705945421
+2.050098E-03,-1.864414E-08
1705945426
+2.105140E-03,-1.798433E-08
1705945431
+2.095963E-03,-1.840363E-08
1705945436
+2.091795E-03,-1.743496E-08
1705945441
+2.080126E-03,-1.780802E-08
1705945447
+2.040934E-03,-1.797850E-08
1705945452
+1.993399E-03,-1.845950E-08
1705945457
+2.098473E-03,-1.814856E-08
1705945462
+2.080127E-03,-1.770465E-08
1705945467
+2.036762E-03,-1.747999E-08
1705945472
+2.013408E-03,-1.768881E-08
1705945478
+2.089302E-03,-1.809146E-08
1705945483
+1.997566E-03,-1.814355E-08
1705945488
+2.010073E-03,-1.838113E-08
1705945493
+2.038427E-03,-1.805727E-08
1705945499
+2.076784E-03,-1.823691E-08
1705945504
+2.012573E-03,-1.782010E-08
1705945509
+2.009240E-03,-1.748123E-08
1705945514
+2.092632E-03,-1.841781E-08
1705945519
+2.018409E-03,-1.843365E-08
1705945524
+1.992556E-03,-1.867915E-08
1705945529
+1.935021E-03,-1.845325E-08
1705945534
+1.884145E-03,-1.851867E-08
1705945539
+1.901659E-03,-1.795723E-08
1705945545
+2.013413E-03,-1.803310E-08
1705945550
+2.058440E-03,-1.796682E-08
1705945555
+2.095132E-03,-1.807144E-08
1705945560
+2.110146E-03,-1.780635E-08
1705945565
+2.166854E-03,-1.806519E-08
1705945571
+2.135166E-03,-1.768047E-08
1705945576
+1.966713E-03,-1.702274E-08
1705945581
+1.979218E-03,-1.784636E-08
1705945586
+2.032589E-03,-1.794390E-08
1705945592
+1.994228E-03,-1.800809E-08
1705945597
+2.062612E-03,-1.785595E-08
1705945602
+2.037593E-03,-1.830652E-08
1705945607
+2.044264E-03,-1.807436E-08
1705945612
+2.024255E-03,-1.765547E-08
1705945618
+2.047600E-03,-1.784469E-08
1705945623
+1.973374E-03,-1.756083E-08
1705945628
+2.034253E-03,-1.746163E-08
1705945633
+2.040091E-03,-1.845866E-08
1705945639
+1.955030E-03,-1.795264E-08
1705945644
+1.971710E-03,-1.742788E-08
1705945649
+1.993395E-03,-1.767797E-08
1705945654
+2.012576E-03,-1.786304E-08
1705945659
+1.978383E-03,-1.800433E-08
1705945664
+2.064275E-03,-1.826775E-08
1705945670
+1.945021E-03,-1.883337E-08
1705945675
+2.064275E-03,-1.820273E-08
1705945680
+2.021744E-03,-1.758418E-08
1705945685
+1.994227E-03,-1.815397E-08
1705945690
+1.962541E-03,-1.779384E-08
1705945696
+2.034259E-03,-1.816148E-08
1705945701
+2.111814E-03,-1.814313E-08
1705945706
+1.978383E-03,-1.808853E-08
1705945711
+2.024251E-03,-1.796349E-08
1705945716
+2.021746E-03,-1.773757E-08
1705945722
+1.982560E-03,-1.763713E-08
1705945727
+2.046770E-03,-1.785970E-08
1705945732
+2.035930E-03,-1.721990E-08
1705945737
+2.027590E-03,-1.835947E-08
1705945742
+2.088469E-03,-1.788388E-08
1705945747
+2.026757E-03,-1.778176E-08
1705945752
+2.111818E-03,-1.829070E-08
1705945758
+2.169357E-03,-1.740163E-08
1705945763
+2.089303E-03,-1.821734E-08
1705945768
+2.147675E-03,-1.746623E-08
1705945773
+2.102645E-03,-1.781344E-08
1705945778
+2.067617E-03,-1.769214E-08
1705945784
+2.164353E-03,-1.869834E-08
1705945789
+2.098473E-03,-1.853369E-08
1705945794
+2.070121E-03,-1.836364E-08
1705945799
+2.159348E-03,-1.857121E-08
1705945804
+2.172693E-03,-1.871251E-08
1705945809
+2.071787E-03,-1.806936E-08
1705945814
+2.065949E-03,-1.868416E-08
1705945819
+2.083460E-03,-1.899677E-08
1705945824
+2.161851E-03,-1.906972E-08
1705945829
+2.075957E-03,-1.811479E-08
1705945835
+2.059277E-03,-1.837905E-08
1705945840
+2.122659E-03,-1.901595E-08
1705945845
+2.011746E-03,-1.813189E-08
1705945850
+2.080129E-03,-1.923728E-08
1705945855
+2.146841E-03,-1.879796E-08
1705945861
+2.201880E-03,-1.858913E-08
1705945866
+2.120157E-03,-1.854954E-08
1705945871
+2.133495E-03,-1.894175E-08
1705945876
+2.170191E-03,-1.915391E-08
1705945881
+2.156014E-03,-1.867249E-08
1705945886
+2.147673E-03,-1.842615E-08
1705945891
+2.121820E-03,-1.899760E-08
1705945897
+2.090966E-03,-1.918851E-08
1705945902
+2.224399E-03,-1.918476E-08
1705945907
+2.164351E-03,-1.925561E-08
1705945912
+2.115150E-03,-1.822608E-08
