1706071348
+1.153110E+00,-1.642014E-08
1706071353
+1.153142E+00,-1.768681E-08
1706071358
+1.153163E+00,-1.742339E-08
1706071364
+1.153244E+00,-1.753634E-08
1706071369
+1.153150E+00,-1.709120E-08
1706071374
+1.153145E+00,-1.768889E-08
1706071379
+1.153197E+00,-1.222873E-08
1706071385
+1.153096E+00,-1.403309E-08
1706071390
+1.153216E+00,-7.524245E-09
1706071395
+1.153124E+00,-5.969974E-09
1706071401
+1.153174E+00,-2.976058E-09
1706071406
+1.153153E+00,-2.606349E-09
1706071411
+1.153261E+00,-2.397946E-09
1706071416
+1.153163E+00,-2.271242E-09
1706071422
+1.153183E+00,-2.499646E-09
1706071427
+1.153150E+00,-3.006066E-09
1706071432
+1.153111E+00,-2.299168E-09
1706071437
+1.153141E+00,-2.949796E-09
1706071443
+1.153258E+00,-2.788075E-09
1706071448
+1.153158E+00,-1.982000E-09
1706071453
+1.153167E+00,-3.444126E-09
1706071459
+1.153175E+00,-2.173713E-09
1706071464
+1.153153E+00,-3.334511E-09
1706071469
+1.153103E+00,-3.015238E-09
1706071474
+1.153171E+00,-2.378364E-09
1706071480
+1.153116E+00,-2.918118E-09
1706071485
+1.153229E+00,-2.470059E-09
1706071490
+1.153253E+00,-3.558333E-09
1706071496
+1.153226E+00,-3.259483E-09
1706071501
+1.153188E+00,-2.596772E-09
1706071506
+1.153145E+00,-1.994075E-09
1706071511
+1.153267E+00,-3.349094E-09
1706071517
+1.153131E+00,-2.413792E-09
1706071522
+1.153192E+00,-2.104112E-09
1706071527
+1.153151E+00,-2.722219E-09
1706071533
+1.153160E+00,-2.985224E-09
1706071538
+1.153219E+00,-1.648116E-09
1706071543
+1.153180E+00,-2.769735E-09
1706071548
+1.153082E+00,-1.515471E-08
1706071554
