1706235344
+1.943417E-03,-8.411808E-09
1706235349
+1.941748E-03,-7.426869E-09
1706235355
+1.885043E-03,-7.787834E-09
1706235360
+1.878371E-03,-7.436874E-09
1706235365
+1.865862E-03,-8.181726E-09
1706235370
+1.800814E-03,-6.873754E-09
1706235376
+1.780799E-03,-7.564836E-09
1706235381
+1.759950E-03,-8.117534E-09
1706235386
+1.808319E-03,-7.737815E-09
1706235392
+1.792476E-03,-7.811176E-09
1706235397
+1.789974E-03,-7.867863E-09
1706235402
+1.930078E-03,-8.458495E-09
1706235407
+1.828341E-03,-8.410979E-09
1706235413
+1.850856E-03,-7.733651E-09
1706235418
+1.812496E-03,-8.593128E-09
1706235423
+1.903391E-03,-8.103365E-09
1706235428
+1.899221E-03,-8.851552E-09
1706235434
+1.930909E-03,-8.218823E-09
1706235439
+1.898384E-03,-8.495172E-09
1706235444
+1.892550E-03,-8.358458E-09
1706235450
+1.843349E-03,-8.975348E-09
1706235455
+1.876708E-03,-8.561867E-09
1706235460
+1.799986E-03,-8.450993E-09
1706235465
+1.806655E-03,-8.320944E-09
1706235471
+1.864196E-03,-8.926579E-09
1706235476
+1.861693E-03,-8.814037E-09
1706235481
+1.872539E-03,-8.815292E-09
1706235487
+1.857527E-03,-8.266342E-09
1706235492
+1.870035E-03,-8.843217E-09
1706235497
+1.857526E-03,-8.857805E-09
1706235502
+1.902557E-03,-9.246278E-09
1706235508
+1.815825E-03,-8.377213E-09
1706235513
+1.883377E-03,-8.650230E-09
1706235518
+1.920073E-03,-9.247948E-09
1706235625
+1.906725E-03,-9.733536E-09
1706235631
+1.802481E-03,-9.889838E-09
1706235636
+1.870865E-03,-1.019078E-08
1706235641
+1.765788E-03,-1.008991E-08
1706235646
+1.837509E-03,-1.016452E-08
1706235652
+1.796647E-03,-9.651839E-09
1706235657
+1.792476E-03,-1.098023E-08
1706235662
+1.744109E-03,-1.049298E-08
1706235668
+1.797479E-03,-1.032458E-08
1706235673
+1.703243E-03,-1.010783E-08
1706235678
+1.824165E-03,-9.647254E-09
1706235683
+1.816657E-03,-1.127867E-08
1706235689
+1.805816E-03,-1.128451E-08
1706235694
+1.796644E-03,-1.028331E-08
1706235699
+1.831675E-03,-1.090521E-08
1706235705
+1.835008E-03,-1.082976E-08
1706235710
+1.843348E-03,-1.079350E-08
1706235715
+1.862528E-03,-1.092855E-08
1706235720
+1.843349E-03,-1.132661E-08
1706235726
+1.848349E-03,-1.062261E-08
1706235731
+1.850018E-03,-1.080225E-08
1706235736
+1.807487E-03,-1.077766E-08
1706235742
+1.739940E-03,-1.062969E-08
1706235747
+1.706581E-03,-1.067679E-08
1706235752
+1.701579E-03,-1.155503E-08
1706235757
+1.835838E-03,-1.139538E-08
1706235763
+1.844179E-03,-1.070597E-08
1706235768
+1.858357E-03,-1.126325E-08
1706235773
+1.894219E-03,-1.121741E-08
1706235778
+1.866698E-03,-1.101025E-08
1706235784
+1.881704E-03,-1.067220E-08
1706235789
+1.890880E-03,-1.056342E-08
1706235794
+1.863361E-03,-1.072222E-08
1706235800
+1.910896E-03,-1.073640E-08
1706235805
+1.902556E-03,-1.077224E-08
1706235810
+1.827500E-03,-1.088645E-08
1706235815
+1.817492E-03,-1.116113E-08
1706235821
+1.863363E-03,-1.097774E-08
1706235826
+1.804153E-03,-1.071722E-08
1706235831
+1.809987E-03,-1.101733E-08
1706235837
+1.830837E-03,-1.083935E-08
1706235842
+1.843343E-03,-1.035000E-08
1706235847
+1.751612E-03,-1.104150E-08
1706235852
+1.809984E-03,-1.090353E-08
1706235858
+1.768288E-03,-1.151042E-08
1706235863
+1.930076E-03,-1.027748E-08
1706235868
+1.875866E-03,-1.113279E-08
1706235874
+1.894213E-03,-1.103734E-08
1706235879
+1.905053E-03,-1.148291E-08
1706235884
+1.809987E-03,-1.165131E-08
1706235889
+1.779131E-03,-1.164089E-08
1706235895
+1.773294E-03,-1.172258E-08
1706235900
+1.808319E-03,-1.177594E-08
1706235905
+1.687401E-03,-1.131494E-08
1706235910
+1.779967E-03,-1.105359E-08
1706235916
+1.772463E-03,-1.118489E-08
1706235921
+1.919236E-03,-1.140080E-08
1706235926
+1.794146E-03,-1.173593E-08
1706235932
+1.881709E-03,-1.156586E-08
1706235937
+1.802485E-03,-1.291135E-08
1706235942
+1.775797E-03,-1.069805E-08
1706235947
+1.763288E-03,-1.176885E-08
1706235953
+1.784135E-03,-1.138871E-08
1706235958
+1.805820E-03,-1.161963E-08
1706235963
+1.783304E-03,-1.176927E-08
1706235969
+1.774965E-03,-1.186931E-08
1706235974
+1.832508E-03,-1.187098E-08
1706235979
+1.811662E-03,-1.117614E-08
1706235984
+1.860033E-03,-1.109778E-08
1706235990
+1.876709E-03,-1.068430E-08
1706235995
+1.784976E-03,-1.157170E-08
1706236000
+1.792482E-03,-1.173968E-08
1706236006
+1.816667E-03,-1.180095E-08
1706236011
+1.840018E-03,-1.199894E-08
1706236016
+1.873373E-03,-1.155670E-08
1706236021
+1.788309E-03,-1.171634E-08
1706236027
+1.836677E-03,-1.127451E-08
1706236032
+1.864197E-03,-1.099483E-08
1706236037
+1.831674E-03,-1.208355E-08
1706236043
+1.799983E-03,-1.227654E-08
1706236048
+1.792475E-03,-1.171383E-08
1706236053
+1.757452E-03,-1.208605E-08
1706236058
+1.743278E-03,-1.131953E-08
1706236064
+1.784971E-03,-1.195934E-08
1706236069
+1.852523E-03,-1.187973E-08
1706236074
+1.930078E-03,-1.200394E-08
1706236079
+1.900889E-03,-1.185180E-08
1706236085
+1.868367E-03,-1.155503E-08
1706236090
+1.946759E-03,-1.237283E-08
1706236095
+1.902559E-03,-1.093314E-08
1706236101
+1.911733E-03,-1.205146E-08
1706236106
+1.903391E-03,-1.261499E-08
1706236111
+1.904224E-03,-1.216650E-08
1706236116
+1.794980E-03,-1.260749E-08
1706236121
+1.819996E-03,-1.265876E-08
1706236127
+1.793309E-03,-1.216316E-08
1706236132
+1.811655E-03,-1.245285E-08
1706236137
+1.820828E-03,-1.277963E-08
1706236143
+1.804986E-03,-1.291343E-08
1706236148
+1.813327E-03,-1.243368E-08
1706236153
+1.749116E-03,-1.308933E-08
1706236158
+1.762457E-03,-1.229988E-08
1706236164
+1.827508E-03,-1.201937E-08
1706236169
+1.792479E-03,-1.337027E-08
1706236174
+1.839177E-03,-1.241242E-08
1706236180
+1.884208E-03,-1.225861E-08
1706236185
+1.897554E-03,-1.243326E-08
1706236190
+1.847516E-03,-1.259623E-08
1706236195
+1.774131E-03,-1.305473E-08
1706236201
+1.855021E-03,-1.250578E-08
1706236206
+1.800813E-03,-1.250161E-08
1706236211
+1.892546E-03,-1.245368E-08
1706236216
+1.885039E-03,-1.204228E-08
1706236222
+1.833338E-03,-1.246910E-08
1706236227
+1.824166E-03,-1.347947E-08
1706236232
+1.918402E-03,-1.253413E-08
1706236238
+1.921736E-03,-1.255038E-08
1706236243
+1.829173E-03,-1.301389E-08
1706236248
+1.837511E-03,-1.277130E-08
1706236253
+1.851684E-03,-1.239574E-08
1706236259
+1.874203E-03,-1.275421E-08
1706236264
+1.879206E-03,-1.359409E-08
1706236269
+1.897552E-03,-1.339861E-08
1706236275
+1.960927E-03,-1.294010E-08
1706236280
+1.845011E-03,-1.300304E-08
1706236285
+1.906725E-03,-1.360660E-08
1706236290
+1.889211E-03,-1.336901E-08
1706236296
+1.856686E-03,-1.266125E-08
1706236301
+1.904222E-03,-1.233322E-08
1706236306
+1.926732E-03,-1.327605E-08
1706236312
+1.898385E-03,-1.284340E-08
1706236317
+1.931741E-03,-1.330190E-08
1706236322
+1.927571E-03,-1.340819E-08
1706236327
+1.877536E-03,-1.306307E-08
1706236333
+1.858354E-03,-1.351448E-08
1706236338
+1.841679E-03,-1.370413E-08
1706236343
+1.851686E-03,-1.411178E-08
1706236348
+1.810821E-03,-1.371455E-08
1706236354
+1.905059E-03,-1.398173E-08
1706236359
+1.806651E-03,-1.401341E-08
1706236364
+1.952595E-03,-1.399007E-08
1706236370
+1.910066E-03,-1.368830E-08
1706236375
+1.877543E-03,-1.265835E-08
1706236380
+1.850857E-03,-1.277922E-08
1706236385
+1.856694E-03,-1.337902E-08
1706236390
+1.860865E-03,-1.323189E-08
1706236396
+1.820835E-03,-1.335735E-08
1706236401
+1.820001E-03,-1.308517E-08
1706236406
+1.793313E-03,-1.293011E-08
1706236412
+1.824173E-03,-1.258749E-08
1706236417
+1.774967E-03,-1.270544E-08
1706236422
+1.880881E-03,-1.389546E-08
1706236427
+1.885883E-03,-1.283591E-08
1706236433
+1.860863E-03,-1.350115E-08
1706236438
+1.823338E-03,-1.316561E-08
1706236443
+1.822501E-03,-1.281298E-08
1706236449
+1.808322E-03,-1.313560E-08
1706236454
+1.754954E-03,-1.271837E-08
1706236459
+1.810830E-03,-1.371873E-08
1706236464
+1.793319E-03,-1.321772E-08
1706236470
+1.805822E-03,-1.325814E-08
1706236475
+1.871701E-03,-1.356075E-08
1706236480
+1.819163E-03,-1.270919E-08
1706236486
+1.802486E-03,-1.358368E-08
1706236491
+1.807492E-03,-1.425434E-08
1706236496
+1.820837E-03,-1.298847E-08
1706236501
+1.899224E-03,-1.365996E-08
1706236507
+1.836674E-03,-1.414387E-08
1706236512
+1.840842E-03,-1.401632E-08
1706236517
+1.860856E-03,-1.384293E-08
1706236522
+1.882542E-03,-1.304265E-08
1706236528
+1.828337E-03,-1.340153E-08
1706236533
+1.824999E-03,-1.359117E-08
1706236538
+1.809989E-03,-1.296345E-08
1706236544
+1.781637E-03,-1.323813E-08
1706236549
+1.776632E-03,-1.343362E-08
1706236554
+1.799151E-03,-1.268169E-08
1706236559
+1.865030E-03,-1.296429E-08
1706236565
+1.761624E-03,-1.353032E-08
1706236570
+1.779137E-03,-1.389129E-08
1706236575
+1.861699E-03,-1.304849E-08
1706236581
+1.840014E-03,-1.329691E-08
1706236586
+1.843348E-03,-1.397423E-08
1706236591
+1.929244E-03,-1.439480E-08
1706236596
+1.890046E-03,-1.343654E-08
1706236602
+1.819998E-03,-1.359576E-08
1706236607
+1.808322E-03,-1.371831E-08
1706236612
+1.822497E-03,-1.329148E-08
1706236618
+1.855023E-03,-1.359034E-08
1706236623
+1.915896E-03,-1.418514E-08
1706236628
+1.833337E-03,-1.434269E-08
1706236633
+1.895047E-03,-1.307932E-08
1706236639
+1.801648E-03,-1.294386E-08
1706236644
+1.771629E-03,-1.332025E-08
1706236649
+1.845015E-03,-1.306474E-08
1706236654
+1.843345E-03,-1.301888E-08
1706236660
+1.850851E-03,-1.381375E-08
1706236665
+1.898387E-03,-1.388753E-08
1706236670
+1.809153E-03,-1.361952E-08
1706236676
+1.851686E-03,-1.349447E-08
1706236681
+1.870031E-03,-1.364744E-08
1706236686
+1.885040E-03,-1.341361E-08
1706236691
+1.787467E-03,-1.374081E-08
1706236697
+1.829163E-03,-1.399631E-08
1706236702
+1.861686E-03,-1.388586E-08
1706236707
+1.858353E-03,-1.387752E-08
1706236713
+1.822495E-03,-1.426725E-08
1706236718
+1.892543E-03,-1.349697E-08
1706236723
+1.887541E-03,-1.357617E-08
1706236728
+1.836670E-03,-1.427058E-08
1706236734
+1.863357E-03,-1.394922E-08
1706236739
+1.860857E-03,-1.403758E-08
1706236744
+1.890877E-03,-1.417930E-08
1706236750
+1.876699E-03,-1.450650E-08
1706236755
+1.830002E-03,-1.454735E-08
1706236760
+1.825832E-03,-1.439521E-08
1706236765
+1.880870E-03,-1.373206E-08
1706236771
+1.880035E-03,-1.359034E-08
1706236776
+1.838338E-03,-1.469490E-08
1706236781
+1.806647E-03,-1.382083E-08
1706236786
+1.905054E-03,-1.388628E-08
1706236792
+1.859189E-03,-1.472200E-08
1706236797
+1.894212E-03,-1.353907E-08
1706236802
+1.963428E-03,-1.423765E-08
1706236808
+1.838336E-03,-1.399590E-08
1706236813
+1.875865E-03,-1.481744E-08
1706236818
+1.927570E-03,-1.447149E-08
1706236823
+1.902550E-03,-1.416929E-08
1706236828
+1.897548E-03,-1.363744E-08
1706236834
+1.929239E-03,-1.409135E-08
1706236839
+1.864192E-03,-1.415638E-08
1706236844
+1.895050E-03,-1.418222E-08
1706236850
+1.915065E-03,-1.451068E-08
1706236855
+1.895883E-03,-1.483579E-08
1706236860
+1.908390E-03,-1.481203E-08
1706236865
+1.895880E-03,-1.457444E-08
1706236870
+1.825832E-03,-1.340444E-08
1706236876
+1.850014E-03,-1.402508E-08
1706236881
+1.985944E-03,-1.379874E-08
1706236886
+1.922564E-03,-1.437270E-08
1706236892
+1.944246E-03,-1.451317E-08
1706236897
+1.900887E-03,-1.406551E-08
1706236902
+1.843345E-03,-1.466239E-08
1706236907
+1.816659E-03,-1.481912E-08
1706236912
+1.839174E-03,-1.522426E-08
1706236918
+1.908387E-03,-1.497542E-08
1706236923
+1.880868E-03,-1.511630E-08
1706236928
+1.869191E-03,-1.512339E-08
1706236934
+1.889212E-03,-1.503003E-08
1706236939
+1.890044E-03,-1.561357E-08
1706236944
+1.877533E-03,-1.527803E-08
1706236949
+1.836669E-03,-1.484120E-08
1706236955
+1.813323E-03,-1.453568E-08
1706236960
+1.853350E-03,-1.490873E-08
1706236965
+1.868360E-03,-1.469073E-08
1706236970
+1.911728E-03,-1.449317E-08
1706236976
+1.856694E-03,-1.418223E-08
1706236981
+1.780802E-03,-1.437938E-08
1706236986
+1.828333E-03,-1.449483E-08
1706236992
+1.809985E-03,-1.439063E-08
1706236997
+1.838335E-03,-1.451358E-08
1706237002
+1.895045E-03,-1.429767E-08
1706237007
+1.817489E-03,-1.483537E-08
1706237012
+1.812484E-03,-1.448232E-08
1706237017
+1.845012E-03,-1.474992E-08
1706237023
+1.850851E-03,-1.479994E-08
1706237028
+1.852515E-03,-1.399298E-08
1706237033
+1.858354E-03,-1.444773E-08
1706237039
+1.770793E-03,-1.527845E-08
1706237044
+1.808320E-03,-1.478702E-08
1706237049
+1.850018E-03,-1.382126E-08
1706237054
+1.837512E-03,-1.451985E-08
1706237060
+1.871703E-03,-1.431644E-08
1706237065
+1.870038E-03,-1.369247E-08
1706237070
+1.885043E-03,-1.443773E-08
1706237076
+1.791642E-03,-1.492124E-08
1706237081
+1.754953E-03,-1.481495E-08
1706237086
+1.866699E-03,-1.452527E-08
1706237091
+1.864199E-03,-1.377000E-08
1706237097
+1.815823E-03,-1.447941E-08
1706237102
+1.754115E-03,-1.516674E-08
1706237107
+1.796644E-03,-1.448775E-08
1706237113
+1.805819E-03,-1.507087E-08
1706237118
+1.801654E-03,-1.536724E-08
1706237123
+1.905059E-03,-1.480287E-08
1706237128
+1.883375E-03,-1.467240E-08
1706237134
+1.926739E-03,-1.462321E-08
1706237139
+1.915898E-03,-1.399257E-08
1706237144
+1.867531E-03,-1.475660E-08
1706237150
+1.780799E-03,-1.503419E-08
1706237155
+1.820830E-03,-1.479036E-08
1706237160
+1.873371E-03,-1.422724E-08
1706237165
+1.868367E-03,-1.542601E-08
1706237170
+1.857522E-03,-1.460112E-08
1706237176
+1.814993E-03,-1.480953E-08
1706237181
+1.873370E-03,-1.476535E-08
1706237186
+1.856690E-03,-1.427434E-08
1706237191
+1.794143E-03,-1.445649E-08
1706237197
+1.805816E-03,-1.523593E-08
1706237202
+1.847511E-03,-1.480452E-08
1706237207
+1.831665E-03,-1.504836E-08
1706237213
+1.840840E-03,-1.547602E-08
1706237218
+1.774961E-03,-1.524635E-08
1706237223
+1.825832E-03,-1.490165E-08
1706237228
+1.804983E-03,-1.511589E-08
1706237234
+1.799144E-03,-1.510963E-08
1706237239
+1.774128E-03,-1.578029E-08
1706237244
+1.708247E-03,-1.474909E-08
1706237250
+1.700739E-03,-1.473575E-08
1706237255
+1.756615E-03,-1.537515E-08
1706237260
+1.722425E-03,-1.474242E-08
1706237265
+1.825831E-03,-1.502252E-08
1706237271
+1.880036E-03,-1.415888E-08
1706237276
+1.784137E-03,-1.555647E-08
1706237281
+1.764120E-03,-1.500293E-08
1706237287
+1.843341E-03,-1.554521E-08
1706237292
+1.824161E-03,-1.540682E-08
1706237297
+1.856690E-03,-1.559440E-08
1706237302
+1.819164E-03,-1.570569E-08
1706237308
+1.840010E-03,-1.488164E-08
1706237313
+1.911727E-03,-1.566108E-08
1706237318
+1.850851E-03,-1.538682E-08
1706237323
+1.873366E-03,-1.522801E-08
1706237329
+1.858357E-03,-1.561232E-08
1706237334
+1.784136E-03,-1.515173E-08
1706237339
+1.819163E-03,-1.530054E-08
1706237344
+1.824165E-03,-1.464072E-08
1706237350
+1.715756E-03,-1.471283E-08
1706237355
+1.841679E-03,-1.446649E-08
1706237360
+1.846683E-03,-1.470533E-08
1706237365
+1.928408E-03,-1.569152E-08
1706237371
+1.946756E-03,-1.599663E-08
1706237376
+1.919235E-03,-1.578697E-08
1706237381
+1.871702E-03,-1.533597E-08
1706237387
+1.797480E-03,-1.576988E-08
1706237392
+1.819160E-03,-1.606290E-08
1706237397
+1.867528E-03,-1.569776E-08
1706237402
+1.820828E-03,-1.615918E-08
1706237408
+1.860022E-03,-1.537140E-08
1706237413
+1.838340E-03,-1.602913E-08
1706237418
+1.851681E-03,-1.542808E-08
1706237424
+1.882540E-03,-1.544893E-08
1706237429
+1.854186E-03,-1.665353E-08
1706237434
+1.870029E-03,-1.623504E-08
1706237439
+1.796644E-03,-1.655016E-08
1706237445
+1.831671E-03,-1.608999E-08
1706237450
+1.830008E-03,-1.628090E-08
1706237455
+1.844185E-03,-1.646597E-08
1706237461
+1.819164E-03,-1.670855E-08
1706237466
+1.853360E-03,-1.590452E-08
1706237471
+1.866704E-03,-1.615795E-08
1706237476
+1.816664E-03,-1.615752E-08
1706237482
+1.890054E-03,-1.586034E-08
1706237487
+1.921742E-03,-1.569611E-08
1706237492
+1.895889E-03,-1.595328E-08
1706237497
+1.910902E-03,-1.623172E-08
1706237503
+1.916740E-03,-1.573821E-08
1706237508
+1.886713E-03,-1.636551E-08
1706237513
+1.814167E-03,-1.655434E-08
1706237519
+1.796651E-03,-1.670981E-08
1706237524
+1.830839E-03,-1.555689E-08
1706237529
+1.835842E-03,-1.603539E-08
1706237534
+1.833343E-03,-1.609208E-08
1706237540
+1.859197E-03,-1.590410E-08
1706237545
+1.832513E-03,-1.564818E-08
1706237550
+1.900059E-03,-1.547770E-08
1706237556
+1.884209E-03,-1.583032E-08
1706237561
+1.832506E-03,-1.598371E-08
1706237566
+1.830841E-03,-1.573612E-08
1706237571
+1.862529E-03,-1.580865E-08
1706237577
+1.930073E-03,-1.575945E-08
1706237582
+1.847513E-03,-1.577321E-08
1706237587
+1.885044E-03,-1.577655E-08
1706237593
+1.840011E-03,-1.607290E-08
1706237598
+1.783305E-03,-1.629424E-08
1706237603
+1.798316E-03,-1.605040E-08
1706237608
+1.853354E-03,-1.567068E-08
1706237614
+1.797478E-03,-1.575195E-08
1706237619
+1.882537E-03,-1.577821E-08
1706237624
+1.839173E-03,-1.577904E-08
1706237629
+1.776634E-03,-1.632550E-08
1706237635
+1.806654E-03,-1.562149E-08
1706237640
+1.875037E-03,-1.600496E-08
1706237645
+1.837506E-03,-1.577738E-08
1706237651
+1.881704E-03,-1.602538E-08
1706237656
+1.877536E-03,-1.526678E-08
1706237661
+1.880875E-03,-1.632466E-08
1706237666
+1.882542E-03,-1.639719E-08
1706237672
+1.794980E-03,-1.550062E-08
1706237677
+1.754951E-03,-1.531555E-08
1706237682
+1.858357E-03,-1.491915E-08
1706237687
+1.850850E-03,-1.631132E-08
1706237693
+1.773295E-03,-1.645137E-08
1706237698
+1.827500E-03,-1.651598E-08
1706237703
+1.735766E-03,-1.588075E-08
1706237708
+1.838341E-03,-1.576904E-08
1706237714
+1.845847E-03,-1.677899E-08
1706237719
+1.871700E-03,-1.607541E-08
1706237724
+1.834171E-03,-1.674272E-08
1706237730
+1.800815E-03,-1.572403E-08
1706237735
+1.815825E-03,-1.603330E-08
1706237740
+1.765788E-03,-1.469074E-08
1706237745
+1.799979E-03,-1.496000E-08
1706237751
+1.754947E-03,-1.585699E-08
1706237756
+1.749943E-03,-1.606081E-08
1706237761
+1.827498E-03,-1.527053E-08
1706237766
+1.900888E-03,-1.589409E-08
1706237772
+1.925073E-03,-1.616127E-08
1706237777
+1.863364E-03,-1.549978E-08
1706237782
+1.935913E-03,-1.622254E-08
1706237787
+1.890879E-03,-1.660518E-08
1706237793
+1.881705E-03,-1.661435E-08
1706237798
+1.889210E-03,-1.536806E-08
1706237803
+1.847513E-03,-1.567150E-08
1706237808
+1.759117E-03,-1.619753E-08
1706237813
+1.782470E-03,-1.630882E-08
1706237818
+1.840013E-03,-1.655058E-08
1706237824
+1.932580E-03,-1.640386E-08
1706237829
+1.930913E-03,-1.570236E-08
1706237834
+1.893384E-03,-1.635092E-08
1706237840
+1.837509E-03,-1.555938E-08
1706237845
+1.834174E-03,-1.550187E-08
1706237850
+1.846688E-03,-1.605707E-08
1706237855
+1.802491E-03,-1.696157E-08
1706237861
+1.754123E-03,-1.734212E-08
1706237866
+1.799985E-03,-1.633259E-08
1706237871
+1.739108E-03,-1.663770E-08
1706237877
+1.788310E-03,-1.684610E-08
1706237882
+1.897556E-03,-1.643054E-08
1706237887
+1.851689E-03,-1.656017E-08
1706237892
+1.816664E-03,-1.703742E-08
1706237898
+1.815827E-03,-1.662477E-08
1706237903
+1.814998E-03,-1.628340E-08
1706237908
+1.823336E-03,-1.651390E-08
1706237914
+1.768293E-03,-1.643678E-08
1706237919
+1.820831E-03,-1.628965E-08
1706237924
+1.853356E-03,-1.676983E-08
1706237929
+1.799150E-03,-1.667854E-08
1706237934
+1.840014E-03,-1.678567E-08
1706237940
+1.829171E-03,-1.692905E-08
1706237945
+1.860860E-03,-1.661602E-08
1706237950
+1.860861E-03,-1.623546E-08
1706237956
+1.879203E-03,-1.677274E-08
1706237961
+1.874200E-03,-1.638051E-08
1706237966
+1.858355E-03,-1.744256E-08
1706237971
+1.889214E-03,-1.680567E-08
1706237977
+1.825003E-03,-1.666645E-08
1706237982
+1.832510E-03,-1.667896E-08
1706237987
+1.806654E-03,-1.707201E-08
1706237992
+1.852522E-03,-1.724916E-08
1706237998
+1.812494E-03,-1.711036E-08
1706238003
+1.766631E-03,-1.704910E-08
1706238008
+1.778306E-03,-1.609209E-08
1706238014
+1.870034E-03,-1.725958E-08
1706238019
+1.842516E-03,-1.739338E-08
1706238024
+1.851686E-03,-1.747133E-08
1706238029
+1.900892E-03,-1.718873E-08
1706238035
+1.845021E-03,-1.654433E-08
1706238040
+1.892554E-03,-1.674190E-08
1706238045
+1.855858E-03,-1.686319E-08
1706238051
+1.882548E-03,-1.752510E-08
1706238056
+1.844186E-03,-1.740298E-08
1706238061
+1.910895E-03,-1.732210E-08
1706238066
+1.822500E-03,-1.746007E-08
1706238072
+1.870865E-03,-1.687111E-08
1706238077
+1.861696E-03,-1.792024E-08
1706238082
+1.773297E-03,-1.740880E-08
1706238088
+1.774132E-03,-1.709036E-08
1706238093
+1.804152E-03,-1.756719E-08
1706238098
+1.779132E-03,-1.781061E-08
1706238103
+1.762459E-03,-1.684152E-08
1706238109
+1.842514E-03,-1.665353E-08
1706238114
+1.851687E-03,-1.709953E-08
1706238119
+1.838345E-03,-1.735379E-08
1706238124
+1.901725E-03,-1.690904E-08
1706238130
+1.901727E-03,-1.711162E-08
1706238135
+1.870871E-03,-1.722249E-08
1706238140
+1.846686E-03,-1.674815E-08
1706238146
+1.924245E-03,-1.693364E-08
1706238151
+1.841685E-03,-1.776144E-08
1706238156
+1.769967E-03,-1.684194E-08
1706238161
+1.819175E-03,-1.807990E-08
1706238167
+1.821672E-03,-1.757888E-08
1706238172
+1.803327E-03,-1.734588E-08
1706238177
+1.859194E-03,-1.741589E-08
1706238183
+1.842518E-03,-1.731461E-08
1706238188
+1.833345E-03,-1.819243E-08
1706238193
+1.822504E-03,-1.792858E-08
1706238198
+1.828338E-03,-1.777686E-08
1706238204
+1.879209E-03,-1.766223E-08
1706238209
+1.843352E-03,-1.827329E-08
1706238214
+1.900059E-03,-1.893311E-08
1706238220
+1.887552E-03,-1.786481E-08
1706238225
+1.895056E-03,-1.821702E-08
1706238230
+1.828338E-03,-1.858173E-08
1706238235
+1.828343E-03,-1.752427E-08
1706238241
+1.818333E-03,-1.750885E-08
1706238246
+1.864199E-03,-1.883391E-08
1706238251
+1.790813E-03,-1.842376E-08
1706238256
+1.812495E-03,-1.769349E-08
1706238262
+1.856694E-03,-1.808322E-08
1706238267
+1.851690E-03,-1.775643E-08
1706238272
+1.930076E-03,-1.821826E-08
1706238278
+1.875870E-03,-1.837873E-08
1706238283
+1.937579E-03,-1.818783E-08
1706238288
+1.905060E-03,-1.760679E-08
1706238293
+1.845017E-03,-1.788981E-08
1706238299
+1.820000E-03,-1.743423E-08
1706238304
+1.804990E-03,-1.798610E-08
1706238309
+1.810827E-03,-1.794400E-08
1706238315
+1.810824E-03,-1.799776E-08
1706238320
+1.815832E-03,-1.717164E-08
1706238325
+1.907566E-03,-1.760222E-08
1706238330
+1.858364E-03,-1.781313E-08
1706238336
+1.787478E-03,-1.729627E-08
1706238341
+1.826672E-03,-1.782896E-08
1706238346
+1.810827E-03,-1.830622E-08
1706238352
+1.776636E-03,-1.739130E-08
1706238357
+1.904228E-03,-1.824161E-08
1706238362
+1.906729E-03,-1.782354E-08
1706238367
+1.824170E-03,-1.810323E-08
1706238373
+1.840850E-03,-1.815658E-08
1706238378
+1.827507E-03,-1.847628E-08
1706238383
+1.824170E-03,-1.870136E-08
1706238388
+1.794145E-03,-1.835164E-08
1706238394
+1.929243E-03,-1.785063E-08
1706238399
+1.921737E-03,-1.793149E-08
1706238404
+1.889213E-03,-1.810989E-08
1706238410
+1.836674E-03,-1.780144E-08
1706238415
+1.822499E-03,-1.825661E-08
1706238420
+1.825004E-03,-1.811073E-08
1706238425
+1.784138E-03,-1.819450E-08
1706238430
+1.961766E-03,-1.807363E-08
1706238436
+1.875040E-03,-1.800236E-08
1706238441
+1.940919E-03,-1.752010E-08
1706238446
+1.958432E-03,-1.849837E-08
1706238452
+1.948423E-03,-1.769641E-08
1706238457
+1.843347E-03,-1.748925E-08
1706238462
+1.781638E-03,-1.747258E-08
1706238467
+1.783307E-03,-1.756136E-08
1706238473
+1.771632E-03,-1.825161E-08
1706238478
+1.839184E-03,-1.796652E-08
1706238483
+1.762461E-03,-1.776936E-08
1706238489
+1.783309E-03,-1.821327E-08
1706238494
+1.783307E-03,-1.835873E-08
1706238499
+1.803323E-03,-1.810740E-08
1706238504
+1.856693E-03,-1.888559E-08
1706238510
+1.869200E-03,-1.833164E-08
1706238515
+1.849186E-03,-1.825536E-08
1706238520
+1.870033E-03,-1.809738E-08
1706238526
+1.945925E-03,-1.802028E-08
1706238531
+1.945924E-03,-1.747633E-08
1706238536
+1.944254E-03,-1.777602E-08
1706238541
+1.875036E-03,-1.761471E-08
1706238546
+1.897553E-03,-1.796567E-08
1706238552
+1.924239E-03,-1.812031E-08
1706238557
+1.885042E-03,-1.921028E-08
1706238562
+1.830004E-03,-1.905440E-08
1706238567
+1.767460E-03,-1.927073E-08
1706238573
+1.785805E-03,-1.888350E-08
1706238578
+1.892548E-03,-1.897895E-08
1706238583
+1.771627E-03,-1.930281E-08
1706238589
+1.854190E-03,-1.844251E-08
1706238594
+1.809992E-03,-1.905565E-08
1706238599
+1.825003E-03,-1.887517E-08
1706238604
+1.884210E-03,-1.907440E-08
1706238610
+1.891719E-03,-1.952582E-08
1706238615
+1.832506E-03,-1.933450E-08
1706238620
+1.784139E-03,-1.985594E-08
1706238626
+1.804153E-03,-1.931282E-08
1706238631
+1.773300E-03,-1.889810E-08
1706238636
+1.923409E-03,-2.032111E-08
1706238641
+1.868367E-03,-1.881473E-08
1706238647
+1.792479E-03,-1.985469E-08
1706238652
+1.809993E-03,-1.888726E-08
1706238657
+1.879210E-03,-1.909400E-08
1706238663
+1.810828E-03,-1.895437E-08
1706238668
+1.709921E-03,-1.918778E-08
1706238673
+1.804987E-03,-1.856089E-08
1706238678
+1.902557E-03,-1.781520E-08
1706238684
+1.934248E-03,-1.962502E-08
1706238689
+1.917567E-03,-1.841250E-08
1706238694
+1.901724E-03,-1.883724E-08
1706238699
+1.818334E-03,-1.846044E-08
1706238705
+1.830007E-03,-1.940369E-08
1706238710
+1.873372E-03,-1.884183E-08
1706238715
+1.840013E-03,-1.877763E-08
1706238721
+1.818332E-03,-1.854714E-08
1706238726
+1.776637E-03,-1.901189E-08
1706238731
+1.775800E-03,-1.885266E-08
1706238736
+1.886712E-03,-1.890726E-08
1706238742
+1.845018E-03,-1.868844E-08
1706238747
+1.796651E-03,-1.850254E-08
1706238752
+1.845017E-03,-1.888017E-08
1706238758
+1.832510E-03,-1.901856E-08
1706238763
+1.784975E-03,-1.938119E-08
1706238768
+1.794149E-03,-1.930825E-08
1706238773
+1.855026E-03,-1.876221E-08
1706238779
+1.843352E-03,-1.866551E-08
1706238784
+1.825837E-03,-1.945496E-08
1706238789
+1.895052E-03,-1.879139E-08
1706238795
+1.819161E-03,-1.898687E-08
1706238800
+1.855858E-03,-1.945413E-08
1706238805
+1.852519E-03,-1.858673E-08
1706238810
+1.836677E-03,-1.825244E-08
1706238816
+1.830835E-03,-1.840082E-08
1706238821
+1.810825E-03,-1.812948E-08
1706238826
+1.808322E-03,-1.919820E-08
1706238831
+1.841675E-03,-1.923279E-08
1706238837
+1.834170E-03,-1.878554E-08
1706238842
+1.891714E-03,-1.860506E-08
1706238847
+1.799150E-03,-1.861132E-08
1706238853
+1.839178E-03,-1.891977E-08
1706238858
+1.744109E-03,-1.900354E-08
1706238863
+1.791638E-03,-1.871718E-08
1706238868
+1.786635E-03,-1.892351E-08
1706238873
+1.773298E-03,-1.917778E-08
1706238879
+1.804985E-03,-1.872177E-08
1706238884
+1.865862E-03,-1.931365E-08
1706238889
+1.884209E-03,-1.885682E-08
1706238895
+1.924239E-03,-1.885016E-08
1706238900
+1.860026E-03,-1.844709E-08
1706238905
+1.839180E-03,-1.924280E-08
1706238910
+1.860865E-03,-1.928199E-08
1706238916
+1.788316E-03,-1.952792E-08
1706238921
+1.832509E-03,-1.805279E-08
1706238926
+1.892556E-03,-1.918779E-08
1706238932
+1.870871E-03,-1.857506E-08
1706238937
+1.873372E-03,-1.896979E-08
1706238942
+1.880879E-03,-1.886184E-08
1706238947
+1.861698E-03,-2.019523E-08
1706238953
+1.861698E-03,-1.938327E-08
1706238958
+1.863368E-03,-1.859174E-08
1706238963
+1.898392E-03,-1.857173E-08
1706238969
+1.812496E-03,-1.919195E-08
1706238974
+1.842519E-03,-1.939119E-08
1706238979
+1.824172E-03,-1.850712E-08
1706238984
+1.809157E-03,-1.945079E-08
1706238990
+1.767461E-03,-1.864342E-08
1706238995
+1.843348E-03,-1.893477E-08
1706239000
+1.848352E-03,-1.936868E-08
1706239005
+1.811662E-03,-1.937452E-08
1706239011
+1.835846E-03,-1.997557E-08
1706239016
+1.778307E-03,-1.929866E-08
1706239021
+1.856693E-03,-1.909817E-08
1706239026
+1.861698E-03,-1.943246E-08
1706239032
+1.880878E-03,-1.932742E-08
1706239037
+1.879206E-03,-1.977216E-08
1706239042
+1.856690E-03,-1.924947E-08
1706239047
+1.845016E-03,-2.006518E-08
1706239053
+1.821667E-03,-1.985969E-08
1706239058
+1.767460E-03,-1.953582E-08
1706239063
+1.802484E-03,-1.921737E-08
1706239069
+1.738272E-03,-1.949622E-08
1706239074
+1.739938E-03,-1.927781E-08
1706239079
+1.870864E-03,-1.966961E-08
1706239084
+1.808321E-03,-1.880597E-08
1706239090
+1.910061E-03,-1.913401E-08
1706239095
+1.865028E-03,-1.987802E-08
1706239100
+1.900889E-03,-2.016271E-08
1706239106
+1.904225E-03,-1.997640E-08
1706239111
+1.946754E-03,-2.056744E-08
1706239116
+1.985114E-03,-2.047824E-08
1706239121
+1.884210E-03,-1.915527E-08
1706239126
+1.925071E-03,-1.931574E-08
1706239132
+1.899222E-03,-1.848336E-08
1706239137
+1.861689E-03,-1.894602E-08
1706239142
+1.827499E-03,-1.995263E-08
1706239148
1706239153
+1.835840E-03,-1.871927E-08
1706239158
+1.860856E-03,-2.016812E-08
1706239163
+1.891712E-03,-1.936742E-08
1706239168
+1.874205E-03,-1.953499E-08
1706239174
+1.803320E-03,-1.924905E-08
1706239179
+1.889218E-03,-2.042156E-08
1706239184
+1.822504E-03,-1.970881E-08
1706239190
+1.935084E-03,-1.955625E-08
1706239195
+1.843351E-03,-1.933909E-08
1706239200
+1.790814E-03,-1.867510E-08
1706239205
+1.814993E-03,-1.989636E-08
1706239211
+1.848354E-03,-1.932909E-08
1706239216
+1.929245E-03,-1.960210E-08
1706239221
+1.853355E-03,-1.975423E-08
1706239226
+1.922574E-03,-1.974549E-08
1706239232
+1.905062E-03,-2.037405E-08
1706239237
+1.900056E-03,-1.981926E-08
1706239242
+1.921738E-03,-2.038655E-08
1706239248
+1.899224E-03,-2.035904E-08
1706239253
+1.886715E-03,-1.976132E-08
1706239258
+1.825837E-03,-2.092841E-08
1706239263
+1.813326E-03,-2.077794E-08
1706239269
+1.912567E-03,-2.063122E-08
1706239274
+1.860860E-03,-1.984010E-08
1706239279
+1.841679E-03,-2.130562E-08
1706239285
+1.863360E-03,-2.114640E-08
1706239290
+1.873368E-03,-2.033194E-08
1706239295
+1.855857E-03,-1.993555E-08
1706239300
+1.833341E-03,-2.051701E-08
1706239306
+1.845015E-03,-2.111889E-08
1706239311
+1.828336E-03,-2.018647E-08
1706239316
+1.848353E-03,-1.992013E-08
1706239322
+1.836676E-03,-2.016146E-08
1706239327
+1.838345E-03,-2.011937E-08
1706239332
+1.806654E-03,-1.983092E-08
1706239337
+1.774966E-03,-2.035987E-08
1706239343
+1.850851E-03,-1.944245E-08
1706239348
+1.830006E-03,-1.957167E-08
1706239353
+1.838348E-03,-2.026151E-08
1706239358
+1.924244E-03,-2.013855E-08
1706239364
+1.920076E-03,-2.054495E-08
1706239369
+1.920074E-03,-2.060955E-08
1706239374
+1.839182E-03,-2.075419E-08
1706239379
+1.903394E-03,-2.123436E-08
1706239385
+1.801653E-03,-1.991221E-08
1706239390
+1.841684E-03,-2.111390E-08
1706239395
+1.867535E-03,-2.145527E-08
1706239400
+1.852521E-03,-2.135689E-08
1706239406
+1.872536E-03,-2.045824E-08
1706239411
+1.804152E-03,-2.116557E-08
1706239416
+1.891715E-03,-1.998515E-08
1706239422
+1.891712E-03,-2.011561E-08
1706239427
+1.829171E-03,-2.115182E-08
1706239432
+1.849189E-03,-2.085756E-08
1706239437
+1.825002E-03,-2.051034E-08
1706239443
+1.890882E-03,-2.101552E-08
1706239448
+1.915897E-03,-1.965169E-08
1706239453
+1.857523E-03,-2.071374E-08
1706239459
+1.830003E-03,-2.049200E-08
1706239464
+1.838343E-03,-2.084879E-08
1706239469
+1.906724E-03,-2.095299E-08
1706239474
+1.874202E-03,-2.130562E-08
1706239480
+1.819165E-03,-2.131396E-08
1706239485
+1.804156E-03,-2.108305E-08
1706239490
+1.871703E-03,-2.088464E-08
1706239495
+1.835846E-03,-2.096551E-08
1706239501
+1.806657E-03,-2.082504E-08
1706239506
+1.841682E-03,-2.113974E-08
1706239511
+1.815828E-03,-2.086422E-08
1706239517
+1.764959E-03,-2.017105E-08
1706239522
+1.812491E-03,-2.050700E-08
1706239527
+1.816665E-03,-2.073668E-08
1706239532
+1.792477E-03,-2.071833E-08
1706239538
+1.817495E-03,-2.010936E-08
1706239543
+1.853352E-03,-2.077293E-08
1706239548
+1.803316E-03,-2.071624E-08
1706239554
+1.768292E-03,-2.004392E-08
1706239559
+1.862524E-03,-2.016354E-08
1706239564
+1.915062E-03,-2.067623E-08
1706239569
+1.990116E-03,-2.127769E-08
1706239575
+1.889208E-03,-2.032443E-08
1706239580
+1.936741E-03,-2.014644E-08
1706239585
+1.900054E-03,-1.953540E-08
1706239591
+1.884209E-03,-1.982467E-08
1706239596
+1.925069E-03,-2.089547E-08
1706239601
+1.870029E-03,-2.043947E-08
1706239606
+1.885041E-03,-1.989636E-08
1706239612
+1.749945E-03,-2.024440E-08
1706239617
+1.819164E-03,-1.946496E-08
1706239622
+1.800818E-03,-2.036612E-08
1706239627
+1.766625E-03,-2.066789E-08
1706239633
+1.812493E-03,-1.993638E-08
1706239638
+1.832508E-03,-1.991179E-08
1706239643
+1.893386E-03,-2.106263E-08
1706239649
+1.861697E-03,-1.953833E-08
1706239654
+1.844183E-03,-2.017272E-08
1706239659
+1.836675E-03,-2.109805E-08
1706239664
+1.867531E-03,-1.990095E-08
1706239670
+1.873370E-03,-1.957209E-08
1706239675
+1.881707E-03,-2.040238E-08
1706239680
+1.875035E-03,-2.029817E-08
1706239686
+1.819163E-03,-2.059954E-08
1706239691
+1.835010E-03,-2.123144E-08
1706239696
+1.950925E-03,-2.030693E-08
1706239701
+1.915898E-03,-2.014895E-08
1706239707
+1.955927E-03,-2.099634E-08
1706239712
+1.959266E-03,-2.078836E-08
1706239717
+1.873371E-03,-2.093341E-08
1706239723
+1.893384E-03,-1.991096E-08
1706239728
+1.878375E-03,-2.063414E-08
1706239733
+1.799148E-03,-2.075459E-08
1706239738
+1.861695E-03,-1.968713E-08
1706239744
+1.779969E-03,-2.142484E-08
1706239749
+1.887545E-03,-2.118641E-08
1706239754
+1.829171E-03,-2.004267E-08
1706239759
+1.767461E-03,-2.012895E-08
1706239765
+1.870867E-03,-2.042781E-08
1706239770
+1.809157E-03,-2.118808E-08
1706239775
+1.845851E-03,-2.070666E-08
1706239781
+1.794978E-03,-2.021982E-08
1706239786
+1.835838E-03,-2.105136E-08
1706239791
+1.729094E-03,-2.123976E-08
1706239796
+1.729099E-03,-2.111597E-08
1706239802
+1.751615E-03,-2.020689E-08
1706239807
+1.881707E-03,-2.108971E-08
1706239812
+1.842515E-03,-2.123727E-08
1706239818
+1.857528E-03,-2.128271E-08
1706239823
+1.758289E-03,-2.071542E-08
1706239828
+1.775799E-03,-2.062580E-08
1706239833
+1.918401E-03,-2.158198E-08
1706239839
+1.868367E-03,-2.056745E-08
1706239844
+1.873371E-03,-2.146235E-08
1706239849
+1.795817E-03,-2.077711E-08
1706239855
+1.834175E-03,-2.077752E-08
1706239860
+1.870872E-03,-2.123311E-08
1706239865
+1.858364E-03,-2.163617E-08
1706239870
+1.899224E-03,-2.016730E-08
1706239876
+1.827507E-03,-2.105346E-08
1706239881
+1.820835E-03,-2.069124E-08
1706239886
+1.830841E-03,-2.104845E-08
1706239891
+1.789978E-03,-2.174370E-08
1706239897
+1.899223E-03,-2.126478E-08
1706239902
+1.861697E-03,-2.140984E-08
1706239907
+1.877542E-03,-2.142026E-08
1706239913
+1.895054E-03,-2.222638E-08
1706239918
+1.900056E-03,-2.177872E-08
1706239923
+1.952593E-03,-2.119225E-08
1706239928
+1.928410E-03,-2.238310E-08
1706239934
+1.933414E-03,-2.180873E-08
1706239939
+1.884210E-03,-2.094174E-08
1706239944
+1.895883E-03,-2.143817E-08
1706239950
+1.802482E-03,-2.176537E-08
1706239955
+1.719923E-03,-2.171035E-08
1706239960
+1.781636E-03,-2.119142E-08
1706239965
+1.777464E-03,-2.147526E-08
1706239970
+1.884208E-03,-2.139274E-08
1706239976
+1.953428E-03,-2.189667E-08
1706239981
+1.910894E-03,-2.181956E-08
1706239986
+1.902556E-03,-2.253899E-08
1706239991
+1.880873E-03,-2.201963E-08
1706239997
+1.890047E-03,-2.207340E-08
1706240002
+1.804151E-03,-2.158197E-08
1706240007
+1.990114E-03,-2.189416E-08
1706240012
+1.856691E-03,-2.200463E-08
1706240018
+1.900888E-03,-2.200129E-08
1706240023
+1.777470E-03,-2.186833E-08
1706240028
+1.807490E-03,-2.199880E-08
1706240034
+1.882543E-03,-2.168493E-08
1706240039
+1.846685E-03,-2.216636E-08
1706240044
+1.920073E-03,-2.180915E-08
1706240049
+1.827507E-03,-2.210592E-08
1706240055
+1.845856E-03,-2.226807E-08
1706240060
+1.901731E-03,-2.239895E-08
1706240065
+1.881717E-03,-2.148404E-08
1706240070
+1.924245E-03,-2.230308E-08
1706240076
+1.820002E-03,-2.273448E-08
1706240081
+1.870874E-03,-2.129564E-08
1706240086
+1.743281E-03,-2.136858E-08
1706240092
+1.860866E-03,-2.190085E-08
1706240097
+1.701586E-03,-2.159908E-08
1706240102
+1.804159E-03,-2.224514E-08
1706240107
+1.840019E-03,-2.132815E-08
1706240113
+1.815001E-03,-2.127438E-08
1706240118
+1.824176E-03,-2.158116E-08
1706240123
+1.806663E-03,-2.096969E-08
1706240129
+1.862536E-03,-2.141568E-08
1706240134
+1.885886E-03,-2.158949E-08
1706240139
+1.868371E-03,-2.020024E-08
1706240144
+1.818340E-03,-2.104305E-08
1706240150
+1.848359E-03,-2.143944E-08
1706240155
+1.834179E-03,-2.140651E-08
1706240160
+1.906731E-03,-2.083922E-08
1706240166
+1.804153E-03,-2.093466E-08
1706240171
+1.865032E-03,-2.097968E-08
1706240176
+1.895052E-03,-2.077960E-08
1706240181
+1.893385E-03,-2.074793E-08
1706240187
+1.816663E-03,-2.164992E-08
1706240192
+1.839177E-03,-2.096633E-08
1706240197
+1.789143E-03,-2.094258E-08
1706240202
+1.897553E-03,-2.108888E-08
1706240208
+1.830841E-03,-2.123519E-08
1706240213
+1.845017E-03,-2.094758E-08
1706240218
+1.870037E-03,-2.147861E-08
1706240223
+1.832514E-03,-2.051077E-08
1706240228
+1.870872E-03,-2.112974E-08
1706240234
+1.960935E-03,-2.197046E-08
1706240239
+1.901723E-03,-2.142525E-08
1706240244
+1.960101E-03,-2.133231E-08
1706240250
+1.900893E-03,-2.173246E-08
1706240255
+1.734941E-03,-2.227181E-08
1706240260
+1.890050E-03,-2.137107E-08
1706240265
+1.888384E-03,-2.270489E-08
1706240271
+1.840851E-03,-2.249106E-08
1706240276
+1.874207E-03,-2.157448E-08
1706240281
+1.921740E-03,-2.168493E-08
1706240286
+1.955931E-03,-2.153030E-08
1706240292
+1.906728E-03,-2.173954E-08
1706240297
+1.954261E-03,-2.156781E-08
1706240302
+1.925076E-03,-2.165492E-08
1706240308
+1.897561E-03,-2.230183E-08
1706240313
+1.927581E-03,-2.229683E-08
1706240318
+1.933417E-03,-2.236102E-08
1706240323
+1.830006E-03,-2.177955E-08
1706240329
+1.872536E-03,-2.224180E-08
1706240334
+1.878373E-03,-2.276782E-08
1706240339
+1.920071E-03,-2.279033E-08
1706240345
+1.896722E-03,-2.196670E-08
1706240350
+1.895888E-03,-2.231975E-08
1706240355
+1.865032E-03,-2.134023E-08
1706240360
+1.930076E-03,-2.127020E-08
1706240366
+1.817501E-03,-2.245230E-08
1706240371
+1.865032E-03,-2.180789E-08
1706240376
+1.940920E-03,-2.175704E-08
1706240382
+1.954262E-03,-2.212509E-08
1706240387
+1.922572E-03,-2.268404E-08
1706240392
+2.045993E-03,-2.174662E-08
1706240397
+1.951757E-03,-2.186457E-08
1706240403
+1.878374E-03,-2.187375E-08
1706240408
+1.820004E-03,-2.162659E-08
1706240413
+1.867535E-03,-2.170286E-08
1706240418
+1.885880E-03,-2.153321E-08
1706240424
+1.925907E-03,-2.153946E-08
1706240429
+1.903390E-03,-2.133147E-08
1706240434
+1.937580E-03,-2.225847E-08
1706240440
+1.888382E-03,-2.249314E-08
1706240445
+1.914231E-03,-2.271446E-08
1706240450
+1.919239E-03,-2.331302E-08
1706240455
+1.909229E-03,-2.281284E-08
1706240461
+1.851687E-03,-2.276115E-08
1706240466
+1.860028E-03,-2.133481E-08
1706240471
+1.851691E-03,-2.189793E-08
1706240477
+1.834176E-03,-2.312087E-08
1706240482
+1.820001E-03,-2.188501E-08
1706240487
+1.742446E-03,-2.279159E-08
1706240492
+1.832509E-03,-2.281034E-08
1706240498
+1.859196E-03,-2.228807E-08
1706240503
+1.808324E-03,-2.257108E-08
1706240508
+1.826670E-03,-2.235809E-08
1706240513
+1.845016E-03,-2.215260E-08
1706240519
+1.837512E-03,-2.257984E-08
1706240524
+1.795816E-03,-2.195628E-08
1706240529
+1.836681E-03,-2.197463E-08
1706240534
+1.848353E-03,-2.184291E-08
1706240539
+1.905895E-03,-2.181957E-08
1706240544
+1.880040E-03,-2.245896E-08
1706240550
+1.846687E-03,-2.227598E-08
1706240555
+1.924243E-03,-2.272573E-08
1706240560
+1.845850E-03,-2.226848E-08
1706240566
+1.959264E-03,-2.252898E-08
1706240571
+1.873369E-03,-2.242686E-08
1706240576
+1.815827E-03,-2.257108E-08
1706240581
+1.824166E-03,-2.237976E-08
1706240587
+1.854190E-03,-2.195544E-08
1706240592
+1.875867E-03,-2.192292E-08
1706240597
+1.880038E-03,-2.242227E-08
1706240603
+1.849184E-03,-2.381653E-08
1706240608
+1.901721E-03,-2.296664E-08
1706240613
+1.804984E-03,-2.319213E-08
1706240618
+1.832504E-03,-2.178663E-08
1706240624
+1.826669E-03,-2.281450E-08
1706240629
+1.862527E-03,-2.267111E-08
1706240634
+1.888380E-03,-2.216343E-08
1706240639
+1.813325E-03,-2.348182E-08
1706240645
+1.870865E-03,-2.323632E-08
1706240650
+1.831671E-03,-2.239518E-08
1706240655
+1.827501E-03,-2.300373E-08
1706240661
+1.900057E-03,-2.325717E-08
1706240666
+1.852527E-03,-2.266363E-08
1706240671
+1.856690E-03,-2.273572E-08
1706240676
+1.827503E-03,-2.306960E-08
1706240681
+1.758287E-03,-2.446885E-08
1706240687
+1.747446E-03,-2.411456E-08
1706240692
+1.804990E-03,-2.390032E-08
1706240697
+1.724934E-03,-2.281576E-08
1706240702
+1.738274E-03,-2.329801E-08
1706240708
+1.782472E-03,-2.240561E-08
1706240713
+1.845849E-03,-2.355144E-08
1706240718
+1.877541E-03,-2.375651E-08
1706240723
+1.850019E-03,-2.495736E-08
1706240729
+1.898390E-03,-2.403703E-08
1706240734
+1.895049E-03,-2.380736E-08
1706240739
+1.830001E-03,-2.351100E-08
1706240745
+1.763287E-03,-2.267153E-08
1706240750
+1.860022E-03,-2.410787E-08
1706240755
+1.799145E-03,-2.375733E-08
1706240760
+1.915896E-03,-2.280074E-08
1706240766
+1.865025E-03,-2.373774E-08
1706240771
+1.884206E-03,-2.322464E-08
1706240776
+1.831667E-03,-2.318212E-08
1706240782
+1.834167E-03,-2.427084E-08
1706240787
+1.898385E-03,-2.322840E-08
1706240792
+1.837506E-03,-2.360561E-08
1706240797
+1.857520E-03,-2.354976E-08
1706240803
+1.870029E-03,-2.366355E-08
1706240808
+1.747442E-03,-2.187457E-08
1706240813
+1.824169E-03,-2.248439E-08
1706240818
+1.804155E-03,-2.302583E-08
1706240824
+1.865030E-03,-2.275573E-08
1706240829
+1.879206E-03,-2.261818E-08
1706240834
+1.900886E-03,-2.332968E-08
1706240840
+1.831671E-03,-2.179705E-08
1706240845
+1.826668E-03,-2.242853E-08
1706240850
+1.818332E-03,-2.276574E-08
1706240855
+1.799985E-03,-2.292788E-08
1706240861
+1.845852E-03,-2.253232E-08
1706240866
+1.901728E-03,-2.274240E-08
1706240871
+1.839182E-03,-2.172120E-08
1706240877
+1.820834E-03,-2.285161E-08
1706240882
+1.840016E-03,-2.159616E-08
1706240887
+1.791649E-03,-2.234351E-08
1706240892
+1.844185E-03,-2.218053E-08
1706240898
+1.851688E-03,-2.246521E-08
1706240903
+1.926744E-03,-2.183041E-08
1706240908
+1.832510E-03,-2.226264E-08
1706240914
+1.860863E-03,-2.260860E-08
1706240919
+1.927579E-03,-2.253900E-08
1706240924
+1.865033E-03,-2.301500E-08
1706240929
+1.817499E-03,-2.334595E-08
1706240935
+1.895049E-03,-2.304500E-08
1706240940
+1.809991E-03,-2.274948E-08
1706240945
+1.795816E-03,-2.294039E-08
1706240951
+1.856692E-03,-2.259526E-08
1706240956
+1.825002E-03,-2.185041E-08
1706240961
+1.835846E-03,-2.323925E-08
1706240966
+1.813333E-03,-2.269948E-08
1706240971
+1.774969E-03,-2.310878E-08
1706240977
+1.848353E-03,-2.230057E-08
1706240982
+1.842514E-03,-2.204506E-08
1706240987
+1.830840E-03,-2.182873E-08
1706240993
+1.855024E-03,-2.283743E-08
1706240998
+1.848355E-03,-2.269113E-08
1706241003
+1.840848E-03,-2.237977E-08
1706241008
+1.839180E-03,-2.252982E-08
1706241014
+1.780807E-03,-2.315088E-08
1706241019
+1.768296E-03,-2.329635E-08
1706241024
+1.820832E-03,-2.257525E-08
1706241029
+1.803324E-03,-2.314171E-08
1706241035
+1.860863E-03,-2.251190E-08
1706241040
+1.803323E-03,-2.272865E-08
1706241045
+1.822504E-03,-2.258235E-08
1706241051
+1.834177E-03,-2.197254E-08
1706241056
+1.765794E-03,-2.294122E-08
1706241061
+1.774132E-03,-2.257817E-08
1706241066
+1.836677E-03,-2.260568E-08
1706241071
+1.799985E-03,-2.242478E-08
1706241077
+1.789976E-03,-2.257567E-08
1706241082
+1.802484E-03,-2.305875E-08
1706241087
+1.797478E-03,-2.248688E-08
1706241093
+1.750782E-03,-2.224471E-08
1706241098
+1.759953E-03,-2.293496E-08
1706241103
+1.747444E-03,-2.309168E-08
1706241108
+1.855857E-03,-2.303417E-08
1706241114
+1.879207E-03,-2.322173E-08
1706241119
+1.924240E-03,-2.178080E-08
1706241124
+1.865863E-03,-2.305000E-08
1706241130
+1.798317E-03,-2.262110E-08
1706241135
+1.849187E-03,-2.289745E-08
1706241140
+1.808322E-03,-2.324174E-08
1706241145
+1.797484E-03,-2.291538E-08
1706241151
+1.855856E-03,-2.276948E-08
1706241156
+1.799988E-03,-2.253358E-08
1706241161
+1.844184E-03,-2.306335E-08
1706241166
+1.847522E-03,-2.270656E-08
1706241172
+1.924243E-03,-2.257859E-08
1706241177
+1.833343E-03,-2.131980E-08
1706241182
+1.915069E-03,-2.164200E-08
1706241187
+1.875874E-03,-2.313129E-08
1706241193
+1.770796E-03,-2.281700E-08
1706241198
+1.898390E-03,-2.311212E-08
1706241203
+1.880881E-03,-2.301959E-08
1706241209
+1.868373E-03,-2.250524E-08
1706241214
+1.863369E-03,-2.329427E-08
1706241219
+1.865870E-03,-2.231059E-08
1706241224
+1.802489E-03,-2.205007E-08
1706241230
+1.775801E-03,-2.233850E-08
1706241235
+1.726599E-03,-2.345724E-08
1706241240
+1.777472E-03,-2.225848E-08
1706241245
+1.854192E-03,-2.329969E-08
1706241251
+1.783310E-03,-2.269947E-08
1706241256
+1.828340E-03,-2.217345E-08
1706241261
+1.844181E-03,-2.268737E-08
1706241267
+1.940086E-03,-2.241728E-08
1706241272
+1.825836E-03,-2.258150E-08
1706241277
+1.888384E-03,-2.337680E-08
1706241282
+1.900886E-03,-2.371357E-08
1706241288
+1.835008E-03,-2.262360E-08
1706241293
+1.855859E-03,-2.395117E-08
1706241298
+1.880877E-03,-2.319256E-08
1706241304
+1.821668E-03,-2.283493E-08
1706241309
+1.845020E-03,-2.359771E-08
1706241314
+1.916738E-03,-2.430172E-08
1706241319
+1.954263E-03,-2.404162E-08
1706241325
+1.827508E-03,-2.357771E-08
1706241330
+1.910895E-03,-2.366397E-08
1706241335
+1.846685E-03,-2.395033E-08
1706241341
+1.865863E-03,-2.290662E-08
1706241346
+1.784975E-03,-2.305751E-08
1706241351
+1.938419E-03,-2.289746E-08
1706241356
+1.940922E-03,-2.289037E-08
1706241362
+1.902561E-03,-2.378653E-08
1706241367
+1.883380E-03,-2.333428E-08
1706241372
+1.918406E-03,-2.377569E-08
1706241377
+1.913400E-03,-2.406163E-08
1706241383
+1.908395E-03,-2.505573E-08
1706241388
+1.851688E-03,-2.430921E-08
1706241393
+1.898387E-03,-2.419500E-08
1706241398
+1.909227E-03,-2.404953E-08
1706241404
+1.908396E-03,-2.374317E-08
1706241409
+1.833340E-03,-2.419583E-08
1706241414
+1.865865E-03,-2.406704E-08
1706241419
+1.795819E-03,-2.453722E-08
1706241425
+1.882547E-03,-2.344849E-08
1706241430
+1.852523E-03,-2.320965E-08
1706241435
+1.849190E-03,-2.444927E-08
1706241441
+1.820834E-03,-2.416500E-08
1706241446
+1.819167E-03,-2.385739E-08
1706241451
+1.754950E-03,-2.351309E-08
1706241456
+1.850022E-03,-2.413582E-08
1706241462
+1.857525E-03,-2.413373E-08
1706241467
+1.789141E-03,-2.351684E-08
1706241472
+1.789144E-03,-2.445010E-08
1706241478
+1.824167E-03,-2.370232E-08
1706241483
+1.822504E-03,-2.394284E-08
1706241488
+1.846686E-03,-2.424878E-08
1706241493
+1.829177E-03,-2.466310E-08
1706241499
+1.733274E-03,-2.446303E-08
1706241504
+1.737447E-03,-2.456390E-08
1706241509
+1.778312E-03,-2.389867E-08
1706241515
+1.795823E-03,-2.443344E-08
1706241520
+1.805827E-03,-2.335054E-08
1706241525
+1.848354E-03,-2.444343E-08
1706241530
+1.754125E-03,-2.395993E-08
1706241536
+1.783313E-03,-2.383656E-08
1706241541
+1.860869E-03,-2.419460E-08
1706241546
+1.905897E-03,-2.456973E-08
1706241551
+1.866705E-03,-2.416584E-08
1706241557
+1.835843E-03,-2.451095E-08
1706241562
+1.749116E-03,-2.446802E-08
1706241567
+1.814997E-03,-2.433839E-08
1706241573
+1.888384E-03,-2.398410E-08
1706241578
+1.835849E-03,-2.440134E-08
1706241583
+1.803325E-03,-2.442385E-08
1706241588
+1.907569E-03,-2.418168E-08
1706241594
+1.828343E-03,-2.428421E-08
1706241599
+1.831679E-03,-2.424253E-08
1706241604
+1.839189E-03,-2.414459E-08
1706241610
+1.815837E-03,-2.455515E-08
1706241615
+1.800823E-03,-2.358646E-08
1706241620
+1.774144E-03,-2.425422E-08
1706241625
+1.849194E-03,-2.448513E-08
1706241631
+1.903395E-03,-2.456264E-08
1706241636
+1.846685E-03,-2.389948E-08
1706241641
+1.763293E-03,-2.504406E-08
1706241646
+1.759958E-03,-2.445760E-08
1706241652
+1.820000E-03,-2.372275E-08
1706241657
+1.864200E-03,-2.484858E-08
1706241662
+1.819169E-03,-2.421127E-08
1706241667
+1.811661E-03,-2.430630E-08
1706241673
+1.865867E-03,-2.478314E-08
1706241678
+1.805831E-03,-2.518788E-08
1706241683
+1.748285E-03,-2.460474E-08
1706241688
+1.769969E-03,-2.529458E-08
1706241694
+1.791651E-03,-2.422836E-08
1706241699
+1.816667E-03,-2.498488E-08
1706241704
+1.756621E-03,-2.481940E-08
1706241710
+1.805825E-03,-2.537794E-08
1706241715
+1.814996E-03,-2.545296E-08
1706241720
+1.820836E-03,-2.474771E-08
1706241725
+1.824172E-03,-2.459516E-08
1706241731
+1.747449E-03,-2.522288E-08
1706241736
+1.775801E-03,-2.589729E-08
1706241741
+1.804154E-03,-2.575015E-08
1706241747
+1.799152E-03,-2.652752E-08
1706241752
+1.847520E-03,-2.582101E-08
1706241757
+1.802486E-03,-2.615904E-08
1706241762
+1.829174E-03,-2.416083E-08
1706241767
+1.910904E-03,-2.620366E-08
1706241773
+1.829176E-03,-2.505199E-08
1706241778
+1.829174E-03,-2.569888E-08
1706241783
+1.889218E-03,-2.512951E-08
1706241789
+1.902563E-03,-2.524664E-08
1706241794
+1.900893E-03,-2.572598E-08
1706241799
+1.912567E-03,-2.574098E-08
1706241804
+1.793315E-03,-2.524080E-08
1706241810
+1.782474E-03,-2.476980E-08
1706241815
+1.818329E-03,-2.530707E-08
1706241820
+1.858361E-03,-2.509700E-08
1706241825
+1.806660E-03,-2.571640E-08
1706241831
+1.804155E-03,-2.591563E-08
1706241836
+1.798317E-03,-2.442300E-08
1706241841
+1.821666E-03,-2.443342E-08
1706241846
+1.850856E-03,-2.469310E-08
1706241851
+1.854193E-03,-2.422711E-08
1706241857
+1.862531E-03,-2.457723E-08
1706241862
+1.875873E-03,-2.487817E-08
1706241867
+1.880044E-03,-2.463683E-08
1706241873
+1.941755E-03,-2.531416E-08
1706241878
+1.872537E-03,-2.569388E-08
1706241883
+1.792481E-03,-2.647124E-08
1706241888
+1.831679E-03,-2.670509E-08
1706241894
+1.828342E-03,-2.649459E-08
1706241899
+1.838348E-03,-2.750996E-08
1706241904
+1.894222E-03,-2.667216E-08
1706241909
+1.874206E-03,-2.696476E-08
1706241915
+1.886717E-03,-2.814769E-08
1706241920
+1.869202E-03,-2.681345E-08
1706241925
+1.866701E-03,-2.710523E-08
1706241931
+1.792480E-03,-2.687139E-08
1706241936
+1.763292E-03,-2.700018E-08
1706241941
+1.867536E-03,-2.622116E-08
1706241946
+1.835843E-03,-2.630827E-08
1706241952
+1.791645E-03,-2.621407E-08
1706241957
+1.797482E-03,-2.603442E-08
1706241962
+1.865863E-03,-2.548255E-08
1706241968
+1.928411E-03,-2.572431E-08
1706241973
+1.836680E-03,-2.536960E-08
1706241978
+1.905897E-03,-2.601108E-08
1706241983
+1.804155E-03,-2.551090E-08
1706241989
+1.824168E-03,-2.535542E-08
1706241994
+1.855859E-03,-2.556967E-08
1706241999
+1.831676E-03,-2.663130E-08
1706242004
+1.869201E-03,-2.600232E-08
1706242009
+1.927579E-03,-2.567429E-08
1706242015
+1.851692E-03,-2.582435E-08
1706242020
+1.908402E-03,-2.534168E-08
1706242025
+1.849193E-03,-2.642249E-08
1706242030
+1.948429E-03,-2.604068E-08
1706242036
+1.933415E-03,-2.538544E-08
1706242041
+1.854194E-03,-2.584102E-08
1706242046
+1.842515E-03,-2.579850E-08
1706242052
+1.821668E-03,-2.555300E-08
1706242057
+1.825839E-03,-2.511367E-08
1706242062
+1.800820E-03,-2.608819E-08
1706242067
+1.771632E-03,-2.555716E-08
1706242073
+1.834178E-03,-2.582726E-08
1706242078
+1.899223E-03,-2.581893E-08
1706242083
+1.875040E-03,-2.589520E-08
1706242088
+1.816666E-03,-2.556759E-08
1706242094
+1.834177E-03,-2.481690E-08
1706242099
+1.838348E-03,-2.579767E-08
1706242104
+1.800822E-03,-2.564804E-08
1706242110
+1.804156E-03,-2.559551E-08
1706242115
+1.758288E-03,-2.546379E-08
1706242120
+1.809162E-03,-2.548131E-08
1706242125
+1.787477E-03,-2.541128E-08
1706242131
+1.754957E-03,-2.574266E-08
1706242136
+1.818337E-03,-2.609737E-08
1706242141
+1.880880E-03,-2.553383E-08
1706242146
+1.830841E-03,-2.541670E-08
1706242152
+1.831677E-03,-2.563220E-08
1706242157
+1.826674E-03,-2.555258E-08
1706242162
+1.868366E-03,-2.617155E-08
1706242167
+1.929242E-03,-2.629534E-08
1706242173
+1.774133E-03,-2.616488E-08
1706242178
+1.850019E-03,-2.567887E-08
1706242183
+1.841678E-03,-2.439632E-08
1706242189
+1.815824E-03,-2.601356E-08
1706242194
+1.892542E-03,-2.484022E-08
1706242199
+1.802479E-03,-2.525453E-08
1706242204
+1.814988E-03,-2.514866E-08
1706242210
+1.876697E-03,-2.571094E-08
1706242215
+1.926735E-03,-2.540667E-08
1706242220
+1.910891E-03,-2.486190E-08
1706242225
+1.850848E-03,-2.541960E-08
1706242230
+1.922568E-03,-2.592645E-08
1706242236
+1.758284E-03,-2.583100E-08
1706242241
+1.906728E-03,-2.618822E-08
1706242246
+1.800815E-03,-2.498611E-08
1706242251
+1.804154E-03,-2.517160E-08
1706242257
+1.809154E-03,-2.541085E-08
1706242262
+1.759955E-03,-2.606317E-08
1706242267
+1.854187E-03,-2.491150E-08
1706242272
+1.928405E-03,-2.505572E-08
1706242278
+1.883378E-03,-2.598815E-08
1706242283
+1.835007E-03,-2.603858E-08
1706242288
+1.870866E-03,-2.580266E-08
1706242293
+1.830005E-03,-2.695099E-08
1706242299
+1.925074E-03,-2.627284E-08
1706242304
+1.843348E-03,-2.564177E-08
1706242309
+1.815830E-03,-2.530957E-08
1706242315
+1.862528E-03,-2.553257E-08
1706242320
+1.904227E-03,-2.567887E-08
1706242325
+1.798318E-03,-2.463558E-08
1706242330
+1.719099E-03,-2.545422E-08
1706242336
+1.674064E-03,-2.535918E-08
1706242341
+1.770800E-03,-2.524414E-08
1706242346
+1.820834E-03,-2.584352E-08
1706242351
+1.855023E-03,-2.539251E-08
1706242357
+1.832508E-03,-2.597106E-08
1706242362
+1.797483E-03,-2.570930E-08
1706242367
+1.830842E-03,-2.542587E-08
1706242373
+1.858362E-03,-2.565137E-08
1706242378
+1.839179E-03,-2.640622E-08
1706242383
+1.904226E-03,-2.699018E-08
1706242388
+1.864194E-03,-2.683595E-08
1706242394
+1.869203E-03,-2.680470E-08
1706242399
+1.827504E-03,-2.606359E-08
1706242404
+1.836681E-03,-2.641165E-08
1706242410
+1.835015E-03,-2.663256E-08
1706242415
+1.872540E-03,-2.659004E-08
1706242420
+1.769965E-03,-2.693433E-08
1706242425
+1.847520E-03,-2.651584E-08
1706242431
+1.922571E-03,-2.748452E-08
1706242436
+1.850019E-03,-2.709688E-08
1706242441
+1.794147E-03,-2.702144E-08
1706242447
+1.750783E-03,-2.747327E-08
1706242452
+1.819165E-03,-2.741241E-08
1706242457
+1.750781E-03,-2.740157E-08
1706242462
+1.710752E-03,-2.678677E-08
1706242468
+1.828339E-03,-2.646624E-08
1706242473
+1.747444E-03,-2.689013E-08
1706242478
+1.841679E-03,-2.695683E-08
1706242483
+1.824163E-03,-2.677759E-08
1706242489
+1.791644E-03,-2.768834E-08
1706242494
+1.827503E-03,-2.754537E-08
1706242499
+1.867538E-03,-2.677261E-08
1706242504
+1.824172E-03,-2.706896E-08
1706242510
+1.899228E-03,-2.806266E-08
1706242515
+1.872543E-03,-2.862954E-08
1706242520
+1.884213E-03,-2.743034E-08
1706242525
+1.812494E-03,-2.814768E-08
1706242531
+1.838347E-03,-2.694017E-08
1706242536
+1.805821E-03,-2.713398E-08
1706242541
+1.762465E-03,-2.751830E-08
1706242546
+1.738276E-03,-2.683221E-08
1706242551
+1.699077E-03,-2.632660E-08
1706242557
+1.832508E-03,-2.728154E-08
1706242562
+1.840847E-03,-2.709105E-08
1706242567
+1.744114E-03,-2.582435E-08
1706242572
+1.804990E-03,-2.736490E-08
1706242578
+1.791648E-03,-2.838194E-08
1706242583
+1.859199E-03,-2.814227E-08
1706242588
+1.839180E-03,-2.867079E-08
1706242594
+1.756624E-03,-2.673051E-08
1706242599
+1.797485E-03,-2.632161E-08
1706242604
+1.733273E-03,-2.619865E-08
1706242609
+1.833342E-03,-2.643998E-08
1706242615
+1.849187E-03,-2.698893E-08
1706242620
+1.850859E-03,-2.595482E-08
1706242625
+1.835016E-03,-2.636830E-08
1706242631
+1.827508E-03,-2.708272E-08
1706242636
+1.824172E-03,-2.611237E-08
1706242641
+1.828344E-03,-2.664132E-08
1706242646
+1.874211E-03,-2.702479E-08
1706242652
+1.845859E-03,-2.694560E-08
1706242657
+1.826678E-03,-2.685723E-08
1706242662
+1.822511E-03,-2.747246E-08
1706242668
+1.794991E-03,-2.664341E-08
1706242673
+1.838352E-03,-2.625451E-08
1706242678
+1.830844E-03,-2.661881E-08
1706242683
+1.827510E-03,-2.620408E-08
1706242688
+1.831681E-03,-2.715401E-08
1706242693
+1.773306E-03,-2.716484E-08
1706242699
+1.889224E-03,-2.652545E-08
1706242704
+1.942593E-03,-2.597024E-08
1706242709
+1.932588E-03,-2.582186E-08
1706242715
+1.885886E-03,-2.752664E-08
1706242720
+1.830848E-03,-2.621325E-08
1706242725
+1.823338E-03,-2.685764E-08
1706242730
+1.784975E-03,-2.701186E-08
1706242736
+1.749116E-03,-2.686305E-08
1706242741
+1.802489E-03,-2.690557E-08
1706242746
+1.855024E-03,-2.679928E-08
1706242752
+1.789143E-03,-2.628909E-08
1706242757
+1.846684E-03,-2.704478E-08
1706242762
+1.845851E-03,-2.747202E-08
1706242767
+1.955927E-03,-2.677176E-08
1706242773
+1.857526E-03,-2.773211E-08
1706242778
+1.859191E-03,-2.733071E-08
1706242783
+1.802482E-03,-2.751911E-08
1706242788
+1.850854E-03,-2.600774E-08
1706242794
+1.744111E-03,-2.767626E-08
1706242799
+1.879206E-03,-2.674800E-08
1706242804
+1.930908E-03,-2.759330E-08
1706242809
+1.874198E-03,-2.714689E-08
1706242814
+1.790807E-03,-2.707186E-08
1706242820
+1.754115E-03,-2.593771E-08
1706242825
+1.784135E-03,-2.786381E-08
1706242830
+1.796648E-03,-2.720234E-08
1706242835
+1.819161E-03,-2.643080E-08
1706242841
+1.809989E-03,-2.825521E-08
1706242846
+1.804987E-03,-2.974158E-08
1706242851
+1.712423E-03,-2.901925E-08
1706242857
+1.805818E-03,-2.828772E-08
1706242862
+1.767460E-03,-3.056480E-08
1706242867
+1.808320E-03,-3.079445E-08
1706242872
+1.779134E-03,-3.045309E-08
1706242877
+1.767456E-03,-2.970948E-08
1706242883
+1.755781E-03,-2.865410E-08
1706242888
+1.878374E-03,-2.864119E-08
1706242893
+1.868367E-03,-2.939647E-08
1706242898
+1.762457E-03,-2.914470E-08
1706242904
+1.763294E-03,-3.063692E-08
1706242909
+1.826673E-03,-3.007505E-08
1706242914
+1.801652E-03,-2.844529E-08
1706242919
+1.814996E-03,-2.845196E-08
1706242925
+1.776631E-03,-2.792634E-08
1706242930
+1.854190E-03,-2.800138E-08
1706242935
+1.818328E-03,-2.877248E-08
1706242940
+1.838348E-03,-2.972784E-08
1706242946
+1.831675E-03,-2.882001E-08
1706242951
+1.875039E-03,-2.907677E-08
1706242956
+1.890047E-03,-2.969740E-08
1706242961
+2.006799E-03,-2.882792E-08
1706242967
+1.941750E-03,-2.750452E-08
1706242972
+1.891716E-03,-2.877040E-08
1706242977
+1.900053E-03,-2.836150E-08
1706242983
+1.851688E-03,-2.894964E-08
1706242988
+1.759121E-03,-2.888086E-08
1706242993
+1.779969E-03,-2.837567E-08
1706242998
+1.837508E-03,-2.840360E-08
1706243004
+1.795812E-03,-2.854657E-08
1706243009
+1.809990E-03,-2.970282E-08
1706243014
+1.772460E-03,-2.785673E-08
1706243019
+1.812491E-03,-2.887877E-08
1706243025
+1.841680E-03,-2.814142E-08
1706243030
+1.818329E-03,-2.902799E-08
1706243035
+1.913398E-03,-2.895338E-08
1706243040
+1.889214E-03,-2.902216E-08
1706243046
+1.875038E-03,-2.770543E-08
1706243051
+1.819998E-03,-2.911469E-08
1706243056
+1.888381E-03,-2.849697E-08
1706243062
+1.890050E-03,-2.887795E-08
1706243067
+1.901724E-03,-2.903967E-08
1706243072
+1.839179E-03,-2.761457E-08
1706243077
+1.806649E-03,-2.709728E-08
1706243083
+1.796645E-03,-2.752870E-08
1706243088
+1.826670E-03,-2.757497E-08
1706243093
+1.785804E-03,-2.786048E-08
1706243099
+1.813325E-03,-2.818352E-08
1706243104
+1.866698E-03,-2.813851E-08
1706243109
+1.852515E-03,-2.859240E-08
1706243114
+1.824163E-03,-2.831105E-08
1706243119
+1.806653E-03,-2.795677E-08
1706243124
+1.821666E-03,-2.783423E-08
1706243130
+1.820002E-03,-2.801222E-08
1706243135
+1.821665E-03,-2.840193E-08
1706243140
+1.829173E-03,-2.832733E-08
1706243145
+1.899220E-03,-2.649333E-08
1706243151
+1.882542E-03,-2.808974E-08
1706243156
+1.815831E-03,-2.816352E-08
1706243161
+1.846684E-03,-2.755538E-08
1706243166
+1.761625E-03,-2.630118E-08
1706243172
+1.870866E-03,-2.693890E-08
1706243177
+1.960097E-03,-2.730779E-08
1706243182
+1.919232E-03,-2.731320E-08
1706243187
+1.927575E-03,-2.662338E-08
1706243193
+1.936750E-03,-2.708980E-08
1706243198
+1.837513E-03,-2.891754E-08
1706243203
+1.845852E-03,-2.821521E-08
1706243209
+1.812493E-03,-2.820603E-08
1706243214
+1.859193E-03,-2.779422E-08
1706243219
+1.884211E-03,-2.834441E-08
1706243224
+1.833343E-03,-2.747077E-08
1706243229
+1.800821E-03,-2.766459E-08
1706243235
+1.774133E-03,-2.704437E-08
1706243240
+1.816661E-03,-2.783965E-08
1706243245
+1.814993E-03,-2.696641E-08
1706243250
+1.758289E-03,-2.626950E-08
1706243256
+1.830844E-03,-2.571640E-08
1706243261
+1.832514E-03,-2.649793E-08
1706243266
+1.767464E-03,-2.612571E-08
1706243271
+1.792481E-03,-2.741158E-08
1706243277
+1.827506E-03,-2.643665E-08
1706243282
+1.805827E-03,-2.723736E-08
1706243287
+1.841684E-03,-2.712023E-08
1706243293
+1.864196E-03,-2.711939E-08
1706243298
+1.826673E-03,-2.640872E-08
1706243303
+1.810826E-03,-2.669382E-08
1706243308
+1.764125E-03,-2.612236E-08
1706243314
+1.824172E-03,-2.711398E-08
1706243319
+1.813330E-03,-2.662130E-08
1706243324
+1.862536E-03,-2.600192E-08
1706243330
+1.845856E-03,-2.601776E-08
1706243335
+1.861698E-03,-2.558259E-08
1706243340
+1.815831E-03,-2.722402E-08
1706243345
+1.850858E-03,-2.647334E-08
1706243351
+1.860033E-03,-2.713816E-08
1706243356
+1.782477E-03,-2.702812E-08
1706243361
+1.823340E-03,-2.642082E-08
1706243367
+1.853361E-03,-2.601817E-08
1706243372
+1.831681E-03,-2.715151E-08
1706243377
+1.901727E-03,-2.686348E-08
1706243382
+1.865866E-03,-2.696476E-08
1706243388
+1.833342E-03,-2.646791E-08
1706243393
+1.855024E-03,-2.724902E-08
1706243398
+1.785806E-03,-2.806973E-08
1706243403
+1.788306E-03,-2.716357E-08
1706243408
+1.885041E-03,-2.815517E-08
1706243414
+1.845848E-03,-2.729736E-08
1706243419
+1.810820E-03,-2.734321E-08
1706243424
+1.802481E-03,-2.793342E-08
1706243430
+1.880035E-03,-2.753244E-08
1706243435
+1.901718E-03,-2.709312E-08
1706243440
+1.868364E-03,-2.696183E-08
1706243445
+1.875869E-03,-2.755121E-08
1706243451
+1.940915E-03,-2.768334E-08
1706243456
+1.797478E-03,-2.834024E-08
1706243461
+1.781632E-03,-2.801387E-08
1706243466
+1.842514E-03,-2.841361E-08
1706243471
+1.806656E-03,-2.750495E-08
1706243477
+1.903390E-03,-2.854990E-08
1706243482
+1.885044E-03,-2.828481E-08
1706243487
+1.885045E-03,-2.784882E-08
1706243492
+1.817498E-03,-2.894755E-08
1706243498
+1.778303E-03,-2.918764E-08
1706243503
+1.973440E-03,-2.849447E-08
1706243508
+1.910063E-03,-2.811391E-08
1706243514
+1.939248E-03,-2.846237E-08
1706243519
+1.878377E-03,-2.917222E-08
1706243524
+1.865864E-03,-2.873664E-08
1706243529
+1.841682E-03,-2.784049E-08
1706243535
+1.795811E-03,-2.999041E-08
1706243540
+1.835839E-03,-2.869870E-08
1706243545
+1.809986E-03,-2.805471E-08
1706243551
+1.831670E-03,-2.827271E-08
1706243556
+1.918398E-03,-2.819393E-08
1706243561
+1.877540E-03,-2.670883E-08
1706243566
+1.863365E-03,-2.787217E-08
1706243571
+1.882545E-03,-2.728988E-08
1706243577
+1.864199E-03,-2.707146E-08
1706243582
+1.817494E-03,-2.789883E-08
1706243587
+1.875034E-03,-2.812058E-08
1706243593
+1.879205E-03,-2.802929E-08
1706243598
+1.862523E-03,-2.758621E-08
1706243603
+1.841674E-03,-2.874162E-08
1706243608
+1.837507E-03,-2.846403E-08
1706243614
+1.839182E-03,-2.868913E-08
1706243619
+1.834173E-03,-2.774044E-08
1706243624
+1.764123E-03,-2.722442E-08
1706243629
+1.872536E-03,-2.831149E-08
1706243635
+1.821664E-03,-2.815226E-08
1706243640
+1.839178E-03,-2.853907E-08
1706243645
+1.794148E-03,-2.887836E-08
1706243651
+1.829171E-03,-2.806598E-08
1706243656
+1.754115E-03,-2.713522E-08
1706243661
+1.784137E-03,-2.846737E-08
1706243666
+1.880875E-03,-2.745076E-08
1706243671
+1.766626E-03,-2.698100E-08
1706243677
+1.844183E-03,-2.896923E-08
1706243682
+1.917570E-03,-2.813143E-08
1706243687
+1.816664E-03,-2.865995E-08
1706243692
+1.881709E-03,-2.856575E-08
1706243697
+1.799984E-03,-2.851614E-08
1706243703
+1.758287E-03,-2.790217E-08
1706243708
+1.749949E-03,-2.781881E-08
1706243713
+1.900057E-03,-2.682512E-08
1706243718
+1.805819E-03,-2.665046E-08
1706243724
+1.880039E-03,-2.683887E-08
1706243729
+1.910057E-03,-2.750201E-08
1706243734
+1.829999E-03,-2.842901E-08
1706243740
+1.843342E-03,-2.918095E-08
1706243745
+1.904219E-03,-2.795634E-08
1706243750
+1.782466E-03,-2.825437E-08
1706243755
+1.788305E-03,-2.830564E-08
1706243761
+1.914231E-03,-2.849822E-08
1706243766
+1.843349E-03,-2.831274E-08
1706243771
+1.860864E-03,-2.828023E-08
1706243776
+1.824170E-03,-2.824689E-08
1706243781
+1.784973E-03,-2.743617E-08
1706243786
+1.825006E-03,-2.792094E-08
1706243792
+1.842515E-03,-2.888253E-08
1706243797
+1.901725E-03,-2.935103E-08
1706243802
+1.869202E-03,-2.834609E-08
1706243807
+1.837509E-03,-2.864785E-08
1706243813
+1.831673E-03,-2.824354E-08
1706243818
+1.820831E-03,-2.828397E-08
1706243823
+1.880042E-03,-2.831816E-08
1706243829
+1.890048E-03,-2.789425E-08
1706243834
+1.854189E-03,-2.832691E-08
1706243839
+1.915067E-03,-2.786424E-08
1706243844
+1.916732E-03,-2.885251E-08
1706243849
+1.873367E-03,-2.823895E-08
1706243855
+1.917564E-03,-2.874955E-08
1706243860
+1.952590E-03,-2.905758E-08
1706243865
+1.920074E-03,-2.831275E-08
1706243871
+1.899225E-03,-2.966824E-08
1706243876
+1.859195E-03,-2.828398E-08
1706243881
+1.849186E-03,-2.786049E-08
1706243886
+1.844186E-03,-2.761625E-08
1706243891
+1.917572E-03,-2.824022E-08
1706243896
+1.925913E-03,-2.857535E-08
1706243902
+1.888384E-03,-2.915764E-08
1706243907
+1.899225E-03,-2.958987E-08
1706243912
+1.916735E-03,-2.856366E-08
1706243918
+1.820002E-03,-2.939147E-08
1706243923
+1.878379E-03,-2.759749E-08
1706243928
+1.894220E-03,-2.758123E-08
1706243933
+1.861700E-03,-2.736866E-08
1706243939
+1.873372E-03,-2.821062E-08
1706243944
+1.879207E-03,-2.844112E-08
1706243949
+1.825004E-03,-2.822563E-08
1706243955
+1.937586E-03,-2.857284E-08
1706243960
+1.892558E-03,-2.726321E-08
1706243965
+1.865033E-03,-2.846822E-08
1706243970
+1.885881E-03,-2.770461E-08
1706243975
+1.852520E-03,-2.817810E-08
1706243981
+1.862526E-03,-2.767583E-08
1706243986
+1.880874E-03,-2.912636E-08
1706243991
+1.891714E-03,-2.913386E-08
1706243996
+1.845018E-03,-2.794594E-08
1706244002
+1.867531E-03,-2.866744E-08
1706244007
+1.680733E-03,-2.866703E-08
1706244012
+1.789975E-03,-2.797844E-08
1706244017
+1.875870E-03,-2.765249E-08
1706244023
+1.855021E-03,-2.804722E-08
1706244028
+1.825836E-03,-2.886460E-08
1706244033
+1.829171E-03,-2.884168E-08
1706244038
+1.819998E-03,-2.940938E-08
1706244044
+1.748281E-03,-2.834108E-08
1706244049
+1.830009E-03,-2.900966E-08
1706244054
+1.824172E-03,-2.849573E-08
1706244059
+1.876706E-03,-2.944856E-08
1706244065
+1.894213E-03,-2.852613E-08
1706244070
+1.902555E-03,-2.900881E-08
1706244075
+1.838343E-03,-2.897172E-08
1706244080
+1.865030E-03,-2.860784E-08
1706244085
+1.844181E-03,-2.952609E-08
1706244091
+1.817495E-03,-2.947732E-08
1706244096
+1.837511E-03,-2.783006E-08
1706244101
+1.784136E-03,-2.806181E-08
1706244106
+1.839177E-03,-2.734697E-08
1706244112
+1.931741E-03,-2.679343E-08
1706244117
+1.930911E-03,-2.768168E-08
1706244122
+1.870034E-03,-2.659670E-08
1706244127
+1.815831E-03,-2.659879E-08
1706244133
+1.875039E-03,-2.822896E-08
1706244138
+1.907558E-03,-2.845570E-08
1706244143
+1.870866E-03,-2.879874E-08
1706244149
+1.766625E-03,-2.811683E-08
1706244154
+1.787472E-03,-2.762456E-08
1706244159
+1.838341E-03,-2.866619E-08
1706244164
+1.870867E-03,-2.865077E-08
1706244169
+1.886714E-03,-2.764583E-08
1706244175
+1.811656E-03,-2.779588E-08
1706244180
+1.792475E-03,-2.855115E-08
1706244185
+1.793311E-03,-2.818769E-08
1706244190
+1.815828E-03,-2.908718E-08
1706244196
+1.814989E-03,-2.893586E-08
1706244201
+1.870864E-03,-2.897463E-08
1706244206
+1.869201E-03,-2.873331E-08
1706244211
+1.887544E-03,-2.839776E-08
1706244217
+1.860022E-03,-3.004793E-08
1706244222
+1.804982E-03,-2.899255E-08
1706244227
+1.845011E-03,-3.013504E-08
1706244233
+1.832500E-03,-2.891377E-08
1706244238
+1.788301E-03,-2.928890E-08
1706244243
+1.823329E-03,-2.856448E-08
1706244248
+1.759116E-03,-2.888543E-08
1706244254
+1.781632E-03,-2.819393E-08
1706244259
+1.799981E-03,-2.800095E-08
1706244264
+1.812490E-03,-2.828897E-08
1706244270
+1.869202E-03,-2.858367E-08
1706244275
+1.856689E-03,-2.793218E-08
1706244280
+1.873368E-03,-2.838359E-08
1706244285
+1.860026E-03,-2.860451E-08
1706244291
+1.862528E-03,-2.790342E-08
1706244296
+1.840846E-03,-2.827564E-08
1706244301
+1.852524E-03,-2.862160E-08
1706244307
+1.845022E-03,-2.965824E-08
1706244312
+1.902560E-03,-2.948025E-08
1706244317
+1.907559E-03,-2.979702E-08
1706244322
+1.824998E-03,-2.892878E-08
1706244328
+1.832509E-03,-2.868079E-08
1706244333
+1.865027E-03,-2.899673E-08
1706244338
+1.849182E-03,-2.858532E-08
1706244344
+1.695739E-03,-2.865160E-08
1706244349
+1.839174E-03,-2.904340E-08
1706244354
+1.846681E-03,-2.953067E-08
1706244359
+1.752444E-03,-2.895379E-08
1706244365
+1.776629E-03,-2.795343E-08
1706244370
+1.765793E-03,-2.802097E-08
1706244375
+1.819996E-03,-2.816393E-08
1706244381
+1.789979E-03,-2.816519E-08
1706244386
+1.782477E-03,-2.741493E-08
1706244391
+1.796651E-03,-2.863369E-08
1706244396
+1.796648E-03,-2.771252E-08
1706244402
+1.804153E-03,-2.801763E-08
1706244407
+1.801651E-03,-2.862826E-08
1706244412
+1.841680E-03,-2.837943E-08
1706244418
+1.848354E-03,-2.908510E-08
1706244423
+1.851688E-03,-2.802430E-08
1706244428
+1.766629E-03,-2.902258E-08
1706244433
+1.774968E-03,-2.848114E-08
1706244439
+1.858357E-03,-2.805264E-08
1706244444
+1.818331E-03,-2.898715E-08
1706244449
+1.892550E-03,-2.876499E-08
1706244454
+1.767460E-03,-2.893504E-08
1706244459
+1.829171E-03,-2.877332E-08
1706244465
+1.809990E-03,-2.902299E-08
1706244470
+1.808323E-03,-2.880916E-08
1706244475
+1.826669E-03,-2.924682E-08
1706244481
+1.874199E-03,-2.929474E-08
1706244486
+1.892547E-03,-2.956318E-08
1706244491
+1.843344E-03,-2.857574E-08
1706244496
+1.876704E-03,-2.776545E-08
1706244502
+2.015137E-03,-2.802388E-08
1706244507
+1.894214E-03,-2.862492E-08
1706244512
+1.820830E-03,-2.856532E-08
1706244517
+1.819162E-03,-2.890336E-08
1706244523
+1.850019E-03,-2.803430E-08
1706244528
+1.894216E-03,-2.912844E-08
1706244533
+1.810823E-03,-2.841735E-08
1706244539
+1.805823E-03,-2.801013E-08
1706244544
+1.862531E-03,-2.811976E-08
1706244549
+1.911735E-03,-2.811935E-08
1706244554
+1.870867E-03,-2.912803E-08
1706244559
+1.867531E-03,-2.897339E-08
1706244565
+1.848353E-03,-2.864703E-08
1706244570
+1.885880E-03,-2.880834E-08
1706244575
+1.778301E-03,-2.884668E-08
1706244580
+1.807487E-03,-2.889919E-08
1706244586
+1.792476E-03,-2.863743E-08
1706244591
+1.765792E-03,-2.893588E-08
1706244596
+1.762459E-03,-2.941981E-08
1706244602
+1.850855E-03,-2.824980E-08
1706244607
+1.846684E-03,-2.808516E-08
1706244612
+1.814991E-03,-2.858449E-08
1706244617
+1.749112E-03,-2.839734E-08
1706244622
+1.807487E-03,-2.846612E-08
1706244628
+1.791644E-03,-2.895047E-08
1706244633
+1.812489E-03,-2.918637E-08
1706244638
+1.835841E-03,-2.926391E-08
1706244644
+1.753279E-03,-2.882707E-08
1706244649
+1.916731E-03,-2.899089E-08
1706244654
+1.871698E-03,-2.796510E-08
1706244659
+1.865027E-03,-2.883333E-08
1706244665
+1.877535E-03,-2.900006E-08
1706244670
+1.872534E-03,-2.924724E-08
1706244675
+1.820829E-03,-2.911760E-08
1706244680
+1.831675E-03,-2.864870E-08
1706244686
+1.839178E-03,-2.910552E-08
1706244691
+1.791644E-03,-2.796011E-08
1706244696
+1.817497E-03,-2.847988E-08
1706244701
+1.838346E-03,-2.778380E-08
1706244707
+1.816661E-03,-2.835191E-08
1706244712
+1.798313E-03,-2.891795E-08
1706244717
+1.854186E-03,-2.819685E-08
1706244723
+1.820827E-03,-2.924264E-08
1706244728
+1.875035E-03,-2.865369E-08
1706244733
+1.815826E-03,-2.918013E-08
1706244738
+1.829166E-03,-2.915636E-08
1706244744
+1.795810E-03,-2.834899E-08
1706244749
+1.849185E-03,-2.879458E-08
1706244754
+1.811659E-03,-2.873455E-08
1706244760
+1.944254E-03,-2.846488E-08
1706244765
+1.912568E-03,-2.821854E-08
1706244770
+1.936753E-03,-2.882835E-08
1706244775
+1.846689E-03,-2.913722E-08
1706244780
+1.893387E-03,-2.806682E-08
1706244786
+1.775800E-03,-2.842778E-08
1706244791
+1.837511E-03,-2.931602E-08
1706244796
+1.812491E-03,-2.780338E-08
1706244802
+1.809158E-03,-2.972241E-08
1706244807
+1.795811E-03,-3.006836E-08
1706244812
+1.761621E-03,-2.969073E-08
1706244817
+1.680729E-03,-2.961445E-08
1706244823
+1.775798E-03,-2.892254E-08
1706244828
+1.801650E-03,-2.936228E-08
1706244833
+1.850014E-03,-2.832231E-08
1706244839
+1.830000E-03,-2.817976E-08
1706244844
+1.857520E-03,-2.833398E-08
1706244849
+1.890875E-03,-2.881831E-08
1706244854
+1.807483E-03,-2.799510E-08
1706244860
+1.809983E-03,-2.902797E-08
1706244865
+1.841675E-03,-2.914761E-08
1706244870
+1.824996E-03,-2.893378E-08
1706244876
+1.739939E-03,-2.911260E-08
1706244881
+1.797481E-03,-2.898673E-08
1706244886
+1.854185E-03,-2.892669E-08
1706244891
+1.769122E-03,-2.868952E-08
1706244896
+1.799980E-03,-2.948565E-08
1706244902
+1.796645E-03,-2.891461E-08
1706244907
+1.803315E-03,-2.921305E-08
1706244912
+1.840841E-03,-2.926223E-08
1706244917
+1.870029E-03,-2.962653E-08
1706244923
+1.860857E-03,-2.912427E-08
1706244928
+1.863357E-03,-3.066774E-08
1706244933
+1.885872E-03,-3.020924E-08
1706244938
+1.854185E-03,-2.869161E-08
1706244944
+1.775795E-03,-2.934935E-08
1706244949
+1.819991E-03,-2.984327E-08
1706244954
+1.889209E-03,-2.971364E-08
1706244959
+1.924232E-03,-3.005709E-08
1706244965
+1.902550E-03,-2.957692E-08
1706244970
+1.900882E-03,-2.898379E-08
1706244975
+1.796646E-03,-2.964613E-08
1706244980
+1.783305E-03,-2.948149E-08
1706244986
+1.805820E-03,-2.951150E-08
1706244991
+1.791638E-03,-2.988995E-08
1706244996
+1.835839E-03,-3.021049E-08
1706245001
+1.800813E-03,-2.982952E-08
1706245007
+1.877534E-03,-2.939103E-08
1706245012
+1.814989E-03,-2.979742E-08
1706245017
+1.860860E-03,-2.884042E-08
1706245022
+1.915066E-03,-2.915179E-08
1706245027
+2.004293E-03,-3.023676E-08
1706245032
+1.887540E-03,-2.950815E-08
1706245038
+1.843341E-03,-2.883707E-08
1706245043
+1.837508E-03,-2.974908E-08
1706245048
+1.814158E-03,-2.969490E-08
1706245054
+1.864192E-03,-2.859908E-08
1706245059
+1.815822E-03,-2.928432E-08
1706245064
+1.853347E-03,-2.952232E-08
1706245069
+1.840008E-03,-2.924639E-08
1706245075
+1.825830E-03,-2.865784E-08
1706245080
+1.849179E-03,-2.873078E-08
1706245085
+1.787471E-03,-2.949940E-08
1706245091
+1.875867E-03,-2.938478E-08
1706245096
+1.831673E-03,-2.923599E-08
1706245101
+1.779133E-03,-2.863868E-08
1706245106
+1.847515E-03,-2.923973E-08
1706245112
+1.844177E-03,-2.924806E-08
1706245117
+1.914229E-03,-2.993415E-08
1706245122
+1.867529E-03,-2.947023E-08
1706245128
+1.795810E-03,-2.933143E-08
1706245133
+1.818326E-03,-3.003751E-08
1706245138
+1.910057E-03,-2.961611E-08
1706245143
+1.818327E-03,-2.954025E-08
1706245149
+1.814155E-03,-2.975157E-08
1706245154
+1.843342E-03,-3.097118E-08
1706245159
+1.840010E-03,-2.983411E-08
1706245164
+1.854188E-03,-2.850197E-08
1706245170
+1.862528E-03,-2.965488E-08
1706245175
+1.825002E-03,-2.980578E-08
1706245180
+1.901721E-03,-2.957194E-08
1706245185
+1.838341E-03,-2.939979E-08
1706245191
+1.830004E-03,-2.947273E-08
1706245196
+1.794977E-03,-2.925973E-08
1706245201
+1.765790E-03,-3.040807E-08
1706245207
+1.849183E-03,-2.977784E-08
1706245212
+1.855023E-03,-2.999751E-08
1706245217
+1.819161E-03,-2.882666E-08
1706245222
+1.770796E-03,-2.908385E-08
1706245227
+1.850019E-03,-2.773336E-08
1706245233
+1.862527E-03,-2.843319E-08
1706245238
+1.842515E-03,-2.843862E-08
1706245243
+1.807487E-03,-2.891837E-08
1706245248
+1.830836E-03,-2.840026E-08
1706245254
+1.850016E-03,-2.980660E-08
1706245259
+1.873364E-03,-2.904965E-08
1706245264
+1.856686E-03,-2.922430E-08
1706245269
+1.808321E-03,-2.995833E-08
1706245275
+1.948420E-03,-2.951608E-08
1706245280
+1.880872E-03,-2.886251E-08
1706245285
+1.859188E-03,-3.018715E-08
1706245291
+1.850017E-03,-2.945481E-08
1706245296
+1.876707E-03,-2.955236E-08
1706245301
+1.901724E-03,-2.938021E-08
1706245306
+1.845020E-03,-2.882210E-08
1706245312
+1.881710E-03,-3.036515E-08
1706245317
+1.850856E-03,-3.015591E-08
1706245322
+1.891716E-03,-2.976826E-08
1706245328
+1.886710E-03,-3.061606E-08
1706245333
+1.878371E-03,-2.964696E-08
1706245338
+1.875037E-03,-2.982745E-08
1706245343
+1.911730E-03,-3.031929E-08
1706245349
+1.926744E-03,-2.967490E-08
1706245354
+1.785808E-03,-3.020509E-08
1706245359
+1.821671E-03,-2.996418E-08
1706245364
+1.878378E-03,-2.997918E-08
1706245370
+1.799153E-03,-2.987372E-08
1706245375
+1.859196E-03,-3.026929E-08
1706245380
+1.833342E-03,-3.074237E-08
1706245385
+1.836676E-03,-2.997292E-08
1706245391
+1.819998E-03,-3.017591E-08
1706245396
+1.807489E-03,-2.976326E-08
1706245401
+1.851684E-03,-3.079862E-08
1706245406
+1.830008E-03,-3.104665E-08
1706245411
+1.849188E-03,-2.995875E-08
1706245417
+1.822500E-03,-2.978202E-08
1706245422
+1.792478E-03,-3.072569E-08
1706245427
+1.891716E-03,-2.982370E-08
1706245432
+1.851685E-03,-3.005878E-08
1706245437
+1.927574E-03,-2.983203E-08
1706245443
+1.870867E-03,-3.047351E-08
1706245448
+1.831674E-03,-2.967406E-08
1706245453
+1.853356E-03,-3.049102E-08
1706245458
+1.855024E-03,-2.936437E-08
1706245464
+1.846680E-03,-3.008753E-08
1706245469
+1.849183E-03,-3.041307E-08
1706245474
+1.867527E-03,-3.024175E-08
1706245479
+1.876701E-03,-3.055436E-08
1706245484
+1.785802E-03,-2.945647E-08
1706245489
+1.830000E-03,-3.007586E-08
1706245495
+1.732429E-03,-3.080778E-08
1706245500
+1.803317E-03,-3.062940E-08
1706245505
+1.756613E-03,-3.013921E-08
1706245510
+1.774129E-03,-3.058730E-08
1706245516
+1.717419E-03,-3.037555E-08
1706245521
+1.774128E-03,-3.046475E-08
1706245526
+1.786636E-03,-3.072109E-08
1706245532
+1.769958E-03,-3.116417E-08
1706245537
+1.888377E-03,-3.022800E-08
1706245542
+1.813327E-03,-3.001293E-08
1706245547
+1.866697E-03,-3.011213E-08
1706245553
+1.860023E-03,-2.965363E-08
1706245558
+1.915065E-03,-2.992498E-08
1706245563
+1.860024E-03,-2.975200E-08
1706245568
+1.833336E-03,-3.016923E-08
1706245574
+1.905055E-03,-2.974616E-08
1706245579
+1.850849E-03,-2.994664E-08
1706245584
+1.860024E-03,-3.003210E-08
1706245589
+1.797476E-03,-2.927015E-08
1706245595
+1.887542E-03,-3.017839E-08
1706245600
+1.799984E-03,-3.030637E-08
1706245605
+1.830008E-03,-3.029304E-08
1706245610
+1.849183E-03,-3.066108E-08
1706245616
+1.797480E-03,-3.017841E-08
1706245621
+1.809158E-03,-3.045727E-08
1706245626
+1.858357E-03,-3.082197E-08
1706245631
+1.820828E-03,-3.052644E-08
1706245637
+1.885041E-03,-3.086448E-08
1706245642
+1.919234E-03,-2.947065E-08
1706245647
+1.875868E-03,-3.119835E-08
1706245652
+1.844179E-03,-3.095618E-08
1706245658
+1.803319E-03,-3.051978E-08
1706245663
+1.890883E-03,-3.056313E-08
1706245668
+1.812494E-03,-3.121796E-08
1706245673
+1.804984E-03,-3.087365E-08
1706245679
+1.870868E-03,-3.163602E-08
1706245684
+1.895886E-03,-3.029262E-08
1706245689
+1.859195E-03,-3.083157E-08
1706245694
+1.842514E-03,-3.072611E-08
1706245700
+1.891716E-03,-3.131632E-08
1706245705
+1.890046E-03,-3.151972E-08
1706245710
+1.905890E-03,-3.127171E-08
1706245716
+1.879205E-03,-3.158975E-08
1706245721
+1.945920E-03,-3.205992E-08
1706245726
+1.868362E-03,-3.236252E-08
1706245731
+1.771629E-03,-3.159225E-08
1706245736
+1.799157E-03,-3.194115E-08
1706245741
+1.854192E-03,-3.204243E-08
1706245747
+1.941753E-03,-3.166312E-08
1706245752
+1.822501E-03,-3.132550E-08
1706245757
+1.892554E-03,-3.227710E-08
1706245763
+1.812496E-03,-3.165020E-08
1706245768
+1.832510E-03,-3.201408E-08
1706245773
+1.850023E-03,-3.187987E-08
1706245778
+1.887552E-03,-3.208662E-08
1706245783
+1.904233E-03,-3.235047E-08
1706245789
+1.885885E-03,-3.162437E-08
1706245794
+1.901726E-03,-3.204867E-08
1706245799
+1.940087E-03,-3.148180E-08
1706245805
+1.843347E-03,-3.159600E-08
1706245810
+1.847521E-03,-3.201158E-08
1706245815
+1.803326E-03,-3.153267E-08
1706245820
+1.821667E-03,-3.097203E-08
1706245825
+1.799152E-03,-3.104456E-08
1706245831
+1.794982E-03,-3.066109E-08
1706245836
+1.739939E-03,-3.199073E-08
1706245841
+1.759960E-03,-3.158226E-08
1706245847
+1.820838E-03,-3.140971E-08
1706245852
+1.847523E-03,-3.189238E-08
1706245857
+1.822502E-03,-3.139719E-08
1706245862
+1.868366E-03,-3.081947E-08
1706245867
+1.813327E-03,-3.213245E-08
1706245872
+1.829172E-03,-3.129965E-08
1706245878
+1.799149E-03,-3.032471E-08
1706245883
+1.825000E-03,-3.108707E-08
1706245888
+1.772465E-03,-3.083573E-08
1706245894
+1.739940E-03,-3.119711E-08
1706245899
+1.808327E-03,-3.120004E-08
1706245904
+1.785810E-03,-3.098871E-08
1706245909
+1.844181E-03,-3.106956E-08
1706245915
+1.871701E-03,-3.061231E-08
1706245920
+1.910059E-03,-3.157474E-08
1706245925
+1.824999E-03,-3.021967E-08
1706245931
+1.858359E-03,-3.106998E-08
1706245936
+1.865864E-03,-3.218788E-08
1706245941
+1.778304E-03,-3.149514E-08
1706245946
+1.840016E-03,-3.145680E-08
1706245951
+1.862534E-03,-3.067027E-08
1706245957
+1.869204E-03,-2.963906E-08
1706245962
+1.830008E-03,-3.109583E-08
1706245967
+1.789977E-03,-3.065317E-08
1706245972
+1.885882E-03,-3.117711E-08
1706245977
+1.788309E-03,-3.057355E-08
1706245983
+1.890886E-03,-3.108791E-08
1706245988
+1.830007E-03,-3.036682E-08
1706245993
+1.860026E-03,-3.044517E-08
1706245998
+1.830840E-03,-3.141261E-08
1706246003
+1.835012E-03,-3.108833E-08
1706246009
+1.863362E-03,-3.067150E-08
1706246014
+1.769127E-03,-3.072402E-08
1706246019
+1.660716E-03,-3.110624E-08
1706246025
+1.793316E-03,-3.094078E-08
1706246030
+1.770800E-03,-3.041642E-08
1706246035
+1.791645E-03,-3.135509E-08
1706246040
+1.704919E-03,-2.982496E-08
1706246045
+1.749953E-03,-3.059899E-08
1706246050
+1.787480E-03,-3.001628E-08
1706246056
+1.903397E-03,-3.046686E-08
1706246061
+1.820840E-03,-3.111585E-08
1706246066
+1.827514E-03,-3.066195E-08
1706246071
+1.798323E-03,-3.055774E-08
1706246077
+1.774970E-03,-3.097496E-08
1706246082
+1.801657E-03,-3.050604E-08
1706246087
+1.800821E-03,-3.137135E-08
1706246093
+1.793315E-03,-3.071361E-08
1706246098
+1.845015E-03,-3.145470E-08
1706246103
+1.784139E-03,-3.126922E-08
1706246108
+1.799984E-03,-3.148097E-08
1706246114
+1.847518E-03,-3.155182E-08
1706246119
+1.841682E-03,-3.157767E-08
1706246124
+1.860028E-03,-3.314031E-08
1706246130
+1.839180E-03,-3.206243E-08
1706246135
+1.851689E-03,-3.227334E-08
1706246140
+1.859197E-03,-3.194739E-08
1706246145
+1.875875E-03,-3.221040E-08
1706246151
+1.910898E-03,-3.306404E-08
1706246156
+1.942585E-03,-3.115418E-08
1706246161
+1.960934E-03,-3.242589E-08
1706246167
+1.925076E-03,-3.176399E-08
1706246172
+1.892554E-03,-3.108333E-08
1706246177
+1.870874E-03,-3.159519E-08
1706246182
+1.851688E-03,-3.035222E-08
1706246187
+1.882542E-03,-3.030762E-08
1706246193
+1.898387E-03,-3.107290E-08
1706246198
+1.900891E-03,-3.093619E-08
1706246203
+1.839182E-03,-3.039766E-08
1706246208
+1.870870E-03,-3.007338E-08
1706246214
+1.897557E-03,-3.027220E-08
1706246219
+1.876703E-03,-3.114417E-08
1706246224
+1.903390E-03,-3.105956E-08
1706246229
+1.914230E-03,-3.133215E-08
1706246234
+1.866696E-03,-3.034346E-08
1706246240
+1.968437E-03,-3.079404E-08
1706246245
+1.818330E-03,-3.030971E-08
1706246250
+1.886714E-03,-3.067484E-08
1706246256
+1.891714E-03,-3.045642E-08
1706246261
+1.891717E-03,-3.009547E-08
1706246266
+1.906732E-03,-3.038225E-08
1706246271
+1.941755E-03,-3.136218E-08
1706246277
+1.917571E-03,-3.095120E-08
1706246282
+1.923410E-03,-3.120296E-08
1706246287
+1.789149E-03,-3.102540E-08
1706246292
+1.816665E-03,-3.023927E-08
1706246298
+1.800817E-03,-3.127255E-08
1706246303
+1.881711E-03,-3.124213E-08
1706246308
+1.790814E-03,-2.995626E-08
1706246313
+1.834177E-03,-3.081031E-08
1706246319
+1.890049E-03,-3.166395E-08
1706246324
+1.824165E-03,-3.171229E-08
1706246329
+1.887545E-03,-3.161059E-08
1706246334
+1.870868E-03,-3.133883E-08
1706246340
+1.874204E-03,-3.223832E-08
1706246345
+1.918399E-03,-3.306194E-08
1706246350
+1.817497E-03,-3.153640E-08
1706246355
+1.807487E-03,-3.159725E-08
1706246361
+1.855859E-03,-3.217539E-08
1706246366
+1.859195E-03,-3.164145E-08
1706246371
+1.771631E-03,-3.210202E-08
1706246376
+1.789976E-03,-3.221414E-08
1706246382
+1.805821E-03,-3.201449E-08
1706246387
+1.859191E-03,-3.211994E-08
1706246392
+1.906725E-03,-3.157016E-08
1706246398
+1.821664E-03,-3.234168E-08
1706246403
+1.916734E-03,-3.249591E-08
1706246408
+1.861695E-03,-3.242005E-08
1706246413
+1.932581E-03,-3.126047E-08
1706246418
+1.826674E-03,-3.269016E-08
1706246423
+1.878373E-03,-3.205534E-08
1706246429
+1.895888E-03,-3.171897E-08
1706246434
+1.980954E-03,-3.256721E-08
1706246439
+1.819167E-03,-3.214454E-08
1706246445
+1.913404E-03,-3.148973E-08
1706246450
+1.865035E-03,-3.293859E-08
1706246455
+1.878378E-03,-3.138344E-08
1706246460
+1.906730E-03,-3.207160E-08
1706246466
+1.870037E-03,-3.259554E-08
1706246471
+1.897554E-03,-3.213662E-08
1706246476
+1.900890E-03,-3.202825E-08
1706246482
+1.799984E-03,-3.217705E-08
1706246487
+1.836674E-03,-3.209951E-08
1706246492
+1.861693E-03,-3.275975E-08
1706246497
+1.906724E-03,-3.241629E-08
1706246503
+1.880870E-03,-3.211701E-08
1706246508
+1.843345E-03,-3.158349E-08
1706246513
+1.832503E-03,-3.223872E-08
1706246518
+1.932578E-03,-3.220206E-08
1706246524
+1.934247E-03,-3.203825E-08
1706246529
+1.889213E-03,-3.255885E-08
1706246534
+1.910061E-03,-3.245131E-08
1706246540
+1.874203E-03,-3.229209E-08
1706246545
+1.939248E-03,-3.258552E-08
1706246550
+1.975111E-03,-3.221790E-08
1706246555
+1.915898E-03,-3.213953E-08
1706246561
+1.930080E-03,-3.205535E-08
1706246566
+1.915063E-03,-3.209451E-08
1706246571
+1.909229E-03,-3.250675E-08
1706246576
+1.865868E-03,-3.236129E-08
1706246582
+1.822505E-03,-3.278311E-08
1706246587
+1.855860E-03,-3.206493E-08
1706246592
+1.870869E-03,-3.216579E-08
1706246597
+1.836677E-03,-3.329078E-08
1706246603
+1.833341E-03,-3.389225E-08
1706246608
+1.883376E-03,-3.281811E-08
1706246613
+1.793312E-03,-3.175439E-08
1706246618
+1.795812E-03,-3.355629E-08
1706246623
+1.809992E-03,-3.228709E-08
1706246629
+1.769961E-03,-3.101204E-08
1706246634
+1.837507E-03,-3.293690E-08
1706246639
+1.793311E-03,-3.200031E-08
1706246644
+1.764953E-03,-3.195903E-08
1706246650
+1.820829E-03,-3.241004E-08
1706246655
+1.838343E-03,-3.248632E-08
1706246660
+1.797479E-03,-3.185692E-08
1706246666
+1.892553E-03,-3.303695E-08
1706246671
+1.813330E-03,-3.308197E-08
1706246676
+1.869203E-03,-3.206285E-08
1706246681
+1.835845E-03,-3.284855E-08
1706246687
+1.855021E-03,-3.221705E-08
1706246692
+1.909228E-03,-3.230917E-08
1706246697
+1.936749E-03,-3.215579E-08
1706246703
+1.928409E-03,-3.227500E-08
1706246708
+1.961765E-03,-3.280227E-08
1706246713
+1.976782E-03,-3.209328E-08
1706246718
+1.989287E-03,-3.241755E-08
1706246724
+1.920904E-03,-3.260971E-08
1706246729
+1.956763E-03,-3.195364E-08
1706246734
+1.881712E-03,-3.181151E-08
1706246740
+1.807490E-03,-3.191070E-08
1706246745
+1.869203E-03,-3.188904E-08
1706246750
+1.799983E-03,-3.136342E-08
1706246755
+1.859195E-03,-3.169938E-08
1706246760
+1.885047E-03,-3.151390E-08
1706246766
+1.846688E-03,-3.152057E-08
1706246771
+1.869205E-03,-3.249301E-08
1706246776
+1.940919E-03,-3.145846E-08
1706246782
+1.890052E-03,-3.217706E-08
1706246787
+1.873371E-03,-3.045018E-08
1706246792
+1.830837E-03,-3.242463E-08
1706246797
+1.850853E-03,-3.157433E-08
1706246803
+1.878377E-03,-3.227459E-08
1706246808
+1.779972E-03,-3.220415E-08
1706246813
+1.830006E-03,-3.171605E-08
1706246818
+1.782471E-03,-3.270057E-08
1706246823
+1.791641E-03,-3.180815E-08
1706246829
+1.800817E-03,-3.318241E-08
1706246834
+1.832504E-03,-3.174355E-08
1706246839
+1.873373E-03,-3.148639E-08
1706246845
+1.783305E-03,-3.112542E-08
1706246850
+1.876706E-03,-3.239963E-08
1706246855
+1.917565E-03,-3.129422E-08
1706246860
+1.890881E-03,-3.110416E-08
1706246866
+1.842514E-03,-3.020758E-08
1706246871
+1.808322E-03,-3.141385E-08
1706246876
+1.894221E-03,-3.130591E-08
1706246881
+1.927575E-03,-3.289730E-08
1706246887
+1.885877E-03,-3.330495E-08
1706246892
+1.832506E-03,-3.220330E-08
1706246897
+1.813324E-03,-3.214369E-08
1706246902
+1.869197E-03,-3.315531E-08
1706246908
+1.744111E-03,-3.317241E-08
1706246913
+1.784975E-03,-3.209619E-08
1706246918
+1.774131E-03,-3.247132E-08
1706246924
+1.805820E-03,-3.137800E-08
1706246929
+1.787476E-03,-3.120128E-08
1706246934
+1.857523E-03,-3.161309E-08
1706246939
+1.771626E-03,-3.177605E-08
1706246945
+1.803320E-03,-3.224291E-08
1706246950
+1.805820E-03,-3.097453E-08
1706246955
+1.866697E-03,-3.167728E-08
1706246961
+1.841680E-03,-3.139926E-08
1706246966
+1.809155E-03,-3.190111E-08
1706246971
+1.934245E-03,-3.114000E-08
1706246976
+1.870869E-03,-3.177774E-08
1706246982
+1.858363E-03,-3.035390E-08
1706246987
+1.900056E-03,-3.089200E-08
1706246992
+1.847515E-03,-3.057229E-08
1706246998
+1.821667E-03,-3.130257E-08
1706247003
+1.809994E-03,-3.157767E-08
1706247008
+1.864199E-03,-3.220623E-08
1706247013
+1.830008E-03,-3.192780E-08
1706247019
+1.830842E-03,-3.132383E-08
1706247024
+1.853358E-03,-3.123338E-08
1706247029
+1.800817E-03,-3.151222E-08
1706247034
+1.815000E-03,-3.259597E-08
1706247040
+1.822502E-03,-3.184818E-08
1706247045
+1.789981E-03,-3.218206E-08
1706247050
+1.799151E-03,-3.118336E-08
1706247055
+1.807494E-03,-3.077864E-08
1706247061
+1.724100E-03,-3.005671E-08
1706247066
+1.752452E-03,-3.080406E-08
1706247071
+1.738277E-03,-3.104498E-08
1706247077
+1.812496E-03,-3.133342E-08
1706247082
+1.852523E-03,-3.055813E-08
1706247087
+1.850854E-03,-3.110458E-08
1706247092
+1.783302E-03,-3.088532E-08
1706247098
+1.825003E-03,-3.024385E-08
1706247103
+1.855024E-03,-3.038223E-08
1706247108
+1.802489E-03,-3.069277E-08
1706247114
+1.826675E-03,-3.095954E-08
1706247119
+1.803322E-03,-3.071236E-08
1706247124
+1.827508E-03,-3.188988E-08
1706247129
+1.814170E-03,-3.105959E-08
1706247134
+1.836684E-03,-3.267683E-08
1706247140
+1.884216E-03,-3.211871E-08
1706247145
+1.821671E-03,-3.167146E-08
1706247150
+1.794981E-03,-3.214745E-08
1706247156
+1.901723E-03,-3.207826E-08
1706247161
+1.823335E-03,-3.209202E-08
1706247166
+1.836676E-03,-3.214078E-08
1706247172
+1.771628E-03,-3.163893E-08
1706247177
+1.764125E-03,-3.213203E-08
1706247182
+1.829167E-03,-3.180731E-08
1706247187
+1.889213E-03,-3.141760E-08
1706247192
+1.843347E-03,-3.139635E-08
1706247198
+1.850020E-03,-3.205284E-08
1706247203
+1.835843E-03,-3.194780E-08
1706247208
+1.960099E-03,-3.228334E-08
1706247214
+1.935914E-03,-3.225166E-08
1706247219
+1.835847E-03,-3.166896E-08
1706247224
+1.901726E-03,-3.097579E-08
1706247229
+1.951759E-03,-3.204617E-08
1706247235
+1.924240E-03,-3.147596E-08
1706247240
+1.958435E-03,-3.153349E-08
1706247245
+1.900892E-03,-3.190237E-08
1706247251
+1.974275E-03,-3.151348E-08
1706247256
+1.943420E-03,-3.118127E-08
1706247261
+1.961764E-03,-3.249215E-08
1706247266
+1.901724E-03,-3.289939E-08
1706247271
+1.823332E-03,-3.282769E-08
1706247277
+1.855858E-03,-3.243923E-08
1706247282
+1.873373E-03,-3.252343E-08
1706247287
+1.830845E-03,-3.255345E-08
1706247292
+1.864200E-03,-3.381848E-08
1706247298
+1.871707E-03,-3.257304E-08
1706247303
+1.787480E-03,-3.300153E-08
1706247308
+1.832510E-03,-3.319367E-08
1706247314
+1.769966E-03,-3.222458E-08
1706247319
+1.855862E-03,-3.264223E-08
1706247324
+1.827507E-03,-3.304237E-08
1706247329
+1.815835E-03,-3.305655E-08
1706247335
+1.792482E-03,-3.332331E-08
1706247340
+1.825837E-03,-3.356797E-08
1706247345
+1.774131E-03,-3.155015E-08
1706247351
+1.865031E-03,-3.217788E-08
1706247356
+1.844184E-03,-3.268390E-08
1706247361
+1.835011E-03,-3.232086E-08
1706247366
+1.840015E-03,-3.325911E-08
1706247372
+1.813327E-03,-3.311072E-08
1706247377
+1.810825E-03,-3.361632E-08
1706247382
+1.817495E-03,-3.236044E-08
1706247388
+1.773298E-03,-3.400729E-08
1706247393
+1.783304E-03,-3.293399E-08
1706247398
+1.830010E-03,-3.480259E-08
1706247403
+1.771632E-03,-3.292566E-08
1706247408
+1.929247E-03,-3.288065E-08
1706247414
+1.785809E-03,-3.533361E-08
1706247419
+1.888382E-03,-3.636106E-08
1706247424
+1.759129E-03,-3.489430E-08
1706247429
+1.840851E-03,-3.506394E-08
1706247435
+1.826672E-03,-3.469088E-08
1706247440
+1.873376E-03,-3.323828E-08
1706247445
+1.923409E-03,-3.465503E-08
1706247450
+1.873372E-03,-3.367843E-08
1706247456
+1.844183E-03,-3.327495E-08
1706247461
+1.830007E-03,-3.439619E-08
1706247466
+1.815828E-03,-3.481675E-08
1706247471
+1.827505E-03,-3.730974E-08
1706247477
+1.859192E-03,-3.638564E-08
1706247482
+1.864194E-03,-3.681955E-08
1706247487
+1.770797E-03,-3.584045E-08
1706247492
+1.791645E-03,-3.638565E-08
1706247498
+1.818330E-03,-3.429739E-08
1706247503
+1.860861E-03,-3.527650E-08
1706247508
+1.776634E-03,-3.623143E-08
1706247513
+1.832506E-03,-3.721678E-08
1706247518
+1.772459E-03,-3.464625E-08
1706247523
+1.807482E-03,-3.489592E-08
1706247529
+1.825000E-03,-3.367258E-08
1706247534
+1.861692E-03,-3.423736E-08
1706247539
+1.898386E-03,-3.429739E-08
1706247545
+1.827504E-03,-3.578252E-08
1706247550
+1.826668E-03,-3.456790E-08
1706247555
+1.815828E-03,-3.443286E-08
1706247560
+1.810825E-03,-3.429114E-08
1706247566
+1.753284E-03,-3.486760E-08
1706247571
+1.798314E-03,-3.508017E-08
1706247576
+1.875869E-03,-3.416192E-08
1706247581
+1.846686E-03,-3.507227E-08
1706247586
+1.840845E-03,-3.343791E-08
1706247592
+1.921738E-03,-3.375303E-08
1706247597
+1.939253E-03,-3.381431E-08
1706247602
+1.860863E-03,-3.443745E-08
1706247607
+1.970945E-03,-3.347795E-08
1706247613
+1.938418E-03,-3.392643E-08
1706247618
+1.855858E-03,-3.369510E-08
1706247623
+1.773303E-03,-3.409942E-08
1706247629
+1.667392E-03,-3.345627E-08
1706247634
+1.740780E-03,-3.276728E-08
1706247639
+1.799986E-03,-3.309238E-08
1706247644
+1.835008E-03,-3.307153E-08
1706247650
+1.799151E-03,-3.373511E-08
1706247655
+1.787479E-03,-3.388101E-08
1706247660
+1.837517E-03,-3.284773E-08
1706247665
+1.843356E-03,-3.381016E-08
1706247670
+1.840023E-03,-3.343420E-08
1706247676
+1.889223E-03,-3.446999E-08
1706247681
+1.773308E-03,-3.469799E-08
1706247686
+1.836683E-03,-3.468923E-08
1706247691
+1.872548E-03,-3.335584E-08
1706247697
+1.935089E-03,-3.374556E-08
1706247702
+1.844192E-03,-3.407401E-08
1706247707
+1.820842E-03,-3.354841E-08
1706247712
+1.832517E-03,-3.317036E-08
1706247718
+1.831681E-03,-3.273727E-08
1706247723
+1.814169E-03,-3.285899E-08
1706247728
+1.926752E-03,-3.356967E-08
1706247733
+1.905065E-03,-3.276728E-08
1706247739
+1.904235E-03,-3.250220E-08
1706247744
+1.874212E-03,-3.335708E-08
1706247749
+1.808329E-03,-3.356423E-08
1706247755
+1.773302E-03,-3.397521E-08
1706247760
+1.870038E-03,-3.512854E-08
1706247765
+1.780803E-03,-3.566414E-08
1706247770
+1.805825E-03,-3.461961E-08
1706247775
+1.870041E-03,-3.428617E-08
1706247781
+1.885884E-03,-3.364134E-08
1706247786
+1.869203E-03,-3.361883E-08
1706247791
+1.828342E-03,-3.489388E-08
1706247797
+1.797485E-03,-3.394353E-08
1706247802
+1.797486E-03,-3.480342E-08
1706247807
+1.818334E-03,-3.390060E-08
1706247812
+1.753290E-03,-3.366761E-08
1706247818
+1.814167E-03,-3.361384E-08
1706247823
+1.770802E-03,-3.377722E-08
1706247828
+1.814167E-03,-3.385142E-08
1706247834
+1.755792E-03,-3.370720E-08
1706247839
+1.833349E-03,-3.403858E-08
1706247844
+1.806663E-03,-3.380808E-08
1706247849
+1.840854E-03,-3.399565E-08
1706247855
+1.728271E-03,-3.446372E-08
1706247860
+1.820006E-03,-3.572335E-08
1706247865
+1.869204E-03,-3.427157E-08
1706247870
+1.884214E-03,-3.440745E-08
1706247875
+1.754118E-03,-3.350003E-08
1706247881
+1.757455E-03,-3.373928E-08
1706247886
+1.782474E-03,-3.512896E-08
1706247891
+1.819169E-03,-3.483969E-08
1706247897
+1.821671E-03,-3.437953E-08
1706247902
+1.661554E-03,-3.399479E-08
1706247907
+1.760793E-03,-3.405023E-08
1706247912
+1.792481E-03,-3.448789E-08
1706247918
+1.834175E-03,-3.423362E-08
1706247923
+1.881711E-03,-3.354171E-08
1706247928
+1.883381E-03,-3.449790E-08
1706247934
+1.853357E-03,-3.461460E-08
1706247939
+1.894224E-03,-3.412568E-08
1706247944
+1.902562E-03,-3.378931E-08
1706247950
+1.857531E-03,-3.456084E-08
1706247955
+1.859202E-03,-3.446790E-08
1706247960
+1.886724E-03,-3.491057E-08
1706247965
+1.856698E-03,-3.471673E-08
1706247970
+1.951765E-03,-3.524484E-08
1706247975
+1.849188E-03,-3.474756E-08
1706247981
+1.761623E-03,-3.394643E-08
1706247986
+1.819999E-03,-3.388517E-08
1706247991
+1.794146E-03,-3.469712E-08
1706247997
+1.828340E-03,-3.527317E-08
1706248002
+1.836678E-03,-3.430532E-08
1706248007
+1.795812E-03,-3.492345E-08
1706248012
+1.822501E-03,-3.496472E-08
1706248018
+1.794145E-03,-3.519813E-08
1706248023
+1.783304E-03,-3.480591E-08
1706248028
+1.813329E-03,-3.490387E-08
1706248033
+1.790810E-03,-3.391684E-08
1706248038
+1.812494E-03,-3.507810E-08
1706248044
+1.832509E-03,-3.390809E-08
1706248049
+1.815829E-03,-3.414734E-08
1706248054
+1.910900E-03,-3.413109E-08
1706248059
+1.818335E-03,-3.429741E-08
1706248065
+1.905065E-03,-3.362842E-08
1706248070
+1.905896E-03,-3.450498E-08
1706248075
+1.929247E-03,-3.389268E-08
1706248080
+1.804154E-03,-3.351670E-08
1706248086
+1.777471E-03,-3.446330E-08
1706248091
+1.781639E-03,-3.336748E-08
1706248096
+1.766628E-03,-3.280728E-08
1706248102
+1.850025E-03,-3.424656E-08
1706248107
+1.891720E-03,-3.276394E-08
1706248112
+1.853359E-03,-3.279478E-08
1706248117
+1.832509E-03,-3.338832E-08
1706248122
+1.839181E-03,-3.531235E-08
1706248128
+1.829173E-03,-3.382973E-08
1706248133
+1.862527E-03,-3.296649E-08
1706248138
+1.865034E-03,-3.221665E-08
1706248143
+1.818337E-03,-3.322786E-08
1706248149
+1.946762E-03,-3.242174E-08
1706248154
+1.875881E-03,-3.400691E-08
1706248159
+1.880045E-03,-3.386600E-08
1706248165
+1.849192E-03,-3.300820E-08
1706248170
+1.840019E-03,-3.460003E-08
1706248175
+1.970110E-03,-3.428657E-08
1706248180
+1.997630E-03,-3.489971E-08
1706248186
+1.870038E-03,-3.398521E-08
1706248191
+1.873375E-03,-3.359007E-08
1706248196
+1.860866E-03,-3.413735E-08
1706248202
+1.876710E-03,-3.425072E-08
1706248207
+1.864206E-03,-3.376974E-08
1706248212
+1.827512E-03,-3.333499E-08
1706248217
+1.874209E-03,-3.481676E-08
1706248223
+1.835014E-03,-3.421280E-08
1706248228
+1.892554E-03,-3.503309E-08
1706248233
+1.833348E-03,-3.406817E-08
1706248239
+1.803327E-03,-3.469256E-08
1706248244
+1.848358E-03,-3.332873E-08
1706248249
+1.825845E-03,-3.251887E-08
1706248254
+1.776642E-03,-3.451041E-08
1706248259
+1.870043E-03,-3.424324E-08
1706248265
+1.910072E-03,-3.563541E-08
1706248270
+1.869210E-03,-3.477052E-08
1706248275
+1.880883E-03,-3.453042E-08
1706248280
+1.823339E-03,-3.339792E-08
1706248286
+1.815839E-03,-3.386436E-08
1706248291
+1.885056E-03,-3.273770E-08
1706248296
+1.861707E-03,-3.415488E-08
1706248302
+1.826684E-03,-3.508898E-08
1706248307
+1.799997E-03,-3.308784E-08
1706248312
+1.840862E-03,-3.645615E-08
1706248317
+1.884225E-03,-3.572754E-08
1706248322
+1.870877E-03,-3.554037E-08
1706248328
+1.900067E-03,-3.546160E-08
1706248333
+1.898395E-03,-3.699673E-08
1706248338
+1.930085E-03,-3.635233E-08
1706248344
+1.873376E-03,-3.718096E-08
1706248349
+1.808329E-03,-3.564498E-08
1706248354
+1.892556E-03,-3.478009E-08
1706248359
+1.822504E-03,-3.415778E-08
1706248365
+1.773304E-03,-3.346045E-08
1706248370
+1.750787E-03,-3.404149E-08
1706248375
+1.807493E-03,-3.392519E-08
1706248381
+1.875872E-03,-3.425697E-08
1706248386
+1.896721E-03,-3.428281E-08
1706248391
+1.781636E-03,-3.554659E-08
1706248396
+1.755784E-03,-3.496638E-08
1706248402
+1.767460E-03,-3.519105E-08
1706248407
+1.825004E-03,-3.512937E-08
1706248412
+1.778303E-03,-3.444078E-08
1706248417
+1.789143E-03,-3.424863E-08
1706248423
+1.792479E-03,-3.385765E-08
1706248428
+1.847516E-03,-3.469545E-08
1706248433
+1.834171E-03,-3.426862E-08
1706248438
+1.798313E-03,-3.420235E-08
1706248443
+1.833338E-03,-3.365965E-08
1706248448
+1.843346E-03,-3.505474E-08
1706248454
+1.862525E-03,-3.383722E-08
1706248459
+1.860027E-03,-3.479549E-08
1706248464
+1.777468E-03,-3.516021E-08
1706248470
+1.779971E-03,-3.497514E-08
1706248475
+1.835848E-03,-3.474507E-08
1706248480
+1.862530E-03,-3.509727E-08
1706248485
+1.845020E-03,-3.584714E-08
1706248491
+1.836677E-03,-3.677454E-08
1706248496
+1.912564E-03,-3.603719E-08
1706248501
+1.930916E-03,-3.523025E-08
1706248506
+1.907563E-03,-3.570583E-08
1706248512
+1.900061E-03,-3.594759E-08
1706248517
+1.905065E-03,-3.554078E-08
1706248522
+1.910070E-03,-3.481011E-08
1706248527
+1.904232E-03,-3.492890E-08
1706248533
+1.818337E-03,-3.559455E-08
1706248538
+1.872542E-03,-3.443121E-08
1706248543
+1.854193E-03,-3.480551E-08
1706248548
+1.890886E-03,-3.525984E-08
1706248554
+1.876709E-03,-3.411025E-08
1706248559
+1.886717E-03,-3.377722E-08
1706248564
+1.825837E-03,-3.399896E-08
1706248570
+1.802490E-03,-3.416694E-08
1706248575
+1.802487E-03,-3.585421E-08
1706248580
+1.764127E-03,-3.641400E-08
1706248585
+1.733272E-03,-3.686333E-08
1706248591
+1.754117E-03,-3.517688E-08
1706248596
+1.830005E-03,-3.533777E-08
1706248601
+1.828338E-03,-3.637314E-08
1706248606
+1.830842E-03,-3.575752E-08
1706248612
+1.801652E-03,-3.541113E-08
1706248617
+1.830010E-03,-3.502726E-08
1706248622
+1.851691E-03,-3.680873E-08
1706248627
+1.872538E-03,-3.671661E-08
1706248633
+1.857527E-03,-3.765736E-08
1706248638
+1.902557E-03,-3.492971E-08
1706248643
+1.835841E-03,-3.458624E-08
1706248649
+1.827503E-03,-3.481549E-08
1706248654
+1.834176E-03,-3.449038E-08
1706248659
+1.830004E-03,-3.533443E-08
1706248664
+1.847517E-03,-3.450955E-08
1706248670
+1.807487E-03,-3.484258E-08
1706248675
+1.802481E-03,-3.358129E-08
1706248680
+1.787476E-03,-3.419819E-08
1706248686
+1.810825E-03,-3.424404E-08
1706248691
+1.811655E-03,-3.432823E-08
1706248696
+1.840008E-03,-3.385597E-08
1706248701
+1.804981E-03,-3.351417E-08
1706248707
+1.878369E-03,-3.456456E-08
1706248712
+1.848349E-03,-3.496846E-08
1706248717
+1.893383E-03,-3.430114E-08
1706248723
+1.845013E-03,-3.436658E-08
1706248728
+1.809157E-03,-3.334163E-08
1706248733
+1.799154E-03,-3.274477E-08
1706248738
+1.856692E-03,-3.276018E-08
1706248743
+1.885046E-03,-3.370260E-08
1706248749
+1.843351E-03,-3.305029E-08
1706248754
+1.860862E-03,-3.383181E-08
1706248759
+1.873372E-03,-3.313949E-08
1706248765
+1.930915E-03,-3.330997E-08
