1704883050
+2.619813E-04,-2.673894E-08
1704883060
+2.778266E-04,-2.947819E-08
1704883070
+2.786629E-04,-3.218868E-08
1704883081
+2.769967E-04,-3.408973E-08
1704883091
+3.395372E-04,-3.923352E-08
1704883101
+2.294622E-04,-3.648219E-08
1704883112
+2.794956E-04,-3.594867E-08
1704883122
+4.054153E-04,-4.165974E-08
1704883132
+3.320331E-04,-4.345451E-08
1704883142
+3.662216E-04,-4.782012E-08
1704883153
+2.719901E-04,-4.784387E-08
1704883163
+2.519735E-04,-5.289345E-08
1704883173
+3.111823E-04,-5.205860E-08
1704883184
+3.028427E-04,-5.526924E-08
1704883194
+2.486371E-04,-6.349113E-08
1704883204
+3.353656E-04,-6.498330E-08
1704883214
+2.886670E-04,-6.655008E-08
