1704783808
1704783813
1704783818
1704783824
1704783829
1704783834
1704783839
+1.200260E-03,-8.843946E-08
1704783844
+1.160233E-03,-9.104537E-08
1704783849
1704783854
1704783859
+1.107691E-03,-9.242288E-08
1704783864
+1.208599E-03,-9.081860E-08
+1.211101E-03,-9.347162E-08
+1.187751E-03,-9.135545E-08
+1.194422E-03,-8.805390E-08
+1.221946E-03,-8.783553E-08
+1.194423E-03,-8.964903E-08
+1.138560E-03,-9.290901E-08
+1.196099E-03,-8.569025E-08
+1.195265E-03,-8.331900E-08
+1.216114E-03,-8.574403E-08
+1.279493E-03,-8.712118E-08
+1.203611E-03,-8.949580E-08
-3.506933E-01,-1.897478E-07
-1.287279E-01,+2.175980E-07
