1706128704
-3.500188E-01,-1.600448E-08
1706128707
-3.295439E-01,-8.212123E-09
1706128709
-3.090574E-01,-7.190928E-09
1706128712
-2.885674E-01,-6.596548E-09
1706128714
-2.680959E-01,-6.433991E-09
1706128717
-2.509520E-01,-6.646983E-09
1706128720
-2.304229E-01,-6.306863E-09
1706128722
-2.098704E-01,-5.491155E-09
1706128725
-1.894196E-01,-6.427737E-09
1706128727
-1.689164E-01,-6.209745E-09
1706128730
-1.484932E-01,-6.331871E-09
1706128733
-1.279950E-01,-6.044685E-09
1706128735
-1.110087E-01,-5.541173E-09
1706128738
-9.052383E-02,-5.791680E-09
1706128740
-7.003558E-02,-4.950964E-09
1706128743
-4.946309E-02,-5.779592E-09
1706128746
-2.884307E-02,-5.268993E-09
1706128748
-8.376501E-03,-5.384033E-09
1706128751
+1.225237E-02,-6.780781E-09
1706128753
+3.266522E-02,-6.253094E-09
1706128756
+5.301385E-02,-7.173003E-09
1706128758
+7.347257E-02,-6.626559E-09
1706128761
+9.390710E-02,-6.990022E-09
1706128764
+1.109134E-01,-6.694917E-09
1706128766
+1.314712E-01,-6.943753E-09
1706128769
+1.519534E-01,-6.656987E-09
1706128771
+1.723153E-01,-6.131798E-09
1706128774
+1.928866E-01,-6.331454E-09
1706128777
+2.134446E-01,-6.040517E-09
1706128779
+2.341043E-01,-6.060524E-09
1706128782
+2.511297E-01,-5.743745E-09
1706128784
+2.716201E-01,-5.847115E-09
1706128787
+2.921873E-01,-5.827525E-09
1706128790
+3.127068E-01,-5.972159E-09
1706128792
+3.331081E-01,-6.010925E-09
1706128795
+3.536710E-01,-5.411960E-09
1706128797
+3.740721E-01,-5.016819E-09
1706128800
+3.944666E-01,-5.343602E-09
1706128802
+4.115446E-01,-6.120129E-09
1706128805
+4.320233E-01,-5.419045E-09
1706128808
+4.525604E-01,-6.055939E-09
1706128810
+4.730542E-01,-5.869206E-09
1706128813
+4.934637E-01,-5.207721E-09
1706128815
+5.140616E-01,-5.486986E-09
1706128818
+5.345222E-01,-5.449891E-09
1706128821
+5.515333E-01,-5.176459E-09
1706128823
+5.719978E-01,-5.495323E-09
1706128826
+5.925201E-01,-5.688308E-09
1706128828
+6.130077E-01,-5.423213E-09
1706128831
+6.336173E-01,-5.064335E-09
1706128834
+6.541886E-01,-5.206052E-09
1706128836
+6.745398E-01,-5.970491E-09
1706128839
+6.917680E-01,-5.491572E-09
1706128841
+7.121984E-01,-5.423631E-09
1706128844
+7.326469E-01,-4.940124E-09
1706128847
+7.532016E-01,-4.929288E-09
1706128849
+7.735959E-01,-5.028072E-09
1706128852
+7.940455E-01,-4.876768E-09
1706128854
+8.144786E-01,-4.913866E-09
1706128857
+8.315675E-01,-5.970076E-09
1706128859
+8.520705E-01,-5.108532E-09
1706128862
+8.725727E-01,-5.083928E-09
1706128865
+8.929846E-01,-5.549510E-09
1706128867
+9.134793E-01,-4.423276E-09
1706128870
+9.339409E-01,-4.975554E-09
1706128872
+9.544840E-01,-5.026823E-09
1706128875
+9.716029E-01,-5.236481E-09
1706128878
+9.920058E-01,-4.761312E-09
1706128880
+1.012393E+00,-4.675448E-09
1706128883
+1.032933E+00,-4.719630E-09
1706128885
+1.053401E+00,-5.113104E-09
1706128888
+1.074090E+00,-4.881772E-09
1706128891
+1.094593E+00,-4.703375E-09
1706128893
+1.111588E+00,-4.677114E-09
1706128896
+1.132169E+00,-4.751307E-09
1706128898
+1.152635E+00,-4.752557E-09
1706128901
+1.173177E+00,-5.263574E-09
1706128903
+1.193752E+00,-4.490799E-09
1706128906
+1.214326E+00,-4.078151E-09
1706128909
+1.234775E+00,-4.467456E-09
1706128911
+1.251861E+00,-5.223560E-09
1706128914
+1.272299E+00,-4.113998E-09
1706128916
+1.292752E+00,-4.445366E-09
1706128919
+1.313276E+00,-4.234874E-09
1706128922
+1.333723E+00,-4.332825E-09
1706128924
+1.354145E+00,-4.412436E-09
1706128927
+1.374622E+00,-3.804720E-09
1706128929
+1.395210E+00,-4.459120E-09
1706128932
+1.412298E+00,-4.683365E-09
1706128935
+1.432687E+00,-4.783410E-09
1706128937
+1.453168E+00,-4.399515E-09
1706128940
+1.473620E+00,-4.375757E-09
1706128942
+1.494219E+00,-4.692120E-09
1706128945
+1.514893E+00,-3.733862E-09
1706128947
+1.535379E+00,-4.781317E-09
1706128950
+1.552485E+00,-4.435778E-09
1706128953
+1.573003E+00,-3.811389E-09
1706128955
+1.593339E+00,-4.620843E-09
1706128958
+1.613904E+00,-3.962277E-09
1706128960
+1.634368E+00,-3.563804E-09
