1708400581
1708400592
1708400602
1708400612
1708400623
1708400633
1708400643
1708400654
1708400664
1708400674
1708400684
1708400695
1708400705
1708400715
1708400726
1708400736
1708400746
1708400757
1708400767
1708400777
1708400787
1708400798
1708400808
1708400818
1708400829
1708400839
1708400849
1708400859
1708400870
1708400880
1708400890
1708400901
1708400911
1708400921
1708400932
1708400942
1708400952
1708400962
1708400973
1708400983
1708400993
1708401004
1708401014
1708401024
1708401034
1708401045
1708401055
1708401065
-3.500000E-01,-4.227412E-08,+9.910000E+37,+1.885376E+03,+2.150800E+04
1708401075
1708401086
1708401096
1708401106
1708401116
1708401127
1708401137
1708401147
1708401158
1708401168
1708401178
1708401189
1708401199
1708401209
1708401219
1708401230
1708401240
1708401250
1708401261
1708401271
1708401281
1708401292
1708401302
1708401312
1708401322
1708401333
1708401343
1708401353
1708401364
1708401374
1708401384
1708401395
1708401405
1708401415
1708401425
1708401436
1708401446
1708401456
1708401467
1708401477
1708401487
1708401497
1708401508
-3.500000E-01,-4.382497E-08,+9.910000E+37,+2.327504E+03,+2.150800E+04
1708401518
1708401528
1708401538
1708401549
1708401559
1708401569
1708401579
1708401590
1708401600
1708401610
1708401621
1708401631
1708401641
1708401651
1708401662
1708401672
1708401682
1708401693
1708401703
1708401713
1708401724
1708401734
1708401744
1708401754
1708401765
1708401775
1708401785
1708401796
1708401806
1708401816
1708401827
1708401837
1708401847
1708401857
1708401868
1708401878
