1705998611
+2.059225E-03,-2.811862E-09
1705998617
+2.079238E-03,-2.475075E-09
1705998622
+2.116765E-03,-2.243348E-09
1705998627
+2.084242E-03,-2.769342E-09
1705998633
+2.070901E-03,-2.239573E-09
1705998638
+2.112599E-03,-2.761008E-09
1705998643
+2.211835E-03,-2.693074E-09
1705998648
+2.154297E-03,-3.079872E-09
1705998654
+2.137617E-03,-2.173733E-09
1705998659
+2.113432E-03,-2.608461E-09
1705998664
+2.103428E-03,-2.368786E-09
1705998670
+2.155965E-03,-2.117884E-09
1705998675
+2.098425E-03,-2.072448E-09
1705998680
+2.015034E-03,-2.870215E-09
1705998685
+2.013366E-03,-2.583861E-09
1705998691
+1.993352E-03,-2.733080E-09
1705998696
+1.985013E-03,-2.682231E-09
1705998701
+2.117606E-03,-2.526758E-09
1705998706
+2.162638E-03,-2.355031E-09
1705998712
+2.191830E-03,-2.440492E-09
1705998717
+2.095093E-03,-1.980751E-09
1705998722
+2.158468E-03,-1.817781E-09
1705998728
+2.081751E-03,-2.185408E-09
1705998733
+2.117608E-03,-2.279596E-09
1705998738
+2.105938E-03,-1.939481E-09
1705998743
+2.140126E-03,-2.415895E-09
1705998749
+2.073412E-03,-2.720999E-09
1705998754
+2.015874E-03,-2.181225E-09
1705998759
+2.033384E-03,-2.139961E-09
1705998765
+2.092592E-03,-3.148226E-09
1705998770
+2.155971E-03,-3.003597E-09
1705998775
+2.119281E-03,-2.953992E-09
1705998780
+2.115112E-03,-2.485505E-09
1705998822
+2.111781E-03,-3.332461E-09
1705998827
+2.037562E-03,-2.657642E-09
1705998832
+2.010876E-03,-2.866050E-09
1705998838
+1.980857E-03,-2.604704E-09
1705998843
+2.064248E-03,-2.491338E-09
1705998848
+2.061747E-03,-3.011513E-09
1705998853
+2.059245E-03,-2.173719E-09
1705998859
+2.043400E-03,-2.544689E-09
1705998864
+2.036729E-03,-2.220415E-09
1705998869
+2.046739E-03,-3.008596E-09
1705998875
+2.020050E-03,-2.376709E-09
1705998880
+1.994197E-03,-2.351297E-09
1705998885
+2.131798E-03,-3.092792E-09
1705998890
+2.104278E-03,-3.189493E-09
1705998896
+2.045072E-03,-2.647219E-09
1705998901
+2.085935E-03,-2.577202E-09
1705998906
+2.026724E-03,-2.408385E-09
1705998911
+2.136803E-03,-2.430483E-09
1705998917
+2.125964E-03,-1.784023E-09
1705998922
+2.080931E-03,-2.818946E-09
1705998927
+2.162657E-03,-2.392146E-09
1705998933
+2.192681E-03,-2.600953E-09
1705998938
+2.080931E-03,-2.528427E-09
1705998943
+2.076761E-03,-2.261669E-09
1705998948
+2.136809E-03,-2.650976E-09
1705998954
+2.066758E-03,-2.618459E-09
1705998959
+2.079269E-03,-3.124480E-09
1705998964
+2.027564E-03,-2.315452E-09
1705998970
+2.045078E-03,-2.336285E-09
1705998975
+2.107623E-03,-3.034440E-09
1705998980
+2.115962E-03,-3.360388E-09
1705998985
+2.133477E-03,-3.024028E-09
1705998991
+2.069264E-03,-3.177834E-09
1705998996
+2.062592E-03,-3.234093E-09
1705999001
+2.101788E-03,-2.548852E-09
1705999007
+2.026733E-03,-3.133232E-09
1705999012
+2.136811E-03,-3.214504E-09
1705999017
+2.135979E-03,-3.507107E-09
1705999022
+2.064260E-03,-2.196242E-09
1705999028
+2.093450E-03,-3.507107E-09
1705999033
+2.100123E-03,-2.687242E-09
1705999038
+2.017563E-03,-3.405822E-09
1705999043
+2.019232E-03,-3.005681E-09
1705999049
+1.938341E-03,-2.753508E-09
1705999054
+2.015061E-03,-3.186577E-09
1705999059
+1.958356E-03,-2.663060E-09
1705999065
+2.072604E-03,-2.890646E-09
1705999070
+2.035912E-03,-2.673909E-09
1705999075
+1.955020E-03,-2.816448E-09
1705999080
+2.050922E-03,-3.096972E-09
1705999086
+2.005056E-03,-2.575537E-09
1705999091
+1.945850E-03,-2.905646E-09
1705999096
+1.909155E-03,-2.645974E-09
1705999102
+1.985874E-03,-2.482581E-09
1705999107
+1.935005E-03,-2.541767E-09
1705999112
+1.974203E-03,-2.584699E-09
1705999117
+1.940013E-03,-2.053696E-09
1705999123
+2.030075E-03,-2.986507E-09
1705999128
+2.021738E-03,-2.516349E-09
1705999133
+2.030907E-03,-2.284194E-09
1705999139
+2.033412E-03,-2.221254E-09
1705999144
+1.908322E-03,-1.918228E-09
1705999149
+1.979208E-03,-1.971988E-09
1705999154
+2.038412E-03,-2.743515E-09
1705999160
+1.996716E-03,-1.287198E-09
1705999165
+1.987544E-03,-2.823950E-09
1705999170
+2.065932E-03,-2.590960E-09
1705999175
+1.954188E-03,-2.105798E-09
1705999181
+2.073440E-03,-1.774843E-09
1705999186
+1.955020E-03,-2.500510E-09
1705999191
+1.981709E-03,-2.476747E-09
1705999197
+1.990881E-03,-2.037856E-09
1705999202
+2.056764E-03,-2.698911E-09
1705999207
+1.919165E-03,-2.907313E-09
1705999212
+1.914160E-03,-2.851460E-09
1705999218
+2.000889E-03,-2.851879E-09
1705999223
+2.046755E-03,-2.179562E-09
1705999228
+2.003391E-03,-2.325459E-09
1705999234
+2.036750E-03,-2.221655E-09
1705999239
+1.997560E-03,-2.240412E-09
1705999244
+2.049259E-03,-2.848543E-09
1705999249
+1.962531E-03,-3.039451E-09
1705999255
+2.047592E-03,-2.555119E-09
1705999260
+1.955860E-03,-2.717666E-09
1705999265
+1.988381E-03,-2.679327E-09
1705999271
+2.025076E-03,-2.687237E-09
1705999276
+2.040919E-03,-3.666749E-09
1705999281
+2.024242E-03,-2.625549E-09
1705999286
+2.085950E-03,-2.178318E-09
1705999292
+2.006731E-03,-1.603536E-09
1705999297
+2.055099E-03,-2.819783E-09
1705999302
+2.025077E-03,-2.644733E-09
1705999307
+2.023411E-03,-2.608469E-09
1705999313
+2.043424E-03,-2.293349E-09
1705999318
+2.016738E-03,-2.579281E-09
1705999323
+2.026751E-03,-2.575953E-09
1705999329
+2.142668E-03,-2.523440E-09
1705999334
+2.069280E-03,-2.406316E-09
1705999339
+2.069280E-03,-2.776018E-09
1705999344
+2.051767E-03,-3.111137E-09
1705999350
+2.016744E-03,-2.301277E-09
1705999355
+2.056771E-03,-2.970265E-09
1705999360
+2.000062E-03,-3.055700E-09
1705999366
+2.119320E-03,-2.701828E-09
1705999371
+2.160185E-03,-2.117470E-09
1705999376
+2.066778E-03,-3.104051E-09
1705999381
+2.181028E-03,-2.979011E-09
1705999387
+2.085130E-03,-2.594288E-09
1705999392
+2.089294E-03,-2.678902E-09
1705999397
+2.105977E-03,-2.908983E-09
1705999403
+2.025921E-03,-2.211237E-09
1705999408
+1.988392E-03,-2.817292E-09
1705999413
+2.039259E-03,-2.721832E-09
1705999418
+2.011741E-03,-2.167079E-09
1705999424
+1.991733E-03,-2.405484E-09
1705999429
+2.078462E-03,-2.432150E-09
1705999434
+2.002570E-03,-2.098298E-09
1705999439
+2.085133E-03,-2.761431E-09
1705999445
+2.070959E-03,-2.550529E-09
1705999450
+1.979225E-03,-2.837291E-09
1705999455
+2.011751E-03,-2.358385E-09
1705999461
+1.983396E-03,-2.364626E-09
1705999466
+2.055111E-03,-2.833540E-09
1705999471
+2.083465E-03,-1.881564E-09
1705999476
+2.024253E-03,-2.989436E-09
1705999482
+1.981725E-03,-2.761856E-09
1705999487
+2.043438E-03,-2.096622E-09
1705999492
+2.022591E-03,-2.670573E-09
1705999498
+2.062617E-03,-2.011603E-09
1705999503
+1.990068E-03,-2.710580E-09
1705999508
+2.065953E-03,-2.724339E-09
1705999513
+2.038433E-03,-2.635141E-09
1705999519
+2.131835E-03,-2.763537E-09
1705999524
+2.091802E-03,-2.948164E-09
1705999529
+2.045108E-03,-3.066540E-09
1705999535
+2.025927E-03,-3.199920E-09
1705999540
+2.045945E-03,-2.585953E-09
1705999545
+2.009249E-03,-2.154132E-09
1705999550
+2.056782E-03,-2.250425E-09
1705999556
+2.041773E-03,-2.271701E-09
1705999561
+2.102651E-03,-3.424168E-09
1705999566
+2.075134E-03,-3.175329E-09
1705999571
+2.054283E-03,-2.328790E-09
1705999577
+2.072630E-03,-2.721845E-09
1705999582
+2.032601E-03,-2.166639E-09
1705999587
+2.027597E-03,-2.839376E-09
1705999593
+1.923353E-03,-2.640982E-09
1705999598
+1.974224E-03,-2.744759E-09
1705999603
+2.010083E-03,-3.134909E-09
1705999608
+2.017591E-03,-2.980261E-09
1705999614
+2.050111E-03,-2.477585E-09
1705999619
+2.063453E-03,-3.027776E-09
1705999624
+2.084299E-03,-2.714748E-09
1705999630
+1.993400E-03,-3.181997E-09
1705999635
+2.070127E-03,-2.106637E-09
1705999640
+1.972550E-03,-2.488845E-09
1705999645
+2.027592E-03,-3.033194E-09
1705999651
+2.003410E-03,-2.676404E-09
1705999656
+1.984233E-03,-2.844386E-09
1705999661
+1.993407E-03,-1.263854E-09
1705999667
+2.003412E-03,-2.589290E-09
1705999672
+2.090142E-03,-2.688909E-09
1705999677
+2.100979E-03,-2.594289E-09
1705999682
+2.000909E-03,-3.063230E-09
1705999688
+2.093479E-03,-3.694680E-09
1705999693
+2.045946E-03,-2.728920E-09
1705999698
+2.005915E-03,-2.508008E-09
1705999703
+2.063457E-03,-3.109473E-09
1705999709
+1.994242E-03,-2.627224E-09
1705999714
+1.932528E-03,-3.061961E-09
1705999719
+1.960049E-03,-3.501695E-09
1705999725
+2.073464E-03,-2.427563E-09
1705999730
+2.051780E-03,-3.055703E-09
1705999735
+2.052615E-03,-2.511356E-09
1705999740
+2.048449E-03,-3.060709E-09
1705999746
+2.077638E-03,-4.052726E-09
1705999751
+2.063463E-03,-2.800205E-09
1705999756
+2.020098E-03,-2.642643E-09
1705999762
+2.076803E-03,-3.090306E-09
1705999767
+2.075969E-03,-2.857309E-09
1705999772
+2.073466E-03,-2.986512E-09
1705999777
+2.093481E-03,-2.428816E-09
1705999783
+2.016759E-03,-2.863135E-09
1705999788
+2.080139E-03,-2.882740E-09
1705999793
+2.065126E-03,-2.708501E-09
1705999799
+2.020933E-03,-2.708098E-09
1705999804
+1.938371E-03,-3.020691E-09
1705999809
+1.938373E-03,-2.545522E-09
1705999814
+1.990907E-03,-2.274596E-09
1705999820
+1.959217E-03,-3.296206E-09
1705999825
+1.982573E-03,-2.586789E-09
1705999830
+2.025936E-03,-3.073627E-09
1705999835
+2.031770E-03,-2.748521E-09
1705999841
+2.085975E-03,-3.445426E-09
1705999846
+2.003415E-03,-2.683076E-09
1705999851
+2.041778E-03,-3.004019E-09
1705999857
+2.083472E-03,-3.351225E-09
1705999862
+2.046777E-03,-2.642647E-09
1705999867
+1.954217E-03,-2.718917E-09
1705999872
+2.052621E-03,-3.150738E-09
1705999878
+2.008422E-03,-2.647227E-09
1705999883
+1.997579E-03,-3.044450E-09
1705999888
+2.000079E-03,-1.750675E-09
1705999893
+1.954216E-03,-3.005273E-09
1705999899
+1.934200E-03,-3.049034E-09
1705999904
+1.956718E-03,-2.352957E-09
1705999909
+1.985074E-03,-2.886478E-09
1705999914
+2.064300E-03,-2.637224E-09
1705999920
+2.080143E-03,-3.179082E-09
1705999925
+2.004252E-03,-3.427503E-09
1705999930
+2.004249E-03,-3.813473E-09
1705999936
+1.995912E-03,-3.530876E-09
1705999941
+2.056788E-03,-3.056955E-09
1705999946
+1.969222E-03,-2.998196E-09
1705999951
+2.063459E-03,-2.883145E-09
1705999957
+2.095984E-03,-2.935245E-09
1705999962
+2.126002E-03,-2.527611E-09
1705999967
+2.063459E-03,-2.433815E-09
1705999972
+1.917523E-03,-3.126160E-09
1705999978
+1.891673E-03,-2.879808E-09
1705999983
+1.998414E-03,-2.643474E-09
1705999988
+1.992575E-03,-2.814368E-09
1705999994
+2.013425E-03,-3.144902E-09
1705999999
+1.949214E-03,-3.535042E-09
1706000004
+2.044278E-03,-2.975258E-09
1706000009
+2.037605E-03,-3.386654E-09
1706000015
+2.050948E-03,-3.269946E-09
1706000020
+2.018423E-03,-3.373316E-09
1706000025
+2.040106E-03,-3.475435E-09
1706000031
+1.985902E-03,-3.195339E-09
1706000036
+1.978394E-03,-3.294537E-09
1706000041
+1.996743E-03,-3.649248E-09
1706000046
+1.969224E-03,-3.660919E-09
1706000052
+2.076802E-03,-3.768874E-09
1706000057
+1.981733E-03,-3.247864E-09
1706000062
+1.922526E-03,-3.335389E-09
1706000068
+1.958385E-03,-2.983598E-09
1706000073
+1.994246E-03,-3.534624E-09
1706000078
+2.048450E-03,-3.330802E-09
1706000083
+2.053453E-03,-3.457097E-09
1706000089
+2.102653E-03,-3.690515E-09
1706000094
+2.016757E-03,-3.552130E-09
1706000099
+1.976731E-03,-3.208258E-09
1706000104
+2.051783E-03,-3.517534E-09
1706000110
+2.024268E-03,-3.223264E-09
1706000115
+2.021761E-03,-3.156995E-09
1706000120
+2.084306E-03,-3.020691E-09
1706000126
+2.025096E-03,-3.065290E-09
1706000131
+2.024261E-03,-3.912674E-09
1706000136
+2.024262E-03,-3.307042E-09
1706000141
+2.050108E-03,-3.389571E-09
1706000147
+2.054280E-03,-3.307042E-09
1706000152
+2.035098E-03,-3.073209E-09
1706000157
+2.040936E-03,-3.767205E-09
1706000163
+2.122661E-03,-3.347890E-09
1706000168
+2.049280E-03,-3.415429E-09
1706000173
+2.050948E-03,-3.148236E-09
1706000178
+2.050945E-03,-3.029443E-09
1706000184
+1.957547E-03,-3.057787E-09
1706000189
+1.990903E-03,-3.217844E-09
1706000194
+2.002582E-03,-3.208674E-09
1706000200
+2.085969E-03,-3.400825E-09
1706000205
+2.070122E-03,-3.595477E-09
1706000210
+1.999239E-03,-2.813533E-09
1706000215
+2.065122E-03,-3.573803E-09
1706000221
+2.051778E-03,-3.255357E-09
1706000226
+2.046770E-03,-3.171159E-09
1706000231
+2.115986E-03,-3.484187E-09
1706000236
+2.131830E-03,-2.768100E-09
1706000242
+1.996733E-03,-4.184435E-09
1706000247
+2.093467E-03,-3.071957E-09
1706000252
+2.022583E-03,-3.376651E-09
1706000258
+2.007570E-03,-3.307873E-09
1706000263
+2.036765E-03,-3.399574E-09
1706000268
+2.129326E-03,-3.638827E-09
1706000273
+2.120154E-03,-4.061475E-09
1706000279
+2.079291E-03,-3.374982E-09
1706000284
+2.070950E-03,-3.202419E-09
1706000289
+1.973382E-03,-3.359142E-09
1706000295
+1.996731E-03,-3.837645E-09
1706000300
+1.970882E-03,-4.452030E-09
1706000305
+2.030095E-03,-3.798466E-09
1706000310
+2.059281E-03,-3.157828E-09
1706000316
+1.998404E-03,-3.059464E-09
1706000321
+2.040933E-03,-3.360811E-09
1706000326
+2.045101E-03,-3.850150E-09
1706000332
+1.985894E-03,-2.999855E-09
1706000337
+2.046766E-03,-3.071551E-09
1706000342
+2.055107E-03,-3.829726E-09
1706000347
+2.061781E-03,-3.413329E-09
1706000353
+2.072623E-03,-3.696346E-09
1706000358
+2.083459E-03,-2.741012E-09
1706000363
+2.103472E-03,-3.583388E-09
1706000368
+2.003406E-03,-4.273217E-09
1706000374
+2.081792E-03,-3.240770E-09
1706000379
+2.014246E-03,-3.613816E-09
1706000384
+2.018417E-03,-3.499193E-09
1706000390
+2.053434E-03,-3.460427E-09
1706000395
+2.016742E-03,-3.174495E-09
1706000400
+2.090130E-03,-4.588327E-09
1706000405
+2.102639E-03,-3.814720E-09
1706000411
+2.063446E-03,-3.852650E-09
1706000416
+2.031760E-03,-3.448341E-09
1706000421
+2.045935E-03,-4.184852E-09
1706000427
+2.030919E-03,-3.514613E-09
1706000432
+1.999229E-03,-4.272798E-09
1706000437
+2.063447E-03,-3.641326E-09
1706000442
+2.050104E-03,-4.429522E-09
1706000448
+2.052606E-03,-4.132333E-09
1706000453
+2.101806E-03,-3.825975E-09
1706000458
+2.040926E-03,-4.056889E-09
1706000464
+2.064280E-03,-3.738860E-09
1706000469
+2.040927E-03,-4.279467E-09
1706000474
+2.127661E-03,-4.101906E-09
1706000479
+2.050934E-03,-4.410348E-09
1706000485
+2.027585E-03,-4.071061E-09
1706000490
+2.025918E-03,-4.152340E-09
1706000495
+2.013402E-03,-4.301557E-09
1706000500
+2.036755E-03,-3.871822E-09
1706000506
+2.055101E-03,-3.917255E-09
1706000511
+2.104302E-03,-3.826390E-09
1706000516
+2.040087E-03,-4.106905E-09
1706000522
+2.100963E-03,-3.817636E-09
1706000527
+2.046760E-03,-4.167760E-09
1706000532
+2.030911E-03,-4.556646E-09
1706000537
+2.002561E-03,-3.802214E-09
1706000543
+2.064270E-03,-3.989780E-09
1706000548
+2.024246E-03,-3.529201E-09
1706000553
+2.020909E-03,-4.403260E-09
1706000559
+2.099303E-03,-3.952685E-09
1706000564
+2.103466E-03,-4.163592E-09
1706000569
+2.094290E-03,-4.067723E-09
1706000574
+2.110970E-03,-3.951850E-09
1706000580
+2.099301E-03,-3.587973E-09
1706000585
+2.041755E-03,-4.543309E-09
1706000590
+2.071774E-03,-3.684255E-09
1706000596
+1.994219E-03,-4.136915E-09
1706000601
+1.895812E-03,-3.605476E-09
1706000606
+1.927501E-03,-3.663830E-09
1706000611
+1.922500E-03,-4.218193E-09
1706000617
+2.060933E-03,-4.008953E-09
1706000622
+2.029245E-03,-3.902666E-09
1706000627
+1.988380E-03,-4.002701E-09
1706000632
+2.029245E-03,-4.787562E-09
1706000638
+2.044255E-03,-3.972690E-09
1706000643
+2.081782E-03,-3.694675E-09
1706000648
+2.060935E-03,-4.705033E-09
1706000654
+2.072607E-03,-4.326148E-09
1706000659
+2.069265E-03,-5.158523E-09
1706000664
+2.124306E-03,-4.063971E-09
1706000669
+2.199363E-03,-4.356575E-09
1706000675
+2.130983E-03,-4.286968E-09
1706000680
+2.085949E-03,-4.270711E-09
1706000685
+2.011733E-03,-4.625421E-09
1706000691
+1.963364E-03,-4.867173E-09
1706000696
+1.952523E-03,-4.380334E-09
1706000701
+2.025075E-03,-3.467929E-09
1706000706
+2.055925E-03,-3.928090E-09
1706000712
+1.985041E-03,-3.695508E-09
1706000717
+2.042581E-03,-4.202353E-09
1706000722
+2.065100E-03,-3.680086E-09
1706000728
+2.093455E-03,-4.142750E-09
1706000733
+2.163503E-03,-3.914752E-09
1706000738
+1.995049E-03,-4.278214E-09
1706000743
+2.084285E-03,-4.699198E-09
1706000749
+2.068436E-03,-4.562898E-09
1706000754
+2.087615E-03,-4.294470E-09
1706000759
+2.026739E-03,-4.791728E-09
1706000764
+2.106798E-03,-4.244036E-09
1706000770
+2.036751E-03,-4.705450E-09
1706000775
+2.010064E-03,-4.711701E-09
1706000780
+2.116805E-03,-4.370330E-09
1706000786
+2.122643E-03,-3.790543E-09
1706000791
+2.081785E-03,-4.490791E-09
1706000796
+2.159335E-03,-3.898914E-09
1706000801
+2.139321E-03,-4.430352E-09
1706000807
+2.146828E-03,-4.663351E-09
1706000812
+2.119306E-03,-4.559563E-09
1706000817
+2.071770E-03,-4.594992E-09
1706000823
+2.150990E-03,-5.069742E-09
1706000828
+2.110965E-03,-4.915522E-09
1706000833
+2.091783E-03,-4.544974E-09
1706000838
+2.105125E-03,-4.424932E-09
1706000844
+2.041750E-03,-4.556229E-09
1706000849
+2.015898E-03,-4.261542E-09
1706000854
+2.045923E-03,-4.473284E-09
1706000860
+2.127644E-03,-4.934696E-09
1706000865
+2.095116E-03,-3.810131E-09
1706000870
+2.132644E-03,-4.532886E-09
1706000875
+2.107627E-03,-4.414094E-09
1706000881
+2.160161E-03,-4.519130E-09
1706000886
+2.083442E-03,-3.971438E-09
1706000891
+2.077604E-03,-4.549141E-09
1706000896
+2.125142E-03,-4.600828E-09
1706000902
+2.083441E-03,-4.524968E-09
1706000907
+2.108463E-03,-4.220277E-09
1706000912
+2.088447E-03,-4.220276E-09
1706000918
+2.145985E-03,-4.702529E-09
1706000923
+2.055092E-03,-4.684607E-09
1706000928
+2.032578E-03,-4.812569E-09
1706000933
+2.089282E-03,-4.656263E-09
1706000939
+2.074270E-03,-4.354907E-09
1706000944
+2.046752E-03,-4.771721E-09
1706000949
+2.124310E-03,-4.342404E-09
1706000954
+2.102621E-03,-4.966372E-09
1706000960
+2.026740E-03,-4.909687E-09
1706000965
+2.097619E-03,-4.588322E-09
1706000970
+2.107623E-03,-4.724202E-09
1706000975
+2.070929E-03,-4.576650E-09
1706000981
+1.984206E-03,-4.658347E-09
1706000986
+2.060930E-03,-4.684607E-09
1706000991
+2.096783E-03,-4.840493E-09
1706000997
+2.130975E-03,-4.483701E-09
1706001002
+2.023401E-03,-4.888012E-09
1706001007
+2.124302E-03,-4.715449E-09
1706001012
+2.094279E-03,-4.532051E-09
1706001018
+2.124301E-03,-5.282316E-09
1706001023
+2.129305E-03,-4.614997E-09
1706001028
+2.088443E-03,-4.597491E-09
1706001034
+2.120133E-03,-5.094750E-09
1706001039
+2.086774E-03,-4.842994E-09
1706001044
+2.054251E-03,-5.064322E-09
1706001049
+2.153486E-03,-4.949281E-09
1706001055
+2.012551E-03,-5.427782E-09
1706001060
+2.130968E-03,-4.739623E-09
1706001065
+2.141809E-03,-5.156853E-09
1706001070
+2.193512E-03,-4.340732E-09
1706001076
+2.114287E-03,-5.118089E-09
1706001081
+2.164329E-03,-4.832990E-09
1706001086
+2.206023E-03,-4.853830E-09
1706001092
+2.148479E-03,-5.083494E-09
1706001097
+2.167662E-03,-5.090580E-09
1706001102
+2.113454E-03,-5.226460E-09
1706001107
+2.138475E-03,-5.445705E-09
1706001113
+2.123462E-03,-5.202285E-09
1706001118
+2.145978E-03,-4.956783E-09
1706001123
+2.137638E-03,-4.870918E-09
1706001129
+2.134301E-03,-5.107252E-09
1706001134
+2.081765E-03,-4.926355E-09
1706001139
+2.108451E-03,-5.080159E-09
1706001144
+2.085104E-03,-5.947132E-09
1706001150
+2.070088E-03,-5.204785E-09
1706001155
+2.125964E-03,-4.909265E-09
1706001160
+2.105949E-03,-4.765048E-09
1706001166
+2.136803E-03,-5.642022E-09
1706001171
+2.099274E-03,-5.063069E-09
1706001176
+2.093436E-03,-4.992210E-09
1706001181
+2.236036E-03,-5.277310E-09
1706001187
+2.135969E-03,-5.167272E-09
1706001192
+2.081767E-03,-5.153102E-09
1706001197
+2.083434E-03,-5.524899E-09
1706001202
+2.116787E-03,-5.459875E-09
1706001208
+2.162647E-03,-4.965115E-09
1706001213
+2.175995E-03,-5.592838E-09
1706001218
+2.155145E-03,-4.747540E-09
1706001224
+2.186836E-03,-5.271475E-09
1706001229
+2.153478E-03,-5.474045E-09
1706001234
+2.135132E-03,-5.496553E-09
1706001239
+2.127631E-03,-5.415694E-09
1706001244
+2.184337E-03,-6.105936E-09
1706001250
+2.162650E-03,-5.529064E-09
1706001255
+2.110113E-03,-5.646189E-09
1706001260
+2.136802E-03,-5.414442E-09
1706001266
+2.145135E-03,-5.890024E-09
1706001271
+2.079257E-03,-5.420693E-09
1706001276
+2.031727E-03,-5.962968E-09
1706001281
+2.122621E-03,-5.388181E-09
1706001287
+2.106778E-03,-5.529898E-09
1706001292
+2.105111E-03,-5.162269E-09
1706001297
+2.066749E-03,-5.343166E-09
1706001303
+2.157648E-03,-5.529066E-09
1706001308
+2.119288E-03,-5.714130E-09
1706001313
+2.075087E-03,-5.867933E-09
1706001318
+2.130133E-03,-5.902115E-09
1706001324
+2.214358E-03,-5.773735E-09
1706001329
+2.117620E-03,-5.374011E-09
1706001334
+2.138467E-03,-5.719548E-09
1706001340
+2.178495E-03,-5.481965E-09
1706001345
+2.131793E-03,-5.907947E-09
1706001350
+2.095938E-03,-5.687038E-09
1706001355
+2.217692E-03,-5.359840E-09
1706001361
+2.188501E-03,-5.737471E-09
1706001366
+2.093431E-03,-5.709960E-09
1706001371
+2.067588E-03,-5.548240E-09
1706001376
+2.163486E-03,-6.175960E-09
1706001382
+2.110952E-03,-6.133028E-09
1706001387
+2.138471E-03,-4.999713E-09
1706001392
+2.104277E-03,-5.029306E-09
1706001398
+2.121790E-03,-6.162205E-09
1706001403
+2.126797E-03,-5.635771E-09
1706001408
+2.071755E-03,-5.554075E-09
1706001413
+2.110110E-03,-5.598671E-09
1706001419
+2.171822E-03,-5.870850E-09
1706001424
+2.084264E-03,-5.983392E-09
1706001429
+2.094266E-03,-5.285644E-09
1706001435
+2.132633E-03,-6.006735E-09
1706001440
+2.069246E-03,-4.931769E-09
1706001445
+2.103436E-03,-6.116768E-09
1706001450
+2.115943E-03,-4.838820E-09
1706001456
+2.100103E-03,-5.517809E-09
1706001461
+2.160974E-03,-5.996725E-09
1706001466
+2.147634E-03,-6.180124E-09
1706001471
+2.145964E-03,-5.859177E-09
1706001477
+2.167649E-03,-5.655774E-09
1706001482
+2.137628E-03,-6.043826E-09
1706001487
+2.101772E-03,-6.388115E-09
1706001492
+2.103435E-03,-5.990890E-09
1706001498
+2.097595E-03,-5.045141E-09
1706001503
+2.100932E-03,-6.358519E-09
1706001508
+2.043387E-03,-6.427291E-09
1706001513
+2.204340E-03,-6.045076E-09
1706001519
+2.121780E-03,-5.813744E-09
1706001524
+2.167646E-03,-5.546984E-09
1706001529
+2.178490E-03,-6.437715E-09
1706001534
+2.201838E-03,-6.829101E-09
1706001540
+2.150132E-03,-5.444864E-09
1706001545
+2.195999E-03,-5.862928E-09
1706001550
+2.226853E-03,-5.989639E-09
1706001555
+2.198501E-03,-6.307668E-09
1706001561
+2.159306E-03,-5.657439E-09
1706001566
+2.071745E-03,-6.086757E-09
1706001571
+2.194337E-03,-6.210969E-09
1706001577
+2.156805E-03,-6.414788E-09
1706001582
+2.182660E-03,-6.825351E-09
1706001587
+2.234363E-03,-6.652790E-09
1706001592
+2.196002E-03,-5.613675E-09
1706001598
+2.168482E-03,-6.343514E-09
1706001603
+2.236863E-03,-5.628680E-09
1706001608
+2.125952E-03,-6.902877E-09
1706001614
+2.170149E-03,-6.228890E-09
1706001619
+2.218515E-03,-6.176371E-09
1706001624
+2.170980E-03,-6.493982E-09
1706001629
+2.230191E-03,-6.275157E-09
1706001634
+2.180151E-03,-5.915028E-09
1706001640
+2.200166E-03,-6.502318E-09
1706001645
+2.157637E-03,-6.450217E-09
1706001650
+2.228521E-03,-6.444798E-09
1706001656
+2.196830E-03,-6.158447E-09
1706001661
+2.190993E-03,-6.394363E-09
1706001666
+2.288559E-03,-6.314334E-09
1706001671
+2.193495E-03,-6.668626E-09
1706001677
+2.193494E-03,-6.851189E-09
1706001682
+2.246035E-03,-6.525244E-09
1706001687
+2.177648E-03,-6.670708E-09
1706001692
+2.154298E-03,-6.808674E-09
1706001698
+2.222680E-03,-7.048342E-09
1706001703
+2.190155E-03,-6.565254E-09
1706001708
+2.194323E-03,-7.378037E-09
1706001714
+2.245190E-03,-7.053340E-09
1706001719
+2.207666E-03,-6.787832E-09
1706001724
+2.200159E-03,-6.773659E-09
1706001729
+2.174309E-03,-6.887449E-09
1706001735
+2.207665E-03,-7.258829E-09
1706001740
+2.117601E-03,-6.652783E-09
1706001745
+2.125941E-03,-6.412700E-09
1706001751
+2.141783E-03,-6.179284E-09
1706001756
+2.095924E-03,-6.741150E-09
1706001761
+2.098424E-03,-6.526491E-09
1706001766
+2.089249E-03,-7.103775E-09
1706001772
+2.263540E-03,-6.263066E-09
1706001777
+2.217675E-03,-6.561086E-09
1706001782
+2.173478E-03,-6.477307E-09
1706001788
+2.222679E-03,-6.723227E-09
1706001793
+2.232688E-03,-7.210065E-09
1706001798
+2.145960E-03,-6.944972E-09
1706001803
+2.155965E-03,-6.657787E-09
1706001809
+2.095921E-03,-6.871194E-09
1706001814
+2.174311E-03,-7.611455E-09
1706001819
+2.249368E-03,-6.689050E-09
1706001824
+2.205163E-03,-6.904955E-09
1706001830
+2.206838E-03,-7.515173E-09
1706001835
+2.125940E-03,-6.997904E-09
1706001840
+2.153465E-03,-7.204230E-09
1706001846
+2.183486E-03,-6.930383E-09
1706001851
+2.200168E-03,-6.672378E-09
1706001856
+2.150957E-03,-6.245974E-09
1706001861
+2.202658E-03,-6.355594E-09
1706001867
+2.259369E-03,-7.350529E-09
1706001872
+2.249360E-03,-6.691130E-09
1706001877
+2.258535E-03,-6.601516E-09
1706001883
+2.216840E-03,-7.508918E-09
1706001888
+2.238517E-03,-6.849100E-09
1706001893
+2.205998E-03,-7.047506E-09
1706001898
+2.236855E-03,-6.563587E-09
1706001904
+2.247692E-03,-7.513917E-09
1706001909
+2.185983E-03,-6.842850E-09
1706001914
+2.155130E-03,-7.430974E-09
1706001920
+2.125105E-03,-7.025413E-09
1706001925
+2.140952E-03,-7.528924E-09
1706001930
+2.214337E-03,-6.908707E-09
1706001935
+2.202658E-03,-7.264245E-09
1706001941
+2.226840E-03,-7.000403E-09
1706001946
+2.195153E-03,-7.423468E-09
1706001951
+2.241851E-03,-7.630206E-09
1706001956
+2.261031E-03,-7.073344E-09
1706001961
+2.286049E-03,-7.041667E-09
1706001967
+2.321076E-03,-7.166295E-09
1706001972
+2.348590E-03,-7.244236E-09
1706001977
+2.210994E-03,-6.750731E-09
1706001982
+2.234343E-03,-6.969141E-09
1706001987
+2.269366E-03,-7.497658E-09
1706001993
+2.271032E-03,-7.398871E-09
1706001998
+2.272702E-03,-7.148786E-09
1706002003
+2.241845E-03,-7.461394E-09
1706002008
+2.260195E-03,-6.849098E-09
1706002014
+2.299385E-03,-6.645692E-09
1706002019
+2.190979E-03,-6.953301E-09
1706002024
+2.120932E-03,-6.976227E-09
1706002030
+2.281875E-03,-7.095434E-09
1706002035
+2.246025E-03,-7.070013E-09
1706002040
+2.198490E-03,-7.714404E-09
1706002045
+2.198485E-03,-7.720236E-09
1706002051
+2.163466E-03,-7.547679E-09
1706002056
+2.216836E-03,-7.227150E-09
1706002061
+2.274377E-03,-7.265914E-09
1706002067
+2.221002E-03,-7.769003E-09
1706002072
+2.210991E-03,-7.670634E-09
1706002077
+2.210160E-03,-6.779908E-09
1706002082
+2.220166E-03,-7.829024E-09
1706002088
+2.172630E-03,-7.107520E-09
1706002093
+2.206823E-03,-7.308842E-09
1706002098
+2.260195E-03,-8.042849E-09
1706002104
+2.336078E-03,-7.689390E-09
1706002109
+2.266866E-03,-6.717803E-09
1706002114
+2.237683E-03,-6.714470E-09
1706002119
+2.321905E-03,-7.042916E-09
1706002125
+2.301893E-03,-7.633957E-09
1706002130
+2.162626E-03,-7.348856E-09
1706002135
+2.196821E-03,-7.206308E-09
1706002140
+2.257693E-03,-7.077511E-09
1706002146
+2.171800E-03,-7.241736E-09
1706002151
+2.165965E-03,-7.625204E-09
1706002156
+2.206828E-03,-7.801933E-09
1706002161
+2.183477E-03,-7.840280E-09
1706002167
+2.128443E-03,-7.468903E-09
1706002172
+2.116763E-03,-7.645628E-09
1706002177
+2.208492E-03,-7.345105E-09
1706002182
+2.145116E-03,-8.059105E-09
1706002188
+2.194321E-03,-7.515168E-09
1706002193
+2.229347E-03,-7.290507E-09
1706002198
+2.230178E-03,-7.156292E-09
1706002203
+2.231011E-03,-7.304259E-09
1706002209
+2.165966E-03,-8.179149E-09
1706002214
+2.162630E-03,-7.805268E-09
1706002219
+2.185979E-03,-7.608116E-09
1706002224
+2.201819E-03,-7.509745E-09
1706002230
+2.241849E-03,-7.350106E-09
1706002235
+2.238513E-03,-7.692726E-09
1706002240
+2.110086E-03,-7.388868E-09
1706002246
+2.160955E-03,-7.147117E-09
1706002251
+2.095908E-03,-7.633536E-09
1706002256
+2.169297E-03,-7.822771E-09
1706002261
+2.223498E-03,-7.879039E-09
1706002267
+2.133435E-03,-7.718983E-09
1706002272
+2.293551E-03,-8.185815E-09
1706002277
+2.167626E-03,-8.133711E-09
1706002283
+2.302723E-03,-7.438470E-09
1706002288
+2.268530E-03,-7.779421E-09
1706002293
+2.226833E-03,-8.548855E-09
1706002298
+2.265197E-03,-7.808183E-09
1706002303
+2.181800E-03,-8.082441E-09
1706002309
+2.200982E-03,-6.999982E-09
1706002314
+2.189308E-03,-8.028675E-09
1706002319
+2.195148E-03,-7.542256E-09
1706002324
+2.276869E-03,-8.080359E-09
1706002330
+2.237676E-03,-7.954899E-09
1706002335
+2.295221E-03,-7.791511E-09
1706002340
+2.297726E-03,-7.714821E-09
1706002345
+2.328577E-03,-8.518849E-09
1706002350
+2.355260E-03,-8.247085E-09
1706002356
+2.260196E-03,-8.591790E-09
1706002361
+2.238516E-03,-7.949485E-09
1706002366
+2.313567E-03,-8.589290E-09
1706002371
+2.292715E-03,-8.368794E-09
1706002377
+2.297720E-03,-8.158721E-09
1706002382
+2.236842E-03,-8.460909E-09
1706002387
+2.247681E-03,-7.980323E-09
1706002392
+2.200983E-03,-7.818601E-09
1706002398
+2.218499E-03,-8.940245E-09
1706002403
+2.248518E-03,-8.686822E-09
1706002408
+2.239340E-03,-8.581782E-09
1706002414
+2.284379E-03,-8.699328E-09
1706002419
+2.317732E-03,-8.508426E-09
1706002424
+2.296882E-03,-8.199984E-09
1706002429
+2.256854E-03,-8.566778E-09
1706002434
+2.207653E-03,-8.609709E-09
1706002439
+2.183469E-03,-8.537184E-09
1706002445
+2.244348E-03,-8.017838E-09
1706002450
+2.207653E-03,-8.569696E-09
1706002455
+2.211827E-03,-8.067857E-09
1706002461
+2.196812E-03,-8.504673E-09
1706002466
+2.205988E-03,-8.508427E-09
1706002471
+2.184307E-03,-8.771853E-09
1706002476
+2.126765E-03,-8.658477E-09
1706002481
+2.060883E-03,-8.831869E-09
1706002486
+2.113424E-03,-8.949830E-09
1706002492
+2.148447E-03,-8.943577E-09
1706002497
+2.168461E-03,-8.486335E-09
1706002502
+2.206820E-03,-9.360806E-09
1706002507
+2.241845E-03,-9.026940E-09
1706002513
+2.204320E-03,-7.826939E-09
1706002518
+2.249353E-03,-8.782689E-09
1706002523
+2.146786E-03,-8.812703E-09
1706002528
+2.185144E-03,-8.580955E-09
1706002533
+2.270202E-03,-8.673486E-09
1706002539
+2.277703E-03,-8.691406E-09
1706002544
+2.185141E-03,-8.139131E-09
1706002549
+2.217665E-03,-8.583871E-09
1706002555
+2.197650E-03,-8.882725E-09
1706002560
+2.214327E-03,-9.344134E-09
1706002565
+2.155124E-03,-8.762686E-09
1706002570
+2.170960E-03,-8.822283E-09
1706002576
+2.153450E-03,-8.861466E-09
1706002581
+2.151784E-03,-8.577201E-09
1706002586
+2.152622E-03,-8.697663E-09
1706002592
+2.206821E-03,-8.799777E-09
1706002597
+2.152618E-03,-8.405475E-09
1706002602
+2.190978E-03,-9.228262E-09
1706002607
+2.167628E-03,-8.674735E-09
1706002613
+2.205985E-03,-8.804777E-09
1706002618
+2.240177E-03,-8.554692E-09
1706002623
+2.184301E-03,-9.148646E-09
1706002628
+2.287708E-03,-9.049028E-09
1706002634
+2.185139E-03,-9.539201E-09
1706002639
+2.135102E-03,-8.646388E-09
1706002644
+2.207653E-03,-8.700574E-09
1706002649
+2.200980E-03,-9.245763E-09
1706002654
+2.243510E-03,-9.392064E-09
1706002660
+2.291042E-03,-9.086540E-09
1706002665
+2.231000E-03,-9.002761E-09
1706002670
+2.258520E-03,-8.605123E-09
1706002675
+2.310224E-03,-9.155316E-09
1706002681
+2.264356E-03,-8.995258E-09
1706002686
+2.243507E-03,-9.555035E-09
1706002691
+2.249345E-03,-9.437912E-09
1706002697
+2.215159E-03,-9.151149E-09
1706002702
+2.231832E-03,-8.896055E-09
1706002707
+2.222658E-03,-9.269518E-09
1706002712
+2.261854E-03,-9.016098E-09
1706002718
+2.336075E-03,-9.091960E-09
1706002723
+2.287709E-03,-8.764347E-09
1706002728
+2.235170E-03,-8.992341E-09
1706002734
+2.126764E-03,-8.755177E-09
1706002739
+2.163454E-03,-9.418323E-09
1706002744
+2.184304E-03,-9.222424E-09
1706002749
+2.173458E-03,-9.740934E-09
1706002755
+2.197646E-03,-8.603874E-09
1706002760
+2.334405E-03,-8.793521E-09
1706002765
+2.222659E-03,-9.175736E-09
1706002770
+2.285206E-03,-8.228326E-09
1706002776
+2.280201E-03,-9.022767E-09
1706002781
+2.311890E-03,-9.015266E-09
1706002786
+2.246841E-03,-9.010678E-09
1706002792
+2.290207E-03,-8.713910E-09
1706002797
+2.279369E-03,-9.013182E-09
1706002802
+2.207650E-03,-9.500852E-09
1706002807
+2.177629E-03,-9.115717E-09
1706002812
+2.255182E-03,-9.100294E-09
1706002818
+2.307718E-03,-8.845204E-09
1706002823
+2.215987E-03,-9.487928E-09
1706002828
+2.248508E-03,-9.542111E-09
1706002834
+2.195136E-03,-9.198658E-09
1706002839
+2.216823E-03,-9.876816E-09
1706002844
+2.199312E-03,-8.882719E-09
1706002849
+2.262690E-03,-9.755941E-09
1706002854
+2.255179E-03,-8.766425E-09
1706002860
+2.300214E-03,-8.867713E-09
1706002865
+2.383606E-03,-9.183657E-09
1706002870
+2.263520E-03,-9.330789E-09
1706002876
+2.273526E-03,-9.259097E-09
1706002881
+2.312721E-03,-9.326205E-09
1706002886
+2.286869E-03,-9.434992E-09
1706002891
+2.216819E-03,-9.502514E-09
1706002896
+2.130091E-03,-1.014274E-08
1706002901
+2.195141E-03,-8.964414E-09
1706002907
+2.208480E-03,-9.451664E-09
1706002912
+2.227658E-03,-9.855552E-09
1706002917
+2.268524E-03,-1.040408E-08
1706002922
+2.185965E-03,-9.677160E-09
1706002927
+2.160947E-03,-9.580460E-09
1706002933
+2.187634E-03,-1.023777E-08
1706002938
+2.183465E-03,-1.078046E-08
1706002943
+2.190134E-03,-9.657569E-09
1706002948
+2.227664E-03,-9.184074E-09
1706002954
+2.266853E-03,-9.444578E-09
1706002959
+2.335235E-03,-9.941001E-09
1706002964
+2.399444E-03,-9.685492E-09
1706002970
+2.232665E-03,-9.474590E-09
1706002975
+2.243506E-03,-1.028195E-08
1706002980
+2.251013E-03,-1.012565E-08
1706002985
+2.298543E-03,-9.794699E-09
1706002991
+2.321894E-03,-9.264516E-09
1706002996
+2.307716E-03,-9.557534E-09
1706003001
+2.327731E-03,-9.858890E-09
1706003007
+2.201809E-03,-9.761772E-09
1706003012
+2.281866E-03,-9.418320E-09
1706003017
+2.167617E-03,-9.695914E-09
1706003022
+2.225991E-03,-1.021651E-08
1706003027
+2.261850E-03,-1.013732E-08
1706003033
+2.267687E-03,-9.663403E-09
1706003038
+2.201807E-03,-9.733011E-09
1706003043
+2.288536E-03,-1.039199E-08
1706003049
+2.266850E-03,-1.038073E-08
1706003054
+2.277695E-03,-1.041575E-08
1706003059
+2.251845E-03,-1.074211E-08
1706003064
+2.223487E-03,-1.068542E-08
1706003070
+2.205981E-03,-1.048411E-08
1706003075
+2.170121E-03,-1.043159E-08
1706003080
+2.230159E-03,-1.021859E-08
1706003085
+2.195968E-03,-1.016899E-08
1706003091
+2.267689E-03,-9.372471E-09
1706003096
+2.292703E-03,-1.078546E-08
1706003101
+2.352748E-03,-9.288691E-09
1706003106
+2.269352E-03,-9.612133E-09
1706003112
+2.321053E-03,-9.315779E-09
1706003117
+2.342735E-03,-9.687992E-09
1706003122
+2.334397E-03,-9.428319E-09
1706003127
+2.242664E-03,-9.636723E-09
1706003132
+2.281864E-03,-1.011981E-08
1706003138
+2.215149E-03,-9.816373E-09
1706003143
+2.264349E-03,-9.898900E-09
1706003148
+2.295199E-03,-1.018274E-08
1706003154
+2.349410E-03,-1.042117E-08
1706003159
+2.306876E-03,-9.622135E-09
1706003164
+2.234327E-03,-1.007063E-08
1706003169
+2.223486E-03,-1.029029E-08
1706003174
+2.233496E-03,-9.688412E-09
1706003179
+2.311882E-03,-1.001519E-08
1706003185
+2.286866E-03,-9.840131E-09
1706003190
+2.274357E-03,-9.973510E-09
1706003195
+2.291868E-03,-1.008938E-08
1706003201
+2.180126E-03,-1.094510E-08
1706003206
+2.283531E-03,-1.016608E-08
1706003211
+2.216820E-03,-1.036198E-08
1706003216
+2.323563E-03,-1.016108E-08
1706003221
+2.188469E-03,-9.908492E-09
1706003227
+2.198474E-03,-1.094510E-08
1706003232
+2.275199E-03,-1.040992E-08
1706003237
+2.262686E-03,-1.033697E-08
1706003243
+2.232666E-03,-1.105264E-08
1706003248
+2.234334E-03,-1.087841E-08
1706003253
+2.282702E-03,-1.079964E-08
1706003258
+2.220157E-03,-1.102763E-08
1706003264
+2.232664E-03,-1.039116E-08
1706003269
+2.266023E-03,-1.023110E-08
1706003274
+2.306882E-03,-9.999771E-09
1706003280
+2.166784E-03,-1.078379E-08
1706003285
+2.189301E-03,-1.082047E-08
1706003290
+2.200977E-03,-1.114934E-08
1706003295
+2.248510E-03,-1.029279E-08
1706003300
+2.276029E-03,-1.026320E-08
1706003305
+2.342738E-03,-1.045118E-08
1706003311
+2.348579E-03,-1.076295E-08
1706003316
+2.278529E-03,-1.070293E-08
1706003321
+2.329398E-03,-1.042659E-08
1706003327
+2.361086E-03,-1.032405E-08
1706003332
+2.377766E-03,-1.012648E-08
1706003337
+2.282698E-03,-1.006021E-08
1706003342
+2.211813E-03,-1.040033E-08
1706003347
+2.237665E-03,-1.012565E-08
1706003353
+2.313551E-03,-1.015024E-08
1706003358
+2.349410E-03,-1.118643E-08
1706003363
+2.330229E-03,-1.073836E-08
1706003368
+2.224321E-03,-1.041533E-08
1706003374
+2.266851E-03,-1.100262E-08
1706003379
+2.274355E-03,-1.032613E-08
1706003384
+2.338569E-03,-1.082589E-08
1706003389
+2.390272E-03,-1.052954E-08
1706003395
+2.320222E-03,-1.039699E-08
1706003400
+2.326890E-03,-1.012231E-08
1706003405
+2.303544E-03,-1.103971E-08
1706003411
+2.225991E-03,-1.123187E-08
1706003416
+2.289367E-03,-1.083214E-08
1706003421
+2.243497E-03,-1.035280E-08
1706003426
+2.322723E-03,-1.067167E-08
1706003431
+2.229326E-03,-1.094510E-08
1706003437
+2.236001E-03,-1.039283E-08
1706003442
+2.279364E-03,-1.080589E-08
1706003447
+2.293540E-03,-1.058914E-08
1706003452
+2.206814E-03,-1.098261E-08
1706003457
+2.156778E-03,-1.131982E-08
1706003463
+2.226826E-03,-1.136941E-08
1706003468
+2.259346E-03,-1.095969E-08
1706003473
+2.229329E-03,-1.082548E-08
1706003478
+2.244339E-03,-1.147278E-08
1706003484
+2.315221E-03,-1.140109E-08
1706003489
+2.225993E-03,-1.017358E-08
1706003494
+2.253512E-03,-1.062749E-08
1706003500
+2.283528E-03,-1.082839E-08
1706003505
+2.282697E-03,-1.022818E-08
1706003510
+2.252678E-03,-1.094927E-08
1706003515
+2.305216E-03,-1.090300E-08
1706003521
+2.351917E-03,-1.033656E-08
1706003526
+2.256015E-03,-1.117768E-08
1706003531
+2.264355E-03,-1.038324E-08
1706003536
+2.291042E-03,-1.147112E-08
1706003542
+2.310225E-03,-1.086383E-08
1706003547
+2.161782E-03,-1.119894E-08
1706003552
+2.199305E-03,-1.048035E-08
1706003558
+2.215152E-03,-1.064917E-08
1706003563
+2.193469E-03,-1.057247E-08
1706003568
+2.225159E-03,-1.048786E-08
1706003573
+2.264351E-03,-1.092301E-08
1706003579
+2.263520E-03,-1.068084E-08
1706003584
+2.262686E-03,-1.090134E-08
1706003589
+2.237666E-03,-1.049203E-08
1706003594
+2.220149E-03,-1.092509E-08
1706003600
+2.254341E-03,-1.126146E-08
1706003605
+2.286030E-03,-1.117601E-08
1706003610
+2.266015E-03,-1.049452E-08
1706003615
+2.319389E-03,-1.115309E-08
1706003620
+2.375258E-03,-1.127854E-08
1706003625
+2.298540E-03,-1.080171E-08
1706003631
+2.265177E-03,-1.072585E-08
1706003636
+2.355242E-03,-1.153238E-08
1706003641
+2.278523E-03,-1.125103E-08
1706003646
+2.321884E-03,-1.046868E-08
1706003652
+2.242666E-03,-1.031779E-08
1706003657
+2.229319E-03,-1.035447E-08
1706003662
+2.233488E-03,-1.099052E-08
1706003667
+2.210141E-03,-1.154864E-08
1706003673
+2.304372E-03,-1.190334E-08
1706003678
+2.321885E-03,-1.097260E-08
1706003683
+2.291863E-03,-1.112099E-08
1706003689
+2.343568E-03,-1.159740E-08
1706003694
+2.210142E-03,-1.114308E-08
1706003699
+2.243500E-03,-1.182290E-08
1706003704
+2.266844E-03,-1.123269E-08
1706003710
+2.229322E-03,-1.107514E-08
1706003715
+2.233487E-03,-1.153113E-08
1706003720
+2.249339E-03,-1.043200E-08
1706003725
+2.228489E-03,-1.116309E-08
1706003731
+2.325224E-03,-1.176121E-08
1706003736
+2.243498E-03,-1.186500E-08
1706003741
+2.298538E-03,-1.157740E-08
1706003746
+2.247666E-03,-1.192793E-08
1706003751
+2.167609E-03,-1.175037E-08
1706003756
+2.238495E-03,-1.191585E-08
1706003762
+2.271014E-03,-1.250897E-08
1706003767
+2.281024E-03,-1.129897E-08
1706003772
+2.284358E-03,-1.165742E-08
1706003777
+2.393603E-03,-1.095927E-08
1706003783
+2.361084E-03,-1.157323E-08
1706003788
+2.404442E-03,-1.137857E-08
1706003793
+2.349407E-03,-1.135524E-08
1706003799
+2.400276E-03,-1.107389E-08
1706003804
+2.378595E-03,-1.144694E-08
1706003809
+2.325226E-03,-1.073127E-08
1706003814
+2.290198E-03,-1.113224E-08
1706003819
+2.273517E-03,-1.203589E-08
1706003825
+2.264349E-03,-1.187209E-08
1706003830
+2.327726E-03,-1.079588E-08
1706003835
+2.233490E-03,-1.060289E-08
1706003841
+2.311045E-03,-1.186541E-08
1706003846
+2.312713E-03,-1.181498E-08
1706003851
+2.340230E-03,-1.146861E-08
1706003856
+2.344401E-03,-1.177997E-08
1706003861
+2.321882E-03,-1.150320E-08
1706003867
+2.319382E-03,-1.132897E-08
1706003872
+2.263509E-03,-1.170077E-08
1706003877
+2.312711E-03,-1.181289E-08
1706003882
+2.312711E-03,-1.161532E-08
1706003887
+2.240996E-03,-1.190084E-08
1706003893
+2.226820E-03,-1.186708E-08
1706003898
+2.351069E-03,-1.172870E-08
1706003903
+2.243494E-03,-1.198504E-08
1706003908
+2.289355E-03,-1.192918E-08
1706003913
+2.258507E-03,-1.145027E-08
1706003919
+2.301039E-03,-1.236100E-08
1706003924
+2.259344E-03,-1.189334E-08
1706003929
+2.374424E-03,-1.160157E-08
1706003935
+2.273521E-03,-1.159199E-08
1706003940
+2.232660E-03,-1.177789E-08
1706003945
+2.210146E-03,-1.158907E-08
1706003950
+2.266017E-03,-1.134940E-08
1706003956
+2.327725E-03,-1.228264E-08
1706003961
+2.351907E-03,-1.194836E-08
1706003966
+2.295202E-03,-1.167118E-08
1706003972
+2.313550E-03,-1.155489E-08
1706003977
+2.264348E-03,-1.175204E-08
1706003982
+2.313549E-03,-1.200796E-08
1706003987
+2.261846E-03,-1.198837E-08
1706003993
+2.318551E-03,-1.222346E-08
1706003998
+2.271021E-03,-1.195962E-08
1706004003
+2.396110E-03,-1.203631E-08
1706004009
+2.347740E-03,-1.213926E-08
1706004014
+2.309379E-03,-1.164159E-08
1706004019
+2.246004E-03,-1.170828E-08
1706004024
+2.320223E-03,-1.242561E-08
1706004029
+2.311050E-03,-1.140567E-08
1706004034
+2.326893E-03,-1.202797E-08
1706004040
+2.271854E-03,-1.248480E-08
1706004045
+2.299374E-03,-1.285701E-08
1706004050
+2.310216E-03,-1.179539E-08
1706004055
+2.274356E-03,-1.210425E-08
1706004061
+2.310214E-03,-1.255941E-08
1706004066
+2.301873E-03,-1.212425E-08
1706004071
+2.314384E-03,-1.285076E-08
1706004076
+2.296041E-03,-1.173913E-08
1706004081
+2.204308E-03,-1.187625E-08
1706004086
+2.263512E-03,-1.158532E-08
1706004091
+2.145100E-03,-1.167702E-08
1706004097
+2.225157E-03,-1.215844E-08
1706004102
+2.292705E-03,-1.208550E-08
1706004107
+2.252676E-03,-1.258192E-08
1706004112
+2.304377E-03,-1.245437E-08
1706004118
+2.271853E-03,-1.210883E-08
1706004123
+2.271851E-03,-1.179080E-08
1706004128
+2.357744E-03,-1.186124E-08
1706004133
+2.389432E-03,-1.208966E-08
1706004139
+2.261844E-03,-1.226764E-08
1706004144
+2.242666E-03,-1.257024E-08
1706004149
+2.199302E-03,-1.287327E-08
1706004155
+2.192631E-03,-1.289119E-08
1706004160
+2.175118E-03,-1.243853E-08
1706004165
+2.274357E-03,-1.263944E-08
1706004170
+2.263512E-03,-1.254732E-08
1706004176
+2.241000E-03,-1.199046E-08
1706004181
+2.399446E-03,-1.188001E-08
1706004186
+2.310210E-03,-1.235475E-08
1706004191
+2.302710E-03,-1.153614E-08
1706004197
+2.348571E-03,-1.297663E-08
1706004202
+2.351072E-03,-1.216635E-08
1706004207
+2.375252E-03,-1.249396E-08
1706004212
+2.317719E-03,-1.249188E-08
1706004217
+2.326053E-03,-1.250688E-08
1706004222
+2.344404E-03,-1.282075E-08
1706004228
+2.281021E-03,-1.241643E-08
1706004233
+2.350238E-03,-1.303457E-08
1706004238
+2.331057E-03,-1.316961E-08
1706004244
+2.357747E-03,-1.221012E-08
1706004249
+2.381928E-03,-1.307000E-08
1706004254
+2.286860E-03,-1.280741E-08
1706004259
+2.346071E-03,-1.237267E-08
1706004265
+2.296035E-03,-1.272446E-08
1706004270
+2.353577E-03,-1.267320E-08
1706004275
+2.316049E-03,-1.296288E-08
1706004280
+2.346068E-03,-1.292786E-08
1706004286
+2.405278E-03,-1.301415E-08
1706004291
+2.219312E-03,-1.252689E-08
1706004296
+2.187621E-03,-1.264943E-08
1706004301
+2.282694E-03,-1.281491E-08
1706004306
+2.286861E-03,-1.266694E-08
1706004311
+2.296037E-03,-1.231474E-08
1706004316
+2.254342E-03,-1.296455E-08
1706004322
+2.239331E-03,-1.219095E-08
1706004327
+2.281859E-03,-1.284784E-08
1706004332
+2.110068E-03,-1.284950E-08
1706004338
+2.115069E-03,-1.297454E-08
1706004343
+2.190129E-03,-1.336510E-08
1706004348
+2.199299E-03,-1.310959E-08
1706004353
+2.234323E-03,-1.270654E-08
1706004358
+2.266848E-03,-1.317170E-08
1706004364
+2.145925E-03,-1.333509E-08
1706004369
+2.192627E-03,-1.276447E-08
1706004374
+2.178450E-03,-1.302832E-08
1706004380
+2.256006E-03,-1.334093E-08
1706004385
+2.238490E-03,-1.321129E-08
1706004390
+2.237660E-03,-1.294204E-08
1706004395
+2.204302E-03,-1.321922E-08
1706004401
+2.282692E-03,-1.322922E-08
1706004406
+2.296865E-03,-1.356350E-08
1706004411
+2.320217E-03,-1.345138E-08
1706004416
+2.263508E-03,-1.396530E-08
1706004422
+2.331056E-03,-1.359726E-08
1706004427
+2.314375E-03,-1.336384E-08
1706004432
+2.361078E-03,-1.267361E-08
1706004437
+2.220983E-03,-1.307125E-08
1706004443
+2.363581E-03,-1.298038E-08
1706004448
+2.282688E-03,-1.325381E-08
1706004453
+2.268512E-03,-1.320296E-08
1706004458
+2.263510E-03,-1.352265E-08
1706004463
+2.329387E-03,-1.354808E-08
1706004469
+2.319380E-03,-1.376440E-08
1706004474
+2.235991E-03,-1.389153E-08
1706004479
+2.217643E-03,-1.372355E-08
1706004484
+2.229318E-03,-1.348055E-08
1706004489
+2.304367E-03,-1.350598E-08
1706004494
+2.271007E-03,-1.361101E-08
1706004499
+2.303533E-03,-1.357975E-08
1706004505
+2.295199E-03,-1.335384E-08
1706004510
+2.383588E-03,-1.353223E-08
1706004515
+2.341892E-03,-1.320045E-08
1706004521
+2.329387E-03,-1.316711E-08
1706004526
+2.305203E-03,-1.348930E-08
1706004531
+2.309374E-03,-1.348389E-08
1706004536
+2.371920E-03,-1.358267E-08
1706004542
+2.301038E-03,-1.313085E-08
1706004547
+2.343566E-03,-1.376274E-08
1706004552
+2.267680E-03,-1.386194E-08
1706004557
+2.267676E-03,-1.339677E-08
1706004563
+2.289359E-03,-1.403408E-08
1706004568
+2.296868E-03,-1.433919E-08
1706004573
+2.296033E-03,-1.404783E-08
1706004578
+2.160101E-03,-1.354724E-08
1706004583
+2.211808E-03,-1.387194E-08
1706004589
+2.146761E-03,-1.337760E-08
1706004594
+2.264340E-03,-1.409868E-08
1706004599
+2.240992E-03,-1.448882E-08
1706004604
+2.281021E-03,-1.442130E-08
1706004610
+2.300206E-03,-1.392488E-08
1706004615
+2.307706E-03,-1.347222E-08
1706004620
+2.251835E-03,-1.454801E-08
1706004626
+2.300201E-03,-1.428292E-08
1706004631
+2.371919E-03,-1.380734E-08
1706004636
+2.397766E-03,-1.405158E-08
1706004641
+2.318546E-03,-1.430626E-08
1706004647
+2.325221E-03,-1.386444E-08
1706004652
+2.309377E-03,-1.449424E-08
1706004657
+2.307708E-03,-1.413870E-08
1706004662
+2.347740E-03,-1.381151E-08
1706004668
+2.332731E-03,-1.385486E-08
1706004673
+2.353579E-03,-1.289994E-08
1706004678
+2.346903E-03,-1.401116E-08
1706004683
+2.346073E-03,-1.403826E-08
1706004688
+2.307710E-03,-1.410744E-08
1706004694
+2.351905E-03,-1.384860E-08
1706004699
+2.296029E-03,-1.388027E-08
1706004704
+2.311875E-03,-1.358726E-08
1706004710
+2.355239E-03,-1.396280E-08
1706004715
+2.314377E-03,-1.351932E-08
1706004720
+2.356076E-03,-1.419872E-08
1706004725
+2.356905E-03,-1.445130E-08
1706004731
+2.366913E-03,-1.404491E-08
1706004736
+2.311039E-03,-1.418538E-08
1706004741
+2.262670E-03,-1.399656E-08
1706004747
+2.296026E-03,-1.439128E-08
1706004752
+2.302699E-03,-1.462636E-08
1706004757
+2.306868E-03,-1.388736E-08
1706004762
+2.342727E-03,-1.473390E-08
1706004768
+2.268507E-03,-1.405783E-08
1706004773
+2.279349E-03,-1.369729E-08
1706004778
+2.291028E-03,-1.455051E-08
1706004783
+2.306872E-03,-1.438128E-08
1706004788
+2.348565E-03,-1.444880E-08
1706004793
+2.327719E-03,-1.425832E-08
1706004799
+2.285190E-03,-1.449007E-08
1706004804
+2.223476E-03,-1.439045E-08
1706004809
+2.287690E-03,-1.422289E-08
1706004815
+2.263503E-03,-1.456551E-08
1706004820
+2.349398E-03,-1.477891E-08
1706004825
+2.269342E-03,-1.540580E-08
1706004830
+2.237651E-03,-1.430208E-08
1706004835
+2.236819E-03,-1.489229E-08
1706004840
+2.266007E-03,-1.455967E-08
1706004846
+2.323546E-03,-1.454633E-08
1706004851
+2.341059E-03,-1.390236E-08
1706004856
+2.308538E-03,-1.402366E-08
1706004862
+2.294357E-03,-1.469305E-08
1706004867
+2.328551E-03,-1.478600E-08
1706004872
+2.282686E-03,-1.558961E-08
1706004877
+2.281016E-03,-1.461552E-08
1706004882
+2.301861E-03,-1.417412E-08
1706004887
+2.305201E-03,-1.456092E-08
1706004893
+2.330216E-03,-1.482976E-08
1706004898
+2.320210E-03,-1.492396E-08
1706004903
+2.330218E-03,-1.446339E-08
1706004908
+2.377749E-03,-1.491938E-08
1706004914
+2.422783E-03,-1.494356E-08
1706004919
+2.340226E-03,-1.459010E-08
1706004924
+2.240987E-03,-1.461511E-08
1706004929
+2.286849E-03,-1.500065E-08
1706004935
+2.264337E-03,-1.506568E-08
1706004940
+2.316874E-03,-1.433626E-08
1706004945
+2.297695E-03,-1.471639E-08
1706004951
+2.345228E-03,-1.428083E-08
1706004956
+2.346064E-03,-1.421205E-08
1706004961
+2.267677E-03,-1.504734E-08
1706004966
+2.262671E-03,-1.452383E-08
1706004972
+2.262671E-03,-1.518322E-08
1706004977
+2.218468E-03,-1.529700E-08
1706004982
+2.224310E-03,-1.499899E-08
1706004988
+2.286020E-03,-1.497732E-08
1706004993
+2.228477E-03,-1.488103E-08
1706004998
+2.301868E-03,-1.554794E-08
1706005003
+2.268507E-03,-1.475474E-08
1706005008
+2.310208E-03,-1.500025E-08
1706005013
+2.318546E-03,-1.476058E-08
1706005019
+2.304370E-03,-1.447215E-08
1706005024
+2.329387E-03,-1.477392E-08
1706005029
+2.258503E-03,-1.420413E-08
1706005034
+2.288524E-03,-1.533328E-08
1706005040
+2.366915E-03,-1.447131E-08
1706005045
+2.326053E-03,-1.488354E-08
1706005050
+2.243489E-03,-1.590972E-08
1706005056
+2.271009E-03,-1.485978E-08
1706005061
+2.224310E-03,-1.515613E-08
1706005066
+2.325214E-03,-1.533953E-08
1706005071
+2.318543E-03,-1.536787E-08
1706005077
+2.327719E-03,-1.564797E-08
1706005082
+2.279348E-03,-1.526116E-08
1706005087
+2.283520E-03,-1.534661E-08
1706005092
+2.302696E-03,-1.497023E-08
1706005097
+2.292694E-03,-1.521032E-08
1706005103
+2.329384E-03,-1.549208E-08
1706005108
+2.269344E-03,-1.548833E-08
1706005113
+2.361074E-03,-1.520907E-08
1706005118
+2.264338E-03,-1.581011E-08
1706005124
+2.321877E-03,-1.566339E-08
1706005129
+2.245990E-03,-1.522282E-08
1706005134
+2.366076E-03,-1.545957E-08
1706005139
+2.314377E-03,-1.574050E-08
1706005144
+2.354402E-03,-1.516780E-08
1706005149
+2.312712E-03,-1.565256E-08
1706005155
+2.321883E-03,-1.436461E-08
1706005160
+2.325217E-03,-1.538371E-08
1706005165
+2.284355E-03,-1.496065E-08
1706005170
+2.243489E-03,-1.539454E-08
1706005175
+2.351064E-03,-1.575133E-08
1706005180
+2.289351E-03,-1.580510E-08
1706005186
+2.455302E-03,-1.561170E-08
1706005191
+2.424449E-03,-1.570215E-08
1706005196
+2.297692E-03,-1.563879E-08
1706005201
+2.250158E-03,-1.523949E-08
1706005207
+2.298529E-03,-1.515613E-08
1706005212
+2.331053E-03,-1.522365E-08
1706005217
+2.338556E-03,-1.550750E-08
1706005222
+2.267671E-03,-1.632653E-08
1706005227
+2.359401E-03,-1.545414E-08
1706005233
+2.332715E-03,-1.532952E-08
1706005238
+2.338557E-03,-1.480476E-08
1706005243
+2.369411E-03,-1.624734E-08
1706005248
+2.351898E-03,-1.607770E-08
1706005253
+2.368577E-03,-1.521323E-08
1706005259
+2.365247E-03,-1.569049E-08
1706005264
+2.342727E-03,-1.642073E-08
1706005269
+2.312702E-03,-1.520406E-08
1706005275
+2.285179E-03,-1.582052E-08
1706005280
+2.338549E-03,-1.509110E-08
1706005285
+2.418613E-03,-1.504943E-08
1706005290
+2.299364E-03,-1.552876E-08
1706005295
+2.351063E-03,-1.536120E-08
1706005300
+2.311039E-03,-1.546082E-08
1706005306
+2.356904E-03,-1.560629E-08
1706005311
+2.291860E-03,-1.628236E-08
1706005316
+2.267671E-03,-1.558919E-08
1706005321
+2.233482E-03,-1.515279E-08
1706005327
+2.299361E-03,-1.531743E-08
1706005332
+2.382752E-03,-1.579051E-08
1706005337
+2.321038E-03,-1.592264E-08
1706005342
+2.305197E-03,-1.590472E-08
1706005347
+2.256831E-03,-1.631861E-08
1706005353
+2.250159E-03,-1.604018E-08
1706005358
+2.255993E-03,-1.550749E-08
1706005363
+2.292688E-03,-1.642865E-08
1706005368
+2.347725E-03,-1.589930E-08
1706005374
+2.279350E-03,-1.594390E-08
1706005379
+2.306873E-03,-1.558420E-08
1706005384
+2.288528E-03,-1.588973E-08
1706005389
+2.361911E-03,-1.656621E-08
1706005394
+2.348567E-03,-1.608771E-08
1706005399
+2.346901E-03,-1.605186E-08
1706005405
+2.375252E-03,-1.611480E-08
1706005410
+2.353569E-03,-1.585929E-08
1706005415
+2.310202E-03,-1.549708E-08
1706005420
+2.366076E-03,-1.595432E-08
1706005426
+2.339388E-03,-1.607186E-08
1706005431
+2.304367E-03,-1.626777E-08
1706005436
+2.378583E-03,-1.601101E-08
1706005441
+2.247658E-03,-1.623608E-08
1706005446
+2.334392E-03,-1.620817E-08
1706005452
+2.292696E-03,-1.557378E-08
1706005457
+2.247660E-03,-1.586262E-08
1706005462
+2.260167E-03,-1.593431E-08
1706005468
+2.285191E-03,-1.599810E-08
1706005473
+2.338563E-03,-1.686089E-08
1706005478
+2.343562E-03,-1.655578E-08
1706005483
+2.261002E-03,-1.614856E-08
1706005488
+2.334387E-03,-1.613980E-08
1706005494
+2.377755E-03,-1.589097E-08
1706005499
+2.344394E-03,-1.631820E-08
1706005504
+2.310208E-03,-1.631487E-08
1706005509
+2.295193E-03,-1.693008E-08
1706005515
+2.250998E-03,-1.684339E-08
1706005520
+2.225979E-03,-1.659788E-08
1706005525
+2.315210E-03,-1.595808E-08
1706005530
+2.220970E-03,-1.635279E-08
1706005535
+2.349394E-03,-1.655411E-08
1706005541
+2.301862E-03,-1.601017E-08
1706005546
+2.366905E-03,-1.633570E-08
1706005551
+2.308535E-03,-1.581427E-08
1706005556
+2.269342E-03,-1.667290E-08
1706005561
+2.256833E-03,-1.641823E-08
1706005567
+2.245988E-03,-1.684754E-08
1706005572
+2.279342E-03,-1.614188E-08
1706005577
+2.336051E-03,-1.603226E-08
1706005582
+2.336885E-03,-1.644990E-08
1706005587
+2.312700E-03,-1.644657E-08
1706005592
+2.327715E-03,-1.685588E-08
1706005598
+2.336057E-03,-1.667499E-08
1706005603
+2.312702E-03,-1.648867E-08
1706005608
+2.316874E-03,-1.736064E-08
1706005614
+2.329386E-03,-1.622108E-08
1706005619
+2.266006E-03,-1.715849E-08
1706005624
+2.326883E-03,-1.669750E-08
1706005629
+2.365242E-03,-1.677461E-08
1706005634
+2.297696E-03,-1.641490E-08
1706005639
+2.330219E-03,-1.593307E-08
1706005645
+2.345232E-03,-1.690132E-08
1706005650
+2.353569E-03,-1.660121E-08
1706005655
+2.301863E-03,-1.766866E-08
1706005660
+2.334388E-03,-1.730812E-08
1706005665
+2.339392E-03,-1.746485E-08
1706005671
+2.238487E-03,-1.683963E-08
1706005676
+2.359404E-03,-1.707638E-08
1706005681
+2.353565E-03,-1.722476E-08
1706005686
+2.378582E-03,-1.603351E-08
1706005691
+2.325212E-03,-1.690590E-08
1706005696
+2.372745E-03,-1.729562E-08
1706005702
+2.354397E-03,-1.657120E-08
1706005707
+2.327716E-03,-1.680253E-08
1706005712
+2.266003E-03,-1.641406E-08
1706005718
+2.301031E-03,-1.713557E-08
1706005723
+2.355238E-03,-1.664040E-08
1706005728
+2.323552E-03,-1.682213E-08
1706005733
+2.345226E-03,-1.778579E-08
1706005739
+2.404439E-03,-1.719100E-08
1706005744
+2.371918E-03,-1.715641E-08
1706005749
+2.386926E-03,-1.741775E-08
1706005755
+2.327715E-03,-1.688464E-08
1706005760
+2.388592E-03,-1.727603E-08
1706005765
+2.301035E-03,-1.742859E-08
1706005770
+2.297696E-03,-1.689632E-08
1706005775
+2.322715E-03,-1.703887E-08
1706005781
+2.309370E-03,-1.642490E-08
1706005786
+2.331891E-03,-1.696635E-08
1706005791
+2.340230E-03,-1.728396E-08
1706005796
+2.255168E-03,-1.692383E-08
1706005802
+2.316880E-03,-1.719017E-08
1706005807
+2.251834E-03,-1.673335E-08
1706005812
+2.286023E-03,-1.695926E-08
1706005817
+2.374419E-03,-1.657538E-08
1706005822
+2.341060E-03,-1.747944E-08
1706005827
+2.331888E-03,-1.688215E-08
1706005832
+2.383592E-03,-1.705804E-08
1706005837
+2.299365E-03,-1.685506E-08
1706005843
+2.339396E-03,-1.730438E-08
1706005848
+2.346065E-03,-1.710556E-08
1706005853
+2.267675E-03,-1.787582E-08
1706005859
+2.332718E-03,-1.755571E-08
1706005864
+2.297695E-03,-1.728770E-08
1706005869
+2.341063E-03,-1.697635E-08
1706005874
+2.338557E-03,-1.628986E-08
1706005880
+2.284348E-03,-1.782080E-08
1706005885
+2.282687E-03,-1.764450E-08
1706005890
+2.303532E-03,-1.743942E-08
1706005896
+2.339395E-03,-1.695051E-08
1706005901
+2.320205E-03,-1.713222E-08
1706005906
+2.328550E-03,-1.635321E-08
1706005911
+2.317707E-03,-1.684963E-08
1706005917
+2.355235E-03,-1.692049E-08
1706005922
+2.376083E-03,-1.680670E-08
1706005927
+2.334390E-03,-1.806756E-08
1706005932
+2.327716E-03,-1.737440E-08
1706005938
+2.269343E-03,-1.792084E-08
1706005943
+2.250164E-03,-1.710181E-08
1706005948
+2.202627E-03,-1.806172E-08
1706005953
+2.299365E-03,-1.821553E-08
1706005958
+2.266838E-03,-1.709138E-08
1706005964
+2.274347E-03,-1.769159E-08
1706005969
+2.292693E-03,-1.731021E-08
1706005974
+2.399435E-03,-1.698260E-08
1706005979
+2.316041E-03,-1.716974E-08
1706005985
+2.345231E-03,-1.767659E-08
1706005990
+2.366076E-03,-1.733730E-08
1706005995
+2.362739E-03,-1.700302E-08
1706006000
+2.321880E-03,-1.760073E-08
1706006006
+2.376918E-03,-1.767992E-08
1706006011
+2.321049E-03,-1.739024E-08
1706006016
+2.343561E-03,-1.730521E-08
1706006022
+2.332723E-03,-1.723727E-08
1706006027
+2.325215E-03,-1.711473E-08
1706006032
+2.301029E-03,-1.715390E-08
1706006037
+2.243493E-03,-1.718684E-08
1706006042
+2.226817E-03,-1.652328E-08
1706006048
+2.268511E-03,-1.741442E-08
1706006053
+2.281017E-03,-1.660747E-08
1706006058
+2.369415E-03,-1.721435E-08
1706006063
+2.382758E-03,-1.687923E-08
1706006068
+2.348564E-03,-1.730896E-08
1706006073
+2.286024E-03,-1.710473E-08
1706006079
+2.276851E-03,-1.724894E-08
1706006084
+2.354401E-03,-1.733647E-08
1706006089
+2.392765E-03,-1.739399E-08
1706006094
+2.271008E-03,-1.775286E-08
1706006100
+2.310204E-03,-1.720309E-08
1706006105
+2.416944E-03,-1.643282E-08
1706006110
+2.382757E-03,-1.776954E-08
1706006115
+2.313541E-03,-1.732396E-08
1706006121
+2.295193E-03,-1.722560E-08
1706006126
+2.275173E-03,-1.760530E-08
1706006131
+2.334386E-03,-1.809214E-08
1706006136
+2.368575E-03,-1.805213E-08
1706006142
+2.263498E-03,-1.776952E-08
1706006147
+2.260998E-03,-1.769283E-08
1706006152
+2.238484E-03,-1.774952E-08
1706006157
+2.239320E-03,-1.756029E-08
1706006163
+2.333557E-03,-1.779955E-08
1706006168
+2.346900E-03,-1.759490E-08
1706006173
+2.372749E-03,-1.783789E-08
1706006179
+2.371081E-03,-1.780913E-08
1706006184
+2.355234E-03,-1.742150E-08
1706006189
+2.314374E-03,-1.749736E-08
1706006194
+2.286023E-03,-1.691133E-08
1706006200
+2.342729E-03,-1.764366E-08
1706006205
+2.390255E-03,-1.792500E-08
1706006210
+2.294356E-03,-1.768950E-08
1706006216
+2.242653E-03,-1.806546E-08
1706006221
+2.289352E-03,-1.819301E-08
1706006226
+2.362739E-03,-1.759530E-08
1706006231
+2.356069E-03,-1.828805E-08
1706006237
+2.352732E-03,-1.796585E-08
1706006242
+2.452805E-03,-1.826346E-08
1706006247
+2.362739E-03,-1.803337E-08
1706006253
+2.388588E-03,-1.776286E-08
1706006258
+2.337717E-03,-1.727227E-08
1706006263
+2.204292E-03,-1.802503E-08
1706006268
+2.346896E-03,-1.744442E-08
1706006273
+2.348561E-03,-1.738273E-08
1706006278
+2.301862E-03,-1.833389E-08
1706006284
+2.216804E-03,-1.797335E-08
1706006289
+2.297692E-03,-1.749152E-08
1706006294
+2.341892E-03,-1.787957E-08
1706006300
+2.290187E-03,-1.863191E-08
1706006305
+2.324378E-03,-1.787999E-08
1706006310
+2.324380E-03,-1.779871E-08
1706006315
+2.292684E-03,-1.887657E-08
1706006320
+2.421947E-03,-1.782080E-08
1706006325
+2.386087E-03,-1.759739E-08
1706006331
+2.363573E-03,-1.893452E-08
1706006336
+2.290182E-03,-1.876195E-08
1706006341
+2.250159E-03,-1.852354E-08
1706006347
+2.336886E-03,-1.837307E-08
1706006352
+2.309369E-03,-1.820802E-08
1706006357
+2.308533E-03,-1.863775E-08
1706006362
+2.261002E-03,-1.862900E-08
1706006367
+2.195958E-03,-1.809757E-08
1706006372
+2.248488E-03,-1.823594E-08
1706006378
+2.257661E-03,-1.809422E-08
1706006383
+2.276013E-03,-1.912209E-08
1706006388
+2.279345E-03,-1.824970E-08
1706006394
+2.265166E-03,-1.892659E-08
1706006399
+2.294353E-03,-1.885282E-08
1706006404
+2.345225E-03,-1.930673E-08
1706006409
+2.406098E-03,-1.881530E-08
1706006415
+2.397759E-03,-1.895243E-08
1706006420
+2.466974E-03,-1.865608E-08
1706006425
+2.425279E-03,-1.861273E-08
1706006431
+2.390258E-03,-1.871861E-08
1706006436
+2.428623E-03,-1.861650E-08
1706006441
+2.342723E-03,-1.865442E-08
1706006446
+2.321877E-03,-1.894619E-08
1706006451
+2.296857E-03,-1.891784E-08
1706006457
+2.386088E-03,-1.890409E-08
1706006462
+2.350230E-03,-1.867151E-08
1706006467
+2.305198E-03,-1.823469E-08
1706006472
+2.325212E-03,-1.908874E-08
1706006478
+2.461974E-03,-1.871819E-08
1706006483
+2.386920E-03,-1.879863E-08
1706006488
+2.287681E-03,-1.865400E-08
1706006493
+2.360230E-03,-1.861731E-08
1706006498
+2.269335E-03,-1.850936E-08
1706006503
+2.307701E-03,-1.849645E-08
1706006508
+2.286852E-03,-1.861483E-08
1706006514
+2.323545E-03,-1.890868E-08
1706006519
+2.251821E-03,-1.876403E-08
1706006524
+2.192620E-03,-1.997363E-08
1706006530
+2.354397E-03,-1.895911E-08
1706006535
+2.425283E-03,-2.029249E-08
1706006540
+2.320207E-03,-1.899162E-08
1706006545
+2.337715E-03,-1.856563E-08
1706006550
+2.349396E-03,-1.947887E-08
1706006556
+2.329382E-03,-1.923337E-08
1706006561
+2.321872E-03,-1.995903E-08
1706006566
+2.444461E-03,-1.961683E-08
1706006571
+2.376914E-03,-1.940634E-08
1706006577
+2.296029E-03,-1.975022E-08
1706006582
+2.270173E-03,-1.905248E-08
1706006587
+2.231812E-03,-1.878863E-08
1706006592
+2.280179E-03,-1.945595E-08
1706006598
+2.291851E-03,-1.978355E-08
1706006603
+2.255162E-03,-1.998738E-08
1706006608
+2.295187E-03,-1.924837E-08
1706006613
+2.323540E-03,-1.988359E-08
1706006619
+2.360235E-03,-1.939217E-08
1706006624
+2.347724E-03,-1.989651E-08
1706006629
+2.457806E-03,-1.957266E-08
1706006634
+2.391920E-03,-2.001988E-08
1706006640
+2.283514E-03,-1.989568E-08
1706006645
+2.344388E-03,-1.985316E-08
1706006650
+2.285184E-03,-1.958058E-08
1706006655
+2.281845E-03,-2.001572E-08
1706006661
+2.392757E-03,-2.019620E-08
1706006666
+2.336055E-03,-2.004532E-08
1706006671
+2.297695E-03,-1.982275E-08
1706006677
+2.317708E-03,-1.947971E-08
1706006682
+2.351064E-03,-1.897537E-08
1706006687
+2.370238E-03,-1.937883E-08
1706006692
+2.320208E-03,-1.962059E-08
1706006698
+2.312700E-03,-1.973854E-08
1706006703
+2.311039E-03,-2.014744E-08
1706006708
+2.336886E-03,-1.984692E-08
1706006714
+2.338560E-03,-1.941303E-08
1706006719
+2.280183E-03,-2.013244E-08
1706006724
+2.337722E-03,-1.940260E-08
1706006729
+2.406103E-03,-1.978273E-08
1706006735
+2.395260E-03,-1.994070E-08
1706006740
+2.301028E-03,-2.022913E-08
1706006745
+2.239320E-03,-1.978190E-08
1706006751
+2.247660E-03,-1.973272E-08
1706006756
+2.360240E-03,-1.924922E-08
1706006761
+2.351068E-03,-2.076058E-08
1706006766
+2.383587E-03,-1.983983E-08
1706006772
+2.353563E-03,-1.989443E-08
1706006777
+2.386923E-03,-1.989860E-08
1706006782
+2.306029E-03,-2.017244E-08
1706006787
+2.249329E-03,-1.978857E-08
1706006792
+2.323546E-03,-1.983775E-08
1706006797
+2.305202E-03,-1.973772E-08
1706006803
+2.261004E-03,-2.027457E-08
1706006808
+2.294359E-03,-1.963810E-08
1706006813
+2.366907E-03,-2.013368E-08
1706006818
+2.371078E-03,-2.027207E-08
1706006823
+2.421950E-03,-2.057592E-08
1706006828
+2.406102E-03,-1.992319E-08
1706006834
+2.374414E-03,-1.969687E-08
1706006839
+2.312701E-03,-2.006824E-08
1706006844
+2.343556E-03,-2.051381E-08
1706006849
+2.326877E-03,-2.039835E-08
1706006855
+2.301861E-03,-2.092229E-08
1706006860
+2.327712E-03,-1.990693E-08
1706006865
+2.231816E-03,-1.980149E-08
1706006870
+2.337723E-03,-2.089145E-08
1706006875
+2.311873E-03,-1.960392E-08
1706006881
+2.381919E-03,-2.050840E-08
1706006886
+2.366909E-03,-1.979773E-08
1706006891
+2.353563E-03,-1.991610E-08
1706006896
+2.310202E-03,-2.022496E-08
1706006902
+2.411938E-03,-2.004531E-08
1706006907
+2.374415E-03,-2.064887E-08
1706006912
+2.276013E-03,-2.094021E-08
1706006917
+2.293522E-03,-2.033417E-08
1706006922
+2.331882E-03,-2.067303E-08
1706006928
+2.354397E-03,-2.027123E-08
1706006933
+2.438626E-03,-2.032875E-08
1706006938
+2.301030E-03,-2.029624E-08
1706006943
+2.264338E-03,-2.063011E-08
1706006949
+2.324382E-03,-2.010451E-08
1706006954
+2.344393E-03,-2.055925E-08
1706006959
+2.364408E-03,-2.074515E-08
1706006964
+2.376915E-03,-2.119071E-08
1706006970
+2.210135E-03,-2.019871E-08
1706006975
+2.301869E-03,-1.988152E-08
1706006980
+2.325218E-03,-2.026999E-08
1706006985
+2.357737E-03,-2.056342E-08
1706006990
+2.250162E-03,-2.013035E-08
1706006996
+2.359406E-03,-2.090312E-08
1706007001
+2.393596E-03,-2.062344E-08
1706007006
+2.214307E-03,-2.074266E-08
1706007011
+2.280179E-03,-2.063302E-08
1706007017
+2.339387E-03,-2.052256E-08
1706007022
+2.304366E-03,-2.103817E-08
1706007027
+2.294360E-03,-2.083685E-08
1706007032
+2.367742E-03,-2.048255E-08
1706007038
+2.411940E-03,-2.161670E-08
1706007043
+2.388592E-03,-2.118947E-08
1706007048
+2.341058E-03,-2.172924E-08
1706007053
+2.308536E-03,-2.070180E-08
1706007058
+2.312703E-03,-2.244865E-08
1706007064
+2.271838E-03,-2.133159E-08
1706007069
+2.245989E-03,-2.157877E-08
1706007074
+2.325216E-03,-2.093272E-08
1706007079
+2.288522E-03,-2.163087E-08
1706007085
+2.383591E-03,-2.136954E-08
1706007090
+2.285188E-03,-2.159044E-08
1706007095
+2.288519E-03,-2.142871E-08
1706007100
+2.324373E-03,-2.144413E-08
1706007106
+2.201787E-03,-2.169588E-08
1706007111
+2.322703E-03,-2.198056E-08
1706007116
+2.331884E-03,-2.089853E-08
1706007122
+2.290192E-03,-2.137621E-08
1706007127
+2.321878E-03,-2.135453E-08
1706007132
+2.278516E-03,-2.165630E-08
1706007137
+2.287683E-03,-2.172423E-08
1706007143
+2.264332E-03,-2.119071E-08
1706007148
+2.230145E-03,-2.182010E-08
1706007153
+2.290183E-03,-2.138494E-08
1706007159
+2.228469E-03,-2.077639E-08
1706007164
+2.281846E-03,-2.160794E-08
1706007169
+2.285180E-03,-2.130825E-08
1706007174
+2.157591E-03,-2.169338E-08
1706007179
+2.236815E-03,-2.157960E-08
1706007185
+2.212627E-03,-2.184510E-08
1706007190
+2.318537E-03,-2.166921E-08
1706007195
+2.323540E-03,-2.163003E-08
1706007200
+2.306030E-03,-2.086893E-08
1706007206
+2.416106E-03,-2.170422E-08
1706007211
+2.378576E-03,-2.170046E-08
1706007216
+2.380243E-03,-2.153082E-08
1706007221
+2.266836E-03,-2.146747E-08
1706007226
+2.368574E-03,-2.091270E-08
1706007232
+2.392759E-03,-2.122656E-08
1706007237
+2.337718E-03,-2.087185E-08
1706007242
+2.371079E-03,-2.198891E-08
1706007248
+2.380250E-03,-2.155876E-08
1706007253
+2.400269E-03,-2.185470E-08
1706007258
+2.328550E-03,-2.262330E-08
1706007263
+2.373584E-03,-2.199475E-08
1706007269
+2.326885E-03,-2.158045E-08
1706007274
+2.298529E-03,-2.148749E-08
1706007279
+2.356904E-03,-2.212980E-08
1706007284
+2.291025E-03,-2.133577E-08
1706007289
+2.345229E-03,-2.206603E-08
1706007295
+2.355237E-03,-2.170507E-08
1706007300
+2.364407E-03,-2.276084E-08
1706007305
+2.388588E-03,-2.192513E-08
1706007311
+2.311871E-03,-2.169631E-08
1706007316
+2.299361E-03,-2.157335E-08
1706007321
+2.315208E-03,-2.173174E-08
1706007326
+2.375248E-03,-2.190638E-08
1706007332
+2.305198E-03,-2.238238E-08
1706007337
+2.326886E-03,-2.202268E-08
1706007342
+2.256001E-03,-2.199767E-08
1706007348
+2.299366E-03,-2.158670E-08
1706007353
+2.281015E-03,-2.188971E-08
1706007358
+2.219307E-03,-2.272375E-08
1706007363
+2.297694E-03,-2.246491E-08
1706007368
+2.284353E-03,-2.235696E-08
1706007373
+2.299364E-03,-2.242490E-08
1706007378
+2.316038E-03,-2.210311E-08
1706007384
+2.356065E-03,-2.189470E-08
1706007389
+2.331052E-03,-2.265039E-08
1706007394
+2.323547E-03,-2.084769E-08
1706007399
+2.300191E-03,-2.168713E-08
1706007404
+2.286852E-03,-2.215021E-08
1706007410
+2.341891E-03,-2.126324E-08
1706007415
+2.315208E-03,-2.253369E-08
1706007420
+2.361070E-03,-2.213229E-08
1706007425
+2.240985E-03,-2.250992E-08
1706007430
+2.275176E-03,-2.195640E-08
1706007436
+2.245157E-03,-2.220607E-08
1706007441
+2.246821E-03,-2.182426E-08
1706007446
+2.284345E-03,-2.171881E-08
1706007452
+2.263496E-03,-2.228983E-08
1706007457
+2.348563E-03,-2.225567E-08
1706007462
+2.293526E-03,-2.165088E-08
1706007467
+2.285187E-03,-2.118072E-08
1706007472
+2.227646E-03,-2.168047E-08
1706007478
+2.281849E-03,-2.209270E-08
1706007483
+2.319375E-03,-2.187554E-08
1706007488
+2.196786E-03,-2.163628E-08
1706007493
+2.274345E-03,-2.213396E-08
1706007498
+2.195121E-03,-2.207186E-08
1706007504
+2.235144E-03,-2.239946E-08
1706007509
+2.306864E-03,-2.218106E-08
1706007514
+2.346890E-03,-2.247532E-08
1706007519
+2.262665E-03,-2.265163E-08
1706007525
+2.384421E-03,-2.344108E-08
1706007530
+2.338559E-03,-2.264706E-08
1706007535
+2.344395E-03,-2.306595E-08
1706007541
+2.431953E-03,-2.238863E-08
1706007546
+2.341062E-03,-2.215648E-08
1706007551
+2.387762E-03,-2.230736E-08
1706007556
+2.422784E-03,-2.212230E-08
1706007561
+2.391926E-03,-2.273709E-08
1706007566
+2.358563E-03,-2.180425E-08
1706007572
+2.308535E-03,-2.272875E-08
1706007577
+2.357735E-03,-2.233570E-08
1706007582
+2.319379E-03,-2.263998E-08
1706007588
+2.296858E-03,-2.265080E-08
1706007593
+2.336049E-03,-2.275583E-08
1706007598
+2.406101E-03,-2.264789E-08
1706007603
+2.410268E-03,-2.229734E-08
1706007609
+2.396925E-03,-2.283711E-08
1706007614
+2.421945E-03,-2.261370E-08
1706007619
+2.287685E-03,-2.310846E-08
1706007624
+2.260166E-03,-2.218731E-08
1706007630
+2.274347E-03,-2.316057E-08
1706007635
+2.289354E-03,-2.330395E-08
1706007640
+2.365241E-03,-2.372118E-08
1706007645
+2.342725E-03,-2.372785E-08
1706007650
+2.327718E-03,-2.291465E-08
1706007655
+2.321043E-03,-2.331187E-08
1706007660
+2.426113E-03,-2.348692E-08
1706007666
+2.401099E-03,-2.414341E-08
1706007671
+2.301027E-03,-2.341190E-08
1706007676
+2.391924E-03,-2.331937E-08
1706007682
+2.350225E-03,-2.394749E-08
1706007687
+2.296020E-03,-2.330644E-08
1706007692
+2.321876E-03,-2.380287E-08
1706007697
+2.269340E-03,-2.335313E-08
1706007703
+2.324383E-03,-2.375245E-08
1706007708
+2.369411E-03,-2.338439E-08
1706007713
+2.291025E-03,-2.339899E-08
1706007719
+2.248498E-03,-2.389833E-08
1706007724
+2.227644E-03,-2.311888E-08
1706007729
+2.235982E-03,-2.406504E-08
1706007734
+2.292687E-03,-2.327685E-08
1706007739
+2.336883E-03,-2.348484E-08
1706007745
+2.265174E-03,-2.358489E-08
1706007750
+2.246824E-03,-2.285504E-08
1706007755
+2.301033E-03,-2.401921E-08
1706007761
+2.261837E-03,-2.324143E-08
1706007766
+2.221807E-03,-2.312264E-08
1706007771
+2.261003E-03,-2.325727E-08
1706007776
+2.260166E-03,-2.332687E-08
1706007781
+2.334393E-03,-2.332397E-08
1706007787
+2.276013E-03,-2.349777E-08
1706007792
+2.214306E-03,-2.296467E-08
1706007797
+2.202631E-03,-2.262289E-08
1706007803
+2.295196E-03,-2.246117E-08
1706007808
+2.350237E-03,-2.236489E-08
1706007813
+2.242656E-03,-2.262330E-08
1706007818
+2.252664E-03,-2.270625E-08
1706007823
+2.274348E-03,-2.373828E-08
1706007828
+2.317710E-03,-2.338690E-08
1706007833
+2.278514E-03,-2.307345E-08
1706007838
+2.347727E-03,-2.299759E-08
1706007844
+2.316875E-03,-2.308262E-08
1706007849
+2.245992E-03,-2.280795E-08
1706007854
+2.330218E-03,-2.306970E-08
1706007859
+2.335221E-03,-2.366533E-08
1706007865
+2.288518E-03,-2.343274E-08
1706007870
+2.286018E-03,-2.301010E-08
1706007875
+2.345230E-03,-2.346276E-08
1706007880
+2.323547E-03,-2.305428E-08
1706007885
+2.268511E-03,-2.326644E-08
1706007891
+2.321881E-03,-2.322143E-08
1706007896
+2.296029E-03,-2.320767E-08
1706007901
+2.188455E-03,-2.309014E-08
1706007907
+2.266840E-03,-2.294008E-08
1706007912
+2.313541E-03,-2.292132E-08
1706007917
+2.273513E-03,-2.312014E-08
1706007922
+2.341056E-03,-2.312222E-08
1706007928
+2.294356E-03,-2.326393E-08
1706007933
+2.320214E-03,-2.325353E-08
1706007938
+2.381087E-03,-2.320392E-08
1706007943
+2.341057E-03,-2.328978E-08
1706007949
+2.329380E-03,-2.360905E-08
1706007954
+2.318541E-03,-2.319641E-08
1706007959
+2.248487E-03,-2.308220E-08
1706007964
+2.155090E-03,-2.335688E-08
1706007969
+2.194284E-03,-2.395208E-08
1706007974
+2.256834E-03,-2.400545E-08
1706007980
+2.246825E-03,-2.314931E-08
1706007985
+2.212634E-03,-2.371201E-08
1706007990
+2.284355E-03,-2.288090E-08
1706007996
+2.333552E-03,-2.372159E-08
1706008001
+2.284353E-03,-2.379663E-08
1706008006
+2.298526E-03,-2.353861E-08
1706008011
+2.302699E-03,-2.380663E-08
1706008016
+2.360238E-03,-2.393000E-08
1706008022
+2.346062E-03,-2.348193E-08
1706008027
+2.312704E-03,-2.431430E-08
1706008032
+2.335222E-03,-2.390291E-08
1706008037
+2.330216E-03,-2.424803E-08
1706008042
+2.266005E-03,-2.392375E-08
1706008047
+2.383591E-03,-2.417926E-08
1706008052
+2.337725E-03,-2.391334E-08
1706008057
+2.335221E-03,-2.430513E-08
1706008063
+2.345231E-03,-2.369868E-08
1706008068
+2.301867E-03,-2.422553E-08
1706008073
+2.356066E-03,-2.381162E-08
1706008078
+2.354402E-03,-2.441184E-08
1706008083
+2.199285E-03,-2.540258E-08
1706008089
+2.234311E-03,-2.459480E-08
1706008094
+2.382753E-03,-2.473069E-08
1706008099
+2.367742E-03,-2.443017E-08
1706008105
+2.280178E-03,-2.381787E-08
1706008110
+2.298526E-03,-2.470610E-08
1706008115
+2.286016E-03,-2.451520E-08
1706008120
+2.345226E-03,-2.461357E-08
1706008125
+2.400262E-03,-2.418550E-08
1706008131
+2.330220E-03,-2.482282E-08
1706008136
+2.358571E-03,-2.395418E-08
1706008141
+2.364408E-03,-2.432597E-08
1706008147
+2.327716E-03,-2.506498E-08
1706008152
+2.391094E-03,-2.462316E-08
1706008157
+2.351066E-03,-2.404463E-08
1706008162
+2.341060E-03,-2.440600E-08
1706008167
+2.310206E-03,-2.498537E-08
1706008173
+2.370249E-03,-2.475113E-08
1706008178
+2.420285E-03,-2.478573E-08
1706008183
+2.388590E-03,-2.468401E-08
1706008189
+2.360237E-03,-2.475278E-08
1706008194
+2.393595E-03,-2.552597E-08
1706008199
+2.286852E-03,-2.523545E-08
1706008204
+2.297695E-03,-2.436265E-08
1706008209
+2.260171E-03,-2.588569E-08
1706008214
+2.315207E-03,-2.488825E-08
1706008219
+2.221805E-03,-2.489283E-08
1706008224
+2.245985E-03,-2.428970E-08
1706008230
+2.235982E-03,-2.514959E-08
1706008235
+2.213466E-03,-2.508623E-08
1706008240
+2.276842E-03,-2.492158E-08
1706008245
+2.297687E-03,-2.482571E-08
1706008250
+2.256834E-03,-2.451729E-08
1706008256
+2.271841E-03,-2.564642E-08
1706008261
+2.240150E-03,-2.469776E-08
1706008266
+2.289350E-03,-2.469567E-08
1706008271
+2.256823E-03,-2.512123E-08
1706008276
+2.300194E-03,-2.477529E-08
1706008282
+2.234308E-03,-2.506329E-08
1706008287
+2.206794E-03,-2.506163E-08
1706008292
+2.262666E-03,-2.581815E-08
1706008298
+2.256828E-03,-2.534632E-08
1706008303
+2.290183E-03,-2.522460E-08
1706008308
+2.354395E-03,-2.525461E-08
1706008313
+2.239318E-03,-2.460856E-08
1706008319
+2.213466E-03,-2.539800E-08
1706008324
+2.252665E-03,-2.496245E-08
1706008329
+2.262666E-03,-2.538966E-08
1706008334
+2.221808E-03,-2.459148E-08
1706008340
+2.304364E-03,-2.618203E-08
1706008345
+2.274340E-03,-2.549345E-08
1706008350
+2.278514E-03,-2.507873E-08
1706008355
+2.250157E-03,-2.526170E-08
1706008360
+2.206795E-03,-2.482822E-08
1706008365
+2.341058E-03,-2.505622E-08
1706008370
+2.285183E-03,-2.480488E-08
1706008376
+2.258504E-03,-2.579899E-08
1706008381
+2.284351E-03,-2.539676E-08
1706008386
+2.270174E-03,-2.546053E-08
1706008392
+2.289351E-03,-2.619786E-08
1706008397
+2.358568E-03,-2.575438E-08
1706008402
+2.321875E-03,-2.596445E-08
1706008407
+2.381918E-03,-2.559682E-08
1706008412
+2.378583E-03,-2.502163E-08
1706008418
+2.251827E-03,-2.574938E-08
1706008423
+2.324381E-03,-2.538593E-08
1706008428
+2.284350E-03,-2.504330E-08
1706008433
+2.324380E-03,-2.531256E-08
1706008438
+2.307698E-03,-2.559057E-08
1706008444
+2.300199E-03,-2.515877E-08
1706008449
+2.258494E-03,-2.498952E-08
1706008454
+2.251831E-03,-2.503914E-08
1706008459
+2.262670E-03,-2.554014E-08
1706008464
+2.301030E-03,-2.518794E-08
1706008470
+2.247662E-03,-2.564352E-08
1706008475
+2.247662E-03,-2.534717E-08
1706008480
+2.235151E-03,-2.486199E-08
1706008486
+2.250161E-03,-2.586109E-08
1706008491
+2.366075E-03,-2.542677E-08
1706008496
+2.297689E-03,-2.550762E-08
1706008501
+2.267670E-03,-2.567185E-08
1706008507
+2.301028E-03,-2.557640E-08
1706008512
+2.333551E-03,-2.639544E-08
1706008517
+2.351897E-03,-2.602280E-08
1706008523
+2.261836E-03,-2.597988E-08
1706008528
+2.308534E-03,-2.615035E-08
1706008533
+2.209300E-03,-2.580982E-08
1706008538
+2.199293E-03,-2.651632E-08
1706008543
+2.286015E-03,-2.530255E-08
1706008548
+2.263499E-03,-2.622912E-08
1706008554
+2.338550E-03,-2.567726E-08
1706008559
+2.281015E-03,-2.553973E-08
1706008564
+2.284347E-03,-2.629914E-08
1706008569
+2.291022E-03,-2.558682E-08
1706008575
+2.349393E-03,-2.509790E-08
1706008580
+2.329378E-03,-2.594485E-08
1706008585
+2.337720E-03,-2.592193E-08
1706008590
+2.321037E-03,-2.618827E-08
1706008595
+2.306866E-03,-2.588151E-08
1706008600
+2.386918E-03,-2.610408E-08
1706008606
+2.344392E-03,-2.562975E-08
1706008611
+2.299357E-03,-2.579855E-08
1706008616
+2.320207E-03,-2.580856E-08
1706008621
+2.341894E-03,-2.600864E-08
1706008627
+2.244323E-03,-2.596737E-08
1706008632
+2.336892E-03,-2.569520E-08
1706008637
+2.324378E-03,-2.579773E-08
1706008642
+2.376077E-03,-2.588817E-08
1706008648
+2.383587E-03,-2.533715E-08
1706008653
+2.413608E-03,-2.639544E-08
1706008658
+2.346889E-03,-2.538216E-08
1706008663
+2.387755E-03,-2.602280E-08
1706008669
+2.359407E-03,-2.662177E-08
1706008674
+2.277683E-03,-2.619830E-08
1706008679
+2.292690E-03,-2.598029E-08
1706008684
+2.234314E-03,-2.614826E-08
1706008689
+2.269340E-03,-2.640919E-08
1706008694
+2.326882E-03,-2.549721E-08
1706008700
+2.354404E-03,-2.647381E-08
1706008705
+2.360241E-03,-2.657176E-08
1706008710
+2.281020E-03,-2.636961E-08
1706008715
+2.315204E-03,-2.691978E-08
1706008720
+2.266839E-03,-2.667845E-08
1706008725
+2.262670E-03,-2.589652E-08
1706008731
+2.306867E-03,-2.627081E-08
1706008736
+2.305199E-03,-2.598113E-08
1706008741
+2.285185E-03,-2.606824E-08
1706008746
+2.261835E-03,-2.687143E-08
1706008752
+2.326050E-03,-2.677974E-08
1706008757
+2.230987E-03,-2.637420E-08
1706008762
+2.321883E-03,-2.726659E-08
1706008767
+2.286854E-03,-2.708860E-08
1706008773
+2.276012E-03,-2.659842E-08
1706008778
+2.323546E-03,-2.633042E-08
1706008783
+2.306037E-03,-2.666888E-08
1706008788
+2.323547E-03,-2.657634E-08
1706008793
+2.326880E-03,-2.669554E-08
1706008799
+2.230983E-03,-2.674932E-08
1706008804
+2.236814E-03,-2.633332E-08
1706008809
+2.331885E-03,-2.626581E-08
1706008814
+2.326878E-03,-2.668053E-08
1706008820
+2.245990E-03,-2.661343E-08
1706008825
+2.268507E-03,-2.698314E-08
1706008830
+2.242660E-03,-2.575648E-08
1706008835
+2.301869E-03,-2.720823E-08
1706008841
+2.373582E-03,-2.623622E-08
1706008846
+2.281014E-03,-2.609700E-08
1706008851
+2.291859E-03,-2.669180E-08
1706008856
+2.322712E-03,-2.654299E-08
1706008862
+2.296862E-03,-2.713570E-08
1706008867
+2.253494E-03,-2.685892E-08
1706008872
+2.323547E-03,-2.645088E-08
1706008877
+2.287688E-03,-2.622830E-08
1706008882
+2.145924E-03,-2.637794E-08
1706008888
+2.271847E-03,-2.657384E-08
1706008893
+2.256833E-03,-2.593903E-08
1706008898
+2.307703E-03,-2.681351E-08
1706008904
+2.316043E-03,-2.645213E-08
1706008909
+2.261006E-03,-2.654883E-08
1706008914
+2.308539E-03,-2.693897E-08
1706008919
+2.352739E-03,-2.717072E-08
1706008924
+2.265173E-03,-2.637668E-08
1706008929
+2.281012E-03,-2.688268E-08
1706008934
+2.347731E-03,-2.581441E-08
1706008940
+2.256834E-03,-2.634292E-08
1706008945
+2.183451E-03,-2.678308E-08
1706008950
+2.341060E-03,-2.573813E-08
1706008955
+2.330219E-03,-2.558225E-08
1706008961
+2.346061E-03,-2.663802E-08
1706008966
+2.296026E-03,-2.669429E-08
1706008971
+2.237655E-03,-2.705317E-08
1706008976
+2.262665E-03,-2.695229E-08
1706008982
+2.255999E-03,-2.666387E-08
1706008987
+2.279348E-03,-2.594820E-08
1706008992
+2.292691E-03,-2.578773E-08
1706008997
+2.301867E-03,-2.657301E-08
1706009003
+2.290191E-03,-2.622955E-08
1706009008
+2.325213E-03,-2.574688E-08
1706009013
+2.329384E-03,-2.664720E-08
1706009018
+2.306031E-03,-2.664760E-08
1706009023
+2.281848E-03,-2.647713E-08
1706009029
+2.369412E-03,-2.682434E-08
1706009034
+2.394428E-03,-2.754792E-08
1706009039
+2.350225E-03,-2.622453E-08
1706009044
+2.420277E-03,-2.691311E-08
1706009050
+2.366078E-03,-2.728409E-08
1706009055
+2.332718E-03,-2.727282E-08
1706009060
+2.360237E-03,-2.675306E-08
1706009065
+2.395259E-03,-2.680015E-08
1706009071
+2.341053E-03,-2.697688E-08
1706009076
+2.361069E-03,-2.656174E-08
1706009081
+2.360239E-03,-2.729909E-08
1706009086
+2.411941E-03,-2.700773E-08
1706009092
+2.341061E-03,-2.667596E-08
1706009097
+2.377751E-03,-2.721531E-08
1706009102
+2.221810E-03,-2.654800E-08
1706009107
+2.225150E-03,-2.676558E-08
1706009112
+2.245159E-03,-2.675599E-08
1706009117
+2.275179E-03,-2.651340E-08
1706009123
+2.244324E-03,-2.678891E-08
1706009128
+2.291025E-03,-2.695355E-08
1706009133
+2.286022E-03,-2.711111E-08
1706009138
+2.282686E-03,-2.655633E-08
1706009144
+2.301865E-03,-2.614661E-08
1706009149
+2.386924E-03,-2.685102E-08
1706009154
+2.332715E-03,-2.723322E-08
1706009159
+2.346894E-03,-2.701815E-08
1706009165
+2.271009E-03,-2.721197E-08
1706009170
+2.339391E-03,-2.694521E-08
1706009175
+2.405266E-03,-2.705524E-08
1706009181
+2.279348E-03,-2.696355E-08
1706009186
+2.350230E-03,-2.621829E-08
1706009191
+2.344390E-03,-2.769838E-08
1706009196
+2.343556E-03,-2.701523E-08
1706009202
+2.342722E-03,-2.705316E-08
1706009207
+2.333550E-03,-2.641961E-08
1706009212
+2.371078E-03,-2.689061E-08
1706009217
+2.338554E-03,-2.694104E-08
1706009222
+2.387752E-03,-2.684558E-08
1706009228
+2.355226E-03,-2.636124E-08
1706009233
+2.335216E-03,-2.733700E-08
1706009238
+2.352726E-03,-2.666760E-08
1706009243
+2.421936E-03,-2.662674E-08
1706009248
+2.328539E-03,-2.658923E-08
1706009253
+2.336878E-03,-2.708732E-08
1706009259
+2.327709E-03,-2.712276E-08
1706009264
+2.172602E-03,-2.661467E-08
1706009269
+2.306866E-03,-2.724073E-08
1706009274
+2.298519E-03,-2.670802E-08
1706009279
+2.330214E-03,-2.694562E-08
1706009285
+2.357734E-03,-2.741579E-08
1706009290
+2.333552E-03,-2.759835E-08
1706009295
+2.340218E-03,-2.726614E-08
1706009300
+2.406935E-03,-2.758293E-08
1706009306
+2.386089E-03,-2.771506E-08
1706009311
+2.408602E-03,-2.785969E-08
1706009316
+2.319376E-03,-2.795431E-08
1706009321
+2.294353E-03,-2.785718E-08
1706009327
+2.378580E-03,-2.710859E-08
1706009332
+2.272671E-03,-2.785051E-08
1706009337
+2.227647E-03,-2.784886E-08
1706009342
+2.291022E-03,-2.799057E-08
1706009348
+2.256823E-03,-2.735491E-08
1706009353
+2.249321E-03,-2.722571E-08
1706009358
+2.266832E-03,-2.805058E-08
1706009364
+2.273501E-03,-2.723737E-08
1706009369
+2.357729E-03,-2.769045E-08
1706009374
+2.328544E-03,-2.797639E-08
1706009379
+2.357733E-03,-2.806267E-08
1706009384
+2.351894E-03,-2.775590E-08
1706009390
+2.431115E-03,-2.836944E-08
1706009395
+2.366067E-03,-2.812351E-08
1706009400
+2.323541E-03,-2.879417E-08
1706009406
+2.294356E-03,-2.835736E-08
1706009411
+2.309369E-03,-2.821274E-08
1706009416
+2.279348E-03,-2.746331E-08
1706009421
+2.259333E-03,-2.852284E-08
1706009427
+2.333554E-03,-2.764379E-08
1706009432
+2.322716E-03,-2.790472E-08
1706009437
+2.351900E-03,-2.798683E-08
1706009443
+2.311872E-03,-2.761086E-08
1706009448
+2.254324E-03,-2.815520E-08
1706009453
+2.304363E-03,-2.735743E-08
1706009458
+2.327714E-03,-2.726865E-08
1706009463
+2.261837E-03,-2.766630E-08
1706009468
+2.314375E-03,-2.836071E-08
1706009473
+2.388592E-03,-2.755626E-08
1706009478
+2.332719E-03,-2.809978E-08
1706009484
+2.325214E-03,-2.782843E-08
1706009489
+2.350229E-03,-2.778758E-08
1706009494
+2.301030E-03,-2.810186E-08
1706009499
+2.273513E-03,-2.806936E-08
1706009505
+2.264336E-03,-2.796306E-08
1706009510
+2.266837E-03,-2.849991E-08
1706009515
+2.341056E-03,-2.791763E-08
1706009520
+2.272678E-03,-2.869415E-08
1706009526
+2.297689E-03,-2.787094E-08
1706009531
+2.298528E-03,-2.849617E-08
1706009536
+2.312701E-03,-2.836403E-08
1706009541
+2.331053E-03,-2.851618E-08
1706009547
+2.313539E-03,-2.804101E-08
1706009552
+2.233486E-03,-2.788013E-08
1706009557
+2.306866E-03,-2.795264E-08
1706009562
+2.293522E-03,-2.817147E-08
1706009567
+2.317714E-03,-2.805353E-08
1706009573
+2.364412E-03,-2.791348E-08
1706009578
+2.326049E-03,-2.906345E-08
1706009583
+2.303530E-03,-2.786678E-08
1706009588
+2.355232E-03,-2.897758E-08
1706009593
+2.331053E-03,-2.847866E-08
1706009598
+2.286020E-03,-2.850659E-08
1706009604
+2.390263E-03,-2.785887E-08
1706009609
+2.366910E-03,-2.815188E-08
1706009614
+2.381923E-03,-2.832320E-08
1706009619
+2.427787E-03,-2.841906E-08
1706009624
+2.257667E-03,-2.917182E-08
1706009629
+2.319376E-03,-2.942691E-08
1706009635
+2.309370E-03,-2.970784E-08
1706009640
+2.260163E-03,-2.848490E-08
1706009645
+2.303526E-03,-2.875207E-08
1706009650
+2.317705E-03,-2.835319E-08
1706009655
+2.339388E-03,-2.878668E-08
1706009660
+2.354399E-03,-2.948025E-08
1706009666
+2.336885E-03,-2.810227E-08
1706009671
+2.356066E-03,-2.895007E-08
1706009676
+2.253495E-03,-2.934562E-08
1706009681
+2.351066E-03,-2.898259E-08
1706009686
+2.318542E-03,-2.913972E-08
1706009692
+2.361071E-03,-2.960738E-08
1706009697
+2.295193E-03,-2.901927E-08
1706009702
+2.386928E-03,-2.854494E-08
1706009707
+2.346062E-03,-2.877668E-08
1706009713
+2.332721E-03,-2.911514E-08
1706009718
+2.440296E-03,-2.979579E-08
1706009723
+2.369414E-03,-2.951069E-08
1706009728
+2.325216E-03,-2.905845E-08
1706009733
+2.327712E-03,-2.994916E-08
1706009738
+2.365241E-03,-2.911763E-08
1706009744
+2.372747E-03,-2.954528E-08
1706009749
+2.306032E-03,-3.020967E-08
1706009754
+2.382758E-03,-2.946193E-08
1706009759
+2.354401E-03,-2.990291E-08
1706009764
+2.303527E-03,-2.951609E-08
1706009770
+2.305198E-03,-2.934896E-08
1706009775
+2.356904E-03,-2.939607E-08
1706009780
+2.376917E-03,-2.962656E-08
1706009785
+2.329381E-03,-2.879001E-08
1706009790
+2.348556E-03,-3.053685E-08
1706009795
+2.369414E-03,-2.968075E-08
1706009801
+2.312708E-03,-2.955196E-08
1706009806
+2.396092E-03,-2.945315E-08
1706009811
+2.271005E-03,-3.020216E-08
1706009816
+2.280182E-03,-3.044392E-08
1706009822
+2.312706E-03,-2.992500E-08
1706009827
+2.366908E-03,-2.903135E-08
1706009832
+2.293525E-03,-2.986206E-08
1706009837
+2.263497E-03,-2.948524E-08
1706009842
+2.310201E-03,-2.953110E-08
1706009848
+2.314372E-03,-2.930478E-08
1706009853
+2.276008E-03,-2.987622E-08
1706009858
+2.238485E-03,-2.945483E-08
1706009863
+2.252667E-03,-2.972035E-08
1706009869
+2.276850E-03,-2.969326E-08
1706009874
+2.282685E-03,-2.975911E-08
1706009879
+2.293520E-03,-2.939230E-08
1706009884
+2.314371E-03,-2.984913E-08
1706009889
+2.262669E-03,-2.991457E-08
1706009894
+2.317711E-03,-2.991125E-08
1706009899
+2.343556E-03,-2.924767E-08
1706009905
+2.292690E-03,-2.959238E-08
1706009910
+2.287684E-03,-3.000043E-08
1706009915
+2.285183E-03,-2.971617E-08
1706009921
+2.372746E-03,-3.010964E-08
1706009926
+2.339388E-03,-2.960113E-08
1706009931
+2.359401E-03,-3.016966E-08
1706009936
+2.411942E-03,-3.052437E-08
1706009941
+2.415272E-03,-3.045350E-08
1706009946
+2.311870E-03,-3.004753E-08
1706009952
+2.411105E-03,-2.963364E-08
1706009957
+2.451134E-03,-2.964864E-08
1706009962
+2.406936E-03,-3.069859E-08
1706009967
+2.321045E-03,-2.987915E-08
1706009973
+2.257666E-03,-2.967241E-08
1706009978
+2.268506E-03,-3.012714E-08
1706009983
+2.241824E-03,-3.057565E-08
1706009988
+2.298527E-03,-3.001461E-08
1706009993
+2.350228E-03,-3.134673E-08
1706009999
+2.320203E-03,-3.041431E-08
1706010004
+2.324376E-03,-3.103453E-08
1706010009
+2.334387E-03,-3.010714E-08
1706010014
+2.381919E-03,-3.068526E-08
1706010020
+2.370246E-03,-3.042559E-08
1706010025
+2.351894E-03,-3.060605E-08
1706010030
+2.233478E-03,-3.022967E-08
1706010036
+2.325209E-03,-3.078986E-08
1706010041
+2.225141E-03,-3.111873E-08
1706010046
+2.306029E-03,-3.079445E-08
1706010051
+2.356068E-03,-3.049394E-08
1706010057
+2.317709E-03,-3.131673E-08
1706010062
+2.294362E-03,-3.086908E-08
1706010067
+2.368576E-03,-3.071443E-08
1706010072
+2.387761E-03,-3.104540E-08
1706010078
+2.278518E-03,-3.021427E-08
1706010083
+2.278517E-03,-3.187068E-08
1706010088
+2.421949E-03,-3.088033E-08
1706010093
+2.338561E-03,-3.129590E-08
1706010099
+2.383588E-03,-3.125712E-08
1706010104
+2.234323E-03,-3.136385E-08
1706010109
+2.286025E-03,-3.128340E-08
1706010114
+2.306034E-03,-3.167852E-08
1706010119
+2.363576E-03,-3.144469E-08
1706010125
+2.350237E-03,-3.127882E-08
1706010130
+2.354403E-03,-3.108957E-08
1706010135
+2.354402E-03,-3.116001E-08
1706010140
+2.319377E-03,-3.167685E-08
1706010145
+2.290194E-03,-3.176773E-08
1706010151
+2.338558E-03,-3.133590E-08
1706010156
+2.292688E-03,-3.094867E-08
1706010161
+2.299362E-03,-3.094993E-08
1706010166
+2.361907E-03,-3.117960E-08
1706010171
+2.311873E-03,-3.092910E-08
1706010176
+2.330217E-03,-3.073111E-08
1706010182
+2.337718E-03,-3.102411E-08
1706010187
+2.344390E-03,-3.043141E-08
1706010192
+2.286853E-03,-3.095410E-08
1706010197
+2.266003E-03,-3.022676E-08
1706010202
+2.284351E-03,-3.102913E-08
1706010207
+2.326878E-03,-3.101203E-08
1706010213
+2.335216E-03,-3.097326E-08
1706010218
+2.333548E-03,-3.121085E-08
1706010223
+2.376915E-03,-3.187067E-08
1706010229
+2.366074E-03,-3.118334E-08
1706010234
+2.305200E-03,-3.207949E-08
1706010239
+2.315207E-03,-3.068109E-08
1706010244
+2.368578E-03,-3.149137E-08
1706010249
+2.274347E-03,-3.069819E-08
1706010254
+2.239317E-03,-3.163933E-08
1706010260
+2.310206E-03,-3.102038E-08
1706010265
+2.255168E-03,-3.065776E-08
1706010270
+2.371083E-03,-3.118961E-08
1706010276
+2.334386E-03,-3.135882E-08
1706010281
+2.308535E-03,-3.071485E-08
1706010286
+2.326884E-03,-3.101955E-08
1706010291
+2.343561E-03,-3.191360E-08
1706010297
+2.306031E-03,-3.190526E-08
1706010302
+2.295191E-03,-3.262842E-08
1706010307
+2.235981E-03,-3.204780E-08
1706010312
+2.221806E-03,-3.283433E-08
1706010317
+2.376084E-03,-3.271513E-08
1706010323
+2.294354E-03,-3.197277E-08
1706010328
+2.343555E-03,-3.207447E-08
1706010333
+2.185943E-03,-3.198486E-08
1706010338
+2.232647E-03,-3.202405E-08
1706010344
+2.293527E-03,-3.285852E-08
1706010349
+2.341885E-03,-3.212782E-08
1706010354
+2.261834E-03,-3.137758E-08
1706010359
+2.281014E-03,-3.231540E-08
1706010365
+2.223474E-03,-3.195278E-08
1706010370
+2.293526E-03,-3.233125E-08
1706010375
+2.220975E-03,-3.202156E-08
1706010380
+2.244321E-03,-3.205906E-08
1706010386
+2.324385E-03,-3.230458E-08
1706010391
+2.261837E-03,-3.223163E-08
1706010396
+2.389425E-03,-3.191360E-08
1706010402
+2.420274E-03,-3.162723E-08
1706010407
+2.415280E-03,-3.196446E-08
1706010412
+2.424446E-03,-3.232915E-08
1706010417
+2.401931E-03,-3.234457E-08
1706010423
+2.416939E-03,-3.222953E-08
1706010428
+2.482821E-03,-3.241126E-08
1706010433
+2.326048E-03,-3.185025E-08
1706010439
+2.313543E-03,-3.196572E-08
1706010444
+2.360243E-03,-3.261302E-08
1706010449
+2.359407E-03,-3.309193E-08
1706010454
+2.410272E-03,-3.262259E-08
1706010460
+2.323546E-03,-3.274597E-08
