0,1.787475442E-10
-0.02,1.731936851E-10
-0.04,1.662391196E-10
-0.06,1.586098799E-10
-0.08,1.604715961E-10
-0.1,1.535359042E-10
-0.12,1.544730895E-10
-0.14,1.474560091E-10
-0.16,1.474434147E-10
-0.18,1.439456486E-10
-0.2,1.404628229E-10
-0.22,1.387316244E-10
-0.24,1.344335154E-10
-0.26,1.338499929E-10
-0.28,1.295839345E-10
-0.3,1.290529413E-10
-0.32,1.24739037E-10
-0.34,1.245908281E-10
-0.36,1.216975215E-10
-0.38,1.202483894E-10
-0.4,1.18406662E-10
-0.42,1.165014578E-10
-0.44,1.154710897E-10
-0.46,1.128362267E-10
-0.48,1.126783982E-10
-0.5,1.100505764E-10
-0.52,1.100231427E-10
-0.54,1.074142767E-10
-0.56,1.071792645E-10
-0.58,1.060286921E-10
-0.6,1.047781943E-10
-0.62,1.044629437E-10
-0.64,1.026658069E-10
-0.66,1.025087575E-10
-0.68,1.012897587E-10
-0.7,1.004507335E-10
-0.72,1.000806513E-10
-0.74,9.859060817E-11
-0.76,9.839909018E-11
-0.78,9.695732426E-11
-0.8,9.666988152E-11
-0.82,9.526340024E-11
-0.84,9.503451511E-11
-0.86,9.41715403E-11
-0.88,9.328483827E-11
-0.9,9.301311082E-11
-0.92,9.208143328E-11
-0.94,9.210741432E-11
-0.96,9.104489442E-11
-0.98,9.080557623E-11
-1,8.99427427E-11
-1.02,8.945337789E-11
-1.04,8.917068037E-11
-1.06,8.825957043E-11
-1.08,8.820616844E-11
-1.1,8.731732955E-11
-1.12,8.720785773E-11
-1.14,8.649910396E-11
-1.16,8.601990681E-11
-1.18,8.598270481E-11
-1.2,8.508873085E-11
-1.22,8.507293398E-11
-1.24,8.441604453E-11
-1.26,8.406390284E-11
-1.28,8.38510376E-11
-1.3,8.300955201E-11
-1.32,8.317399855E-11
-1.34,8.242348918E-11
-1.36,8.225690186E-11
-1.38,8.180803901E-11
-1.4,8.12718386E-11
-1.42,8.118242847E-11
-1.44,8.070060853E-11
-1.46,8.059039236E-11
-1.48,7.993386628E-11
-1.5,7.993505517E-11
-1.52,7.947105676E-11
-1.54,7.923548196E-11
-1.56,7.913835201E-11
-1.58,7.854866443E-11
-1.6,7.853206106E-11
-1.62,7.815424235E-11
-1.64,7.802667166E-11
-1.66,7.753517164E-11
-1.68,7.707671074E-11
-1.7,7.70139915E-11
-1.72,7.664129521E-11
-1.74,7.640639875E-11
-1.76,7.592259996E-11
-1.78,7.598980276E-11
-1.8,7.564265111E-11
-1.82,7.529195167E-11
-1.84,7.538682443E-11
-1.86,7.490418321E-11
-1.88,7.433400586E-11
-1.9,7.367193224E-11
-1.92,7.32724192E-11
-1.94,7.280081061E-11
-1.96,7.228020346E-11
-1.98,7.184990248E-11
-2,7.141081187E-11
-2.02,7.082871545E-11
-2.04,7.051852114E-11
-2.06,7.006243395E-11
-2.08,6.972635179E-11
-2.1,6.920832246E-11
-2.12,6.877999535E-11
-2.14,6.85856648E-11
-2.16,6.847925753E-11
-2.18,6.775742366E-11
-2.2,6.741156001E-11
-2.22,6.721335722E-11
-2.24,6.663884855E-11
-2.26,6.647615574E-11
-2.28,6.611889403E-11
-2.3,6.572672752E-11
-2.32,6.541811288E-11
-2.34,6.515885244E-11
-2.36,6.482703082E-11
-2.38,6.453050972E-11
-2.4,6.439472241E-11
-2.42,6.392265558E-11
-2.44,6.372671821E-11
-2.46,6.355775826E-11
-2.48,6.311876541E-11
-2.5,6.29752733E-11
-2.52,6.257342834E-11
-2.54,6.24679081E-11
-2.56,6.222384644E-11
-2.58,6.17560313E-11
-2.6,6.166443967E-11
-2.62,6.152713939E-11
-2.64,6.133022061E-11
-2.66,6.097734992E-11
-2.68,6.06797773E-11
-2.7,6.055907283E-11
-2.72,6.034895139E-11
-2.74,6.014219849E-11
-2.76,5.973674242E-11
-2.78,5.973385855E-11
-2.8,5.93093635E-11
-2.82,5.927241696E-11
-2.84,5.88621271E-11
-2.86,5.891610688E-11
-2.88,5.866568787E-11
-2.9,5.841593277E-11
-2.92,5.835253147E-11
-2.94,5.816679859E-11
-2.96,5.790068986E-11
-2.98,5.748711812E-11
-3,5.735277029E-11
-3.02,5.729389222E-11
-3.04,5.719234924E-11
-3.06,5.687669465E-11
-3.08,5.683712183E-11
-3.1,5.653762208E-11
-3.12,5.634367437E-11
-3.14,5.616925146E-11
-3.16,5.624237969E-11
-3.18,5.59086097E-11
-3.2,5.569064339E-11
-3.22,5.548524448E-11
-3.24,5.53059172E-11
-3.26,5.523556056E-11
-3.28,5.515996977E-11
-3.3,5.501816679E-11
-3.32,5.481207533E-11
-3.34,5.461574657E-11
-3.36,5.453434388E-11
-3.38,5.429022842E-11
-3.4,5.421973861E-11
-3.42,5.400095521E-11
-3.44,5.398645415E-11
-3.46,5.374481988E-11
-3.48,5.348168648E-11
-3.5,5.337999054E-11
-3.52,5.334680789E-11
-3.54,5.30918453E-11
-3.56,5.303026739E-11
-3.58,5.299082376E-11
-3.6,5.277187246E-11
-3.62,5.267322929E-11
-3.64,5.252910645E-11
-3.66,5.240462643E-11
-3.68,5.237759835E-11
-3.7,5.234357998E-11
-3.72,5.19409775E-11
-3.74,5.188549446E-11
-3.76,5.192741366E-11
-3.78,5.170634328E-11
-3.8,5.160319942E-11
-3.82,5.132047383E-11
-3.84,5.120323741E-11
-3.86,5.121852237E-11
-3.88,5.114243276E-11
-3.9,5.093590717E-11
-3.92,5.10269009E-11
-3.94,5.092576997E-11
-3.96,5.066432209E-11
-3.98,5.054250139E-11
-4,5.039656248E-11
